1625724833,906762058,64249210,4096
1625724833,906762058,64249218,4096
1625724833,906762058,64249226,4096
1625724833,906763131,64249234,4096
1625724833,906763131,64249242,4096
1625724833,906763131,64249250,4096
1625724833,906763131,64249258,4096
1625724833,906763131,64249266,4096
1625724833,908425983,64248122,4096
1625724833,908425983,64248130,4096
1625724833,908425983,64248138,4096
1625724833,908427056,64248146,4096
1625724833,908427056,64248154,4096
1625724833,908427056,64248162,4096
1625724833,908427056,64248170,4096
1625724833,908427056,64248178,4096
1625724833,909134493,64249394,4096
1625724833,909134493,64249402,4096
1625724833,909134493,64249410,4096
1625724833,909134493,64249418,4096
1625724833,909134493,64249426,4096
1625724833,909134493,64249434,4096
1625724833,909135566,64249442,4096
1625724833,909135566,64249450,4096
1625724833,909903119,64249522,4096
1625724833,909903119,64249530,4096
1625724833,909904192,64249538,4096
1625724833,909904192,64249546,4096
1625724833,909904192,64249554,4096
1625724833,909904192,64249562,4096
1625724833,909904192,64249570,4096
1625724833,909904192,64249578,4096
1625724833,910554733,64249458,4096
1625724833,910554733,64249466,4096
1625724833,910554733,64249474,4096
1625724833,910554733,64249482,4096
1625724833,910555807,64249490,4096
1625724833,910555807,64249498,4096
1625724833,910555807,64249506,4096
1625724833,910555807,64249514,4096
1625724833,959151005,64247978,4096
1625724833,959151005,64247986,4096
1625724833,959152078,64247994,4096
1625724833,961328063,66819674,4096
1625724833,961328063,66819682,4096
1625724833,961329136,66819690,4096
1625724833,961329136,66819698,4096
1625724833,961329136,66819706,4096
1625724833,961329136,66819714,4096
1625724833,961329136,66819722,4096
1625724833,961329136,66819730,4096
1625724833,962120306,65038987,4096
1625724833,962120306,65038995,4096
1625724833,962120306,65039003,4096
1625724833,962120306,65039011,4096
1625724833,962782655,66828173,4096
1625724833,962783729,66828181,4096
1625724833,963527664,66818170,4096
1625724833,963527664,66818178,4096
1625724833,963527664,66818186,4096
1625724833,963528738,66818194,4096
1625724833,963528738,66818202,4096
1625724833,963528738,66818210,4096
1625724833,963528738,66818218,4096
1625724833,963528738,66818226,4096
1625724833,964337083,66820642,4096
1625724833,964337083,66820650,4096
1625724833,964337083,66820658,4096
1625724833,964338157,66820666,4096
1625724833,964338157,66820674,4096
1625724833,964338157,66820682,4096
1625724833,964338157,66820690,4096
1625724833,964338157,66820698,4096
1625724833,965179781,63701170,4096
1625724833,965179781,63701178,4096
1625724833,965179781,63701186,4096
1625724833,965180854,63701194,4096
1625724833,965180854,63701202,4096
1625724833,965180854,63701210,4096
1625724833,965180854,63701218,4096
1625724833,965180854,63701226,4096
1625724833,965821734,66827005,4096
1625724833,966354190,66826957,4096
1625724833,966354190,66826965,4096
1625724833,967089537,64250210,4096
1625724833,967089537,64250218,4096
1625724833,967089537,64250226,4096
1625724833,967089537,64250234,4096
1625724833,967089537,64250242,4096
1625724833,967089537,64250250,4096
1625724833,967090611,64250258,4096
1625724833,967090611,64250266,4096
1625724833,967840987,64249298,4096
1625724833,967840987,64249306,4096
1625724833,967840987,64249314,4096
1625724833,967840987,64249322,4096
1625724833,967840987,64249330,4096
1625724833,967840987,64249338,4096
1625724833,967842061,64249346,4096
1625724833,967842061,64249354,4096
1625724833,968594584,66821162,4096
1625724833,968594584,66821170,4096
1625724833,968594584,66821178,4096
1625724833,968594584,66821186,4096
1625724833,968594584,66821194,4096
1625724833,968594584,66821202,4096
1625724833,968595658,66821210,4096
1625724833,968595658,66821218,4096
1625724833,969314903,238186907,4096
1625724833,969314903,238186915,4096
1625724833,969314903,238186923,4096
1625724833,969314903,238186931,4096
1625724833,970028780,64247186,4096
1625724833,970028780,64247194,4096
1625724833,970028780,64247202,4096
1625724834,169759599,64249274,4096
1625724834,169759599,64249282,4096
1625724834,169759599,64249290,4096
1625724834,171316174,63715506,4096
1625724834,171316174,63715514,4096
1625724834,171316174,63715522,4096
1625724834,171317248,63715530,4096
1625724834,171317248,63715538,4096
1625724834,171317248,63715546,4096
1625724834,171317248,63715554,4096
1625724834,171317248,63715562,4096
1625724834,172393968,63732837,4096
1625724834,172393968,63732845,4096
1625724834,172393968,63732853,4096
1625724834,172395042,63732861,4096
1625724834,173152933,63715442,4096
1625724834,173152933,63715450,4096
1625724834,173152933,63715458,4096
1625724834,173152933,63715466,4096
1625724834,173154006,63715474,4096
1625724834,173154006,63715482,4096
1625724834,173154006,63715490,4096
1625724834,173154006,63715498,4096
1625724834,174004218,63715578,4096
1625724834,174004218,63715586,4096
1625724834,174004218,63715594,4096
1625724834,174004218,63715602,4096
1625724834,174004218,63715610,4096
1625724834,174005292,63715618,4096
1625724834,174005292,63715626,4096
1625724834,174005292,63715634,4096
1625724834,174811490,63694074,4096
1625724834,174811490,63694082,4096
1625724834,174812564,63694090,4096
1625724834,174812564,63694098,4096
1625724834,174812564,63694106,4096
1625724834,174812564,63694114,4096
1625724834,174812564,63694122,4096
1625724834,174812564,63694130,4096
1625724834,175675658,62088002,4096
1625724834,175676731,62088010,4096
1625724834,175676731,62088018,4096
1625724834,175676731,62088026,4096
1625724834,175676731,62088034,4096
1625724834,175676731,62088042,4096
1625724834,175676731,62088050,4096
1625724834,175676731,62088058,4096
1625724834,176400270,62088170,4096
1625724834,176401344,62088178,4096
1625724834,176401344,62088186,4096
1625724834,176401344,62088194,4096
1625724834,176401344,62088202,4096
1625724834,176401344,62088210,4096
1625724834,176401344,62088218,4096
1625724834,176402417,62088226,4096
1625724834,176963858,62088106,4096
1625724834,176964931,62088114,4096
1625724834,176964931,62088122,4096
1625724834,176964931,62088130,4096
1625724834,176964931,62088138,4096
1625724834,176964931,62088146,4096
1625724834,176964931,62088154,4096
1625724834,176964931,62088162,4096
1625724834,177803335,62086874,4096
1625724834,177803335,62086882,4096
1625724834,177803335,62086890,4096
1625724834,177803335,62086898,4096
1625724834,177803335,62086906,4096
1625724834,177804408,62086914,4096
1625724834,178717957,62083666,4096
1625724834,178717957,62083674,4096
1625724834,178717957,62083682,4096
1625724834,178717957,62083690,4096
1625724834,178717957,62083698,4096
1625724834,178719030,62083706,4096
1625724834,178719030,62083714,4096
1625724834,179529523,62083850,4096
1625724834,179529523,62083858,4096
1625724834,179529523,62083866,4096
1625724834,180410866,60509057,4096
1625724834,180410866,60509065,4096
1625724834,180410866,60509073,4096
1625724834,180411940,60509081,4096
1625724834,181081804,60508889,4096
1625724834,181081804,60508897,4096
1625724834,181081804,60508905,4096
1625724834,181082877,60508913,4096
1625724834,182177847,1868298,4096
1625724834,182178921,1868306,4096
1625724834,182178921,1868314,4096
1625724834,182178921,1868322,4096
1625724834,182178921,1868330,4096
1625724834,182178921,1868338,4096
1625724834,183420960,67826994,4096
1625724834,183420960,67827002,4096
1625724834,183420960,67827010,4096
1625724834,183420960,67827018,4096
1625724834,183420960,67827026,4096
1625724834,183420960,67827034,4096
1625724834,183422034,67827042,4096
1625724834,183422034,67827050,4096
1625724834,184222865,67828290,4096
1625724834,184223938,67828298,4096
1625724834,184223938,67828306,4096
1625724834,184223938,67828314,4096
1625724834,184223938,67828322,4096
1625724834,184223938,67828330,4096
1625724834,184223938,67828338,4096
1625724834,184223938,67828346,4096
1625724834,185031210,66610466,4096
1625724834,185031210,66610474,4096
1625724834,185031210,66610482,4096
1625724834,185031210,66610490,4096
1625724834,185031210,66610498,4096
1625724834,185031210,66610506,4096
1625724834,185031210,66610514,4096
1625724834,185031210,66610522,4096
1625724834,185774072,48935072,4096
1625724834,186456818,69382992,4096
1625724834,187272678,67829951,4096
1625724834,187272678,67829959,4096
1625724834,187272678,67829967,4096
1625724834,187272678,67829975,4096
1625724834,187911411,67830071,4096
1625724834,187911411,67830079,512
1625724834,188623141,67829509,4096
1625724834,188623141,67829517,4096
1625724834,188623141,67829525,4096
1625724834,188623141,67829533,4096
1625724834,189408943,67828266,4096
1625724834,189408943,67828274,4096
1625724834,189408943,67828282,4096
1625724834,190171128,67721603,4096
1625724834,190171128,67721611,4096
1625724834,190171128,67721619,4096
1625724834,190171128,67721627,4096
1625724834,190846360,67721995,4096
1625724834,190846360,67722003,4096
1625724834,190847433,67722011,4096
1625724834,190847433,67722019,4096
1625724834,191533400,67723635,4096
1625724834,191533400,67723643,4096
1625724834,191533400,67723651,4096
1625724834,191533400,67723659,4096
1625724834,192379318,6825464,4096
1625724834,193150091,67960640,4096
1625724834,193965951,67826474,4096
1625724834,193965951,67826482,4096
1625724834,194759267,67826610,4096
1625724834,194759267,67826618,4096
1625724834,194759267,67826626,4096
1625724834,194760341,67826634,4096
1625724834,194760341,67826642,4096
1625724834,194760341,67826650,4096
1625724834,194760341,67826658,4096
1625724834,194760341,67826666,4096
1625724834,195484953,67829333,4096
1625724834,195484953,67829341,4096
1625724834,196239624,67829461,4096
1625724834,196239624,67829469,4096
1625724834,196239624,67829477,4096
1625724834,196239624,67829485,4096
1625724834,197074807,67828434,4096
1625724834,197074807,67828442,4096
1625724834,197074807,67828450,4096
1625724834,197074807,67828458,4096
1625724834,197074807,67828466,4096
1625724834,197074807,67828474,4096
1625724834,197074807,67828482,4096
1625724834,197075880,67828490,4096
1625724834,197858462,67829429,4096
1625724834,197859535,67829437,4096
1625724834,197859535,67829445,4096
1625724834,197859535,67829453,4096
1625724834,198595956,67827098,4096
1625724834,198595956,67827106,4096
1625724834,198595956,67827114,4096
1625724834,198595956,67827122,4096
1625724834,198597030,67827130,4096
1625724834,198597030,67827138,4096
1625724834,198597030,67827146,4096
1625724834,198597030,67827154,4096
1625724834,199379611,67827490,4096
1625724834,199380685,67827498,4096
1625724834,199380685,67827506,4096
1625724834,199380685,67827514,4096
1625724834,199380685,67827522,4096
1625724834,199380685,67827530,4096
1625724834,199380685,67827538,4096
1625724834,199380685,67827546,4096
1625724834,200085974,67828989,4096
1625724834,200085974,67828997,4096
1625724834,200085974,67829005,4096
1625724834,200087048,67829013,4096
1625724834,200900761,67829709,4096
1625724834,200901834,67829717,4096
1625724834,200901834,67829725,4096
1625724834,200901834,67829733,4096
1625724834,201833632,62091411,4096
1625724834,201833632,62091419,4096
1625724834,201834706,62091427,4096
1625724834,201834706,62091435,4096
1625724834,203973118,63689394,4096
1625724834,203974191,63689402,4096
1625724834,203974191,63689410,4096
1625724834,203974191,63689418,4096
1625724834,203974191,63689426,4096
1625724834,204997237,62086282,4096
1625724834,204997237,62086290,4096
1625724834,204997237,62086298,4096
1625724834,204997237,62086306,4096
1625724834,204998310,62086314,4096
1625724834,204998310,62086322,4096
1625724834,204998310,62086330,4096
1625724834,204998310,62086338,4096
1625724834,206121191,63698114,4096
1625724834,206122265,63698122,4096
1625724834,206122265,63698130,4096
1625724834,206122265,63698138,4096
1625724834,206122265,63698146,4096
1625724834,206122265,63698154,4096
1625724834,206122265,63698162,4096
1625724834,206123338,63698170,4096
1625724834,209639051,840056,4096
1625724834,209639051,840064,4096
1625724834,209639051,840072,4096
1625724834,209640124,840080,4096
1625724834,209640124,840088,4096
1625724834,209640124,840096,4096
1625724834,209640124,840104,4096
1625724834,209640124,840112,4096
1625724834,210849959,840456,4096
1625724834,210849959,840464,4096
1625724834,210849959,840472,4096
1625724834,210849959,840480,4096
1625724834,210849959,840488,4096
1625724834,210849959,840496,4096
1625724834,210849959,840504,4096
1625724834,210851032,840512,4096
1625724834,214060797,837480,4096
1625724834,214060797,837488,4096
1625724834,214060797,837496,4096
1625724834,214061871,837504,4096
1625724834,214061871,837512,4096
1625724834,214061871,837520,4096
1625724834,215155767,844664,4096
1625724834,215155767,844672,4096
1625724834,215156841,844680,4096
1625724834,215156841,844688,4096
1625724834,215156841,844696,4096
1625724834,215156841,844704,4096
1625724834,215156841,844712,4096
1625724834,215156841,844720,4096
1625724834,216792855,841312,4096
1625724834,216792855,841320,4096
1625724834,216792855,841328,4096
1625724834,216792855,841336,4096
1625724834,216793928,841344,4096
1625724834,216793928,841352,4096
1625724834,216793928,841360,4096
1625724834,216793928,841368,4096
1625724834,217770813,62085586,4096
1625724834,217770813,62085594,4096
1625724834,217770813,62085602,4096
1625724834,217771887,62085610,4096
1625724834,217771887,62085618,4096
1625724834,217771887,62085626,4096
1625724834,217771887,62085634,4096
1625724834,217771887,62085642,4096
1625724834,218515822,67829493,4096
1625724834,218515822,67829501,4096
1625724834,219202862,67827058,4096
1625724834,219202862,67827066,4096
1625724834,219203936,67827074,4096
1625724834,219203936,67827082,4096
1625724834,219203936,67827090,4096
1625724834,219975782,67828370,4096
1625724834,219975782,67828378,4096
1625724834,219975782,67828386,4096
1625724834,219976856,67828394,4096
1625724834,219976856,67828402,4096
1625724834,219976856,67828410,4096
1625724834,219976856,67828418,4096
1625724834,219976856,67828426,4096
1625724834,220674631,67829221,4096
1625724834,220674631,67829229,4096
1625724834,220674631,67829237,4096
1625724834,220674631,67829245,4096
1625724834,221460433,67827762,4096
1625724834,221460433,67827770,4096
1625724834,221460433,67827778,4096
1625724834,221461506,67827786,4096
1625724834,221461506,67827794,4096
1625724834,221461506,67827802,4096
1625724834,221461506,67827810,4096
1625724834,221461506,67827818,4096
1625724834,222243014,67960643,4096
1625724834,222243014,67960651,4096
1625724834,222243014,67960659,4096
1625724834,222243014,67960667,4096
1625724834,222921466,67962419,4096
1625724834,222921466,67962427,4096
1625724834,222922540,67962435,4096
1625724834,222922540,67962443,4096
1625724834,223663255,67966291,4096
1625724834,223663255,67966299,4096
1625724834,223663255,67966307,4096
1625724834,223663255,67966315,4096
1625724834,224449057,67828690,4096
1625724834,224449057,67828698,4096
1625724834,224449057,67828706,4096
1625724834,224449057,67828714,4096
1625724834,224449057,67828722,4096
1625724834,224449057,67828730,4096
1625724834,224450130,67828738,4096
1625724834,224450130,67828746,4096
1625724834,225174743,67962499,4096
1625724834,225174743,67962507,4096
1625724834,225174743,67962515,4096
1625724834,225174743,67962523,4096
1625724834,226114055,67826706,4096
1625724834,226115129,67826714,4096
1625724834,226115129,67826722,4096
1625724834,226115129,67826730,4096
1625724834,226115129,67826738,4096
1625724834,226115129,67826746,4096
1625724834,226115129,67826754,4096
1625724834,226115129,67826762,4096
1625724834,226745273,67828973,4096
1625724834,226746347,67828981,4096
1625724834,227499944,67826282,4096
1625724834,227501017,67826290,4096
1625724834,227501017,67826298,4096
1625724834,227501017,67826306,4096
1625724834,227501017,67826314,4096
1625724834,227501017,67826322,4096
1625724834,227501017,67826330,4096
1625724834,227501017,67826338,4096
1625724834,228132235,67826674,4096
1625724834,228132235,67826682,4096
1625724834,228133309,67826690,4096
1625724834,228133309,67826698,4096
1625724834,228949169,67827826,4096
1625724834,228949169,67827834,4096
1625724834,228949169,67827842,4096
1625724834,228949169,67827850,4096
1625724834,228949169,67827858,4096
1625724834,228949169,67827866,4096
1625724834,228949169,67827874,4096
1625724834,228950242,67827882,4096
1625724834,229766102,67827922,4096
1625724834,229766102,67827930,4096
1625724834,229766102,67827938,4096
1625724834,229767176,67827946,4096
1625724834,229767176,67827954,4096
1625724834,229767176,67827962,4096
1625724834,229767176,67827970,4096
1625724834,229767176,67827978,4096
1625724834,230634564,67826794,4096
1625724834,230634564,67826802,4096
1625724834,230635637,67826810,4096
1625724834,230635637,67826818,4096
1625724834,230635637,67826826,4096
1625724834,230635637,67826834,4096
1625724834,230635637,67826842,4096
1625724834,230635637,67826850,4096
1625724834,231799311,67826770,4096
1625724834,231799311,67826778,4096
1625724834,231799311,67826786,4096
1625724834,232582966,67826930,4096
1625724834,232582966,67826938,4096
1625724834,232582966,67826946,4096
1625724834,232584040,67826954,4096
1625724834,232584040,67826962,4096
1625724834,232584040,67826970,4096
1625724834,232584040,67826978,4096
1625724834,232584040,67826986,4096
1625724834,233308652,67826866,4096
1625724834,233308652,67826874,4096
1625724834,233309726,67826882,4096
1625724834,233309726,67826890,4096
1625724834,233309726,67826898,4096
1625724834,233309726,67826906,4096
1625724834,233309726,67826914,4096
1625724834,233309726,67826922,4096
1625724834,234130953,67828002,4096
1625724834,234130953,67828010,4096
1625724834,234130953,67828018,4096
1625724834,234132027,67828026,4096
1625724834,234132027,67828034,4096
1625724834,234132027,67828042,4096
1625724834,234132027,67828050,4096
1625724834,234132027,67828058,4096
1625724834,235048796,60508977,4096
1625724834,235048796,60508985,4096
1625724834,235048796,60508993,4096
1625724834,235048796,60509001,4096
1625724834,237507111,6825048,4096
1625724834,238261781,67336944,4096
1625724834,238883338,67336952,4096
1625724834,239464101,67336984,4096
1625724834,239464101,67336992,4096
1625724834,239465175,67337000,4096
1625724834,239465175,67337008,4096
1625724834,239465175,67337016,4096
1625724834,239465175,67337024,4096
1625724834,239465175,67337032,3072
1625724834,240197302,67336960,4096
1625724834,240197302,67336968,4096
1625724834,240197302,67336976,4096
1625724834,240985251,62083346,4096
1625724834,241798964,62084002,4096
1625724834,241798964,62084010,4096
1625724834,241798964,62084018,4096
1625724834,241798964,62084026,4096
1625724834,241798964,62084034,4096
1625724834,241798964,62084042,4096
1625724834,241798964,62084050,4096
1625724834,241800037,62084058,4096
1625724834,242649176,68422122,4096
1625724834,242649176,68422130,4096
1625724834,242649176,68422138,4096
1625724834,242649176,68422146,4096
1625724834,242649176,68422154,4096
1625724834,242649176,68422162,4096
1625724834,242649176,68422170,4096
1625724834,242650249,68422178,4096
1625724834,246628640,60777098,4096
1625724834,246628640,60777106,4096
1625724834,246628640,60777114,4096
1625724834,246629714,60777122,4096
1625724834,246629714,60777130,4096
1625724834,246629714,60777138,4096
1625724834,246629714,60777146,4096
1625724834,247457382,60777602,4096
1625724834,247457382,60777610,4096
1625724834,247457382,60777618,4096
1625724834,247457382,60777626,4096
1625724834,247457382,60777634,4096
1625724834,247458456,60777642,4096
1625724834,247458456,60777650,4096
1625724834,247458456,60777658,4096
1625724834,248121879,60778810,4096
1625724834,248121879,60778818,4096
1625724834,248121879,60778826,4096
1625724834,248121879,60778834,4096
1625724834,248798184,6825104,4096
1625724834,249473415,69006080,4096
1625724834,250219498,69006083,4096
1625724834,250220571,69006091,4096
1625724834,250220571,69006099,4096
1625724834,250220571,69006107,4096
1625724834,250783085,69006115,4096
1625724834,250783085,69006123,512
1625724834,251636518,60778146,4096
1625724834,251636518,60778154,4096
1625724834,251637591,60778162,4096
1625724834,251637591,60778170,4096
1625724834,251637591,60778178,4096
1625724834,251637591,60778186,4096
1625724834,251637591,60778194,4096
1625724834,251637591,60778202,4096
1625724834,252441643,60777882,4096
1625724834,252442716,60777890,4096
1625724834,252442716,60777898,4096
1625724834,252442716,60777906,4096
1625724834,252442716,60777914,4096
1625724834,252442716,60777922,4096
1625724834,252442716,60777930,4096
1625724834,252442716,60777938,4096
1625724834,253234959,60777946,4096
1625724834,253236033,60777954,4096
1625724834,253236033,60777962,4096
1625724834,253236033,60777970,4096
1625724834,253236033,60777978,4096
1625724834,253236033,60777986,4096
1625724834,253236033,60777994,4096
1625724834,254040084,60778250,4096
1625724834,254040084,60778258,4096
1625724834,254040084,60778266,4096
1625724834,254041158,60778274,4096
1625724834,254041158,60778282,4096
1625724834,254041158,60778290,4096
1625724834,254041158,60778298,4096
1625724834,254041158,60778306,4096
1625724834,254836621,60777346,4096
1625724834,254836621,60777354,4096
1625724834,254836621,60777362,4096
1625724834,254836621,60777370,4096
1625724834,254836621,60777378,4096
1625724834,254836621,60777386,4096
1625724834,254836621,60777394,4096
1625724834,254837695,60777402,4096
1625724834,255589145,60778066,4096
1625724834,255589145,60778074,4096
1625724834,256478003,60777866,4096
1625724834,256479076,60777874,4096
1625724834,257102780,60778362,4096
1625724834,257102780,60778370,4096
1625724834,257102780,60778378,4096
1625724834,257103853,60778386,4096
1625724834,257103853,60778394,4096
1625724834,257103853,60778402,4096
1625724834,257103853,60778410,4096
1625724834,257103853,60778418,4096
1625724834,257775864,48979248,4096
1625724834,259414025,961120,512
1625724834,260374808,60776842,4096
1625724834,260375881,60776850,4096
1625724834,260375881,60776858,4096
1625724834,260375881,60776866,4096
1625724834,260375881,60776874,4096
1625724834,261236828,60777026,4096
1625724834,261924942,60777466,4096
1625724834,261926015,60777474,4096
1625724834,261926015,60777482,4096
1625724834,261926015,60777490,4096
1625724834,261926015,60777498,4096
1625724834,261926015,60777506,4096
1625724834,261926015,60777514,4096
1625724834,261926015,60777522,4096
1625724834,262520734,60778698,4096
1625724834,262520734,60778706,4096
1625724834,262521808,60778714,4096
1625724834,262521808,60778722,4096
1625724834,263407445,60779728,4096
1625724834,263407445,60779736,4096
1625724834,263407445,60779744,4096
1625724834,263408519,60779752,4096
1625724834,263408519,60779760,4096
1625724834,263408519,60779768,4096
1625724834,263408519,60779776,4096
1625724834,263408519,60779784,4096
1625724834,264125617,60779688,4096
1625724834,264125617,60779696,4096
1625724834,264125617,60779704,4096
1625724834,264125617,60779712,4096
1625724834,264125617,60779720,4096
1625724834,264908198,60779792,4096
1625724834,264908198,60779800,4096
1625724834,264908198,60779808,4096
1625724834,264908198,60779816,4096
1625724834,264909272,60779824,4096
1625724834,264909272,60779832,4096
1625724834,264909272,60779840,4096
1625724834,264909272,60779848,4096
1625724834,265728352,60779856,4096
1625724834,265729426,60779864,4096
1625724834,265729426,60779872,4096
1625724834,265729426,60779880,4096
1625724834,265729426,60779888,4096
1625724834,265729426,60779896,4096
1625724834,265729426,60779904,4096
1625724834,265729426,60779912,4096
1625724834,266581785,60778314,4096
1625724834,266581785,60778322,4096
1625724834,266581785,60778330,4096
1625724834,266581785,60778338,4096
1625724834,266581785,60778346,4096
1625724834,266581785,60778354,4096
1625724834,267556523,60777410,4096
1625724834,267557596,60777418,4096
1625724834,267557596,60777426,4096
1625724834,267557596,60777434,4096
1625724834,267557596,60777442,4096
1625724834,267557596,60777450,4096
1625724834,267557596,60777458,4096
1625724834,268234975,60778666,4096
1625724834,268234975,60778674,4096
1625724834,268234975,60778682,4096
1625724834,268234975,60778690,4096
1625724834,269103436,66648122,4096
1625724834,269104510,66648130,4096
1625724834,269104510,66648138,4096
1625724834,269104510,66648146,4096
1625724834,269104510,66648154,4096
1625724834,269104510,66648162,4096
1625724834,269104510,66648170,4096
1625724834,269104510,66648178,4096
1625724834,269957942,60777538,4096
1625724834,269959016,60777546,4096
1625724834,269959016,60777554,4096
1625724834,269959016,60777562,4096
1625724834,269959016,60777570,4096
1625724834,269959016,60777578,4096
1625724834,269959016,60777586,4096
1625724834,269959016,60777594,4096
1625724834,270838212,66648002,4096
1625724834,270838212,66648010,4096
1625724834,270838212,66648018,4096
1625724834,270838212,66648026,4096
1625724834,270839286,66648034,4096
1625724834,270839286,66648042,4096
1625724834,271694865,66648434,4096
1625724834,271694865,66648442,4096
1625724834,271695939,66648450,4096
1625724834,271695939,66648458,4096
1625724834,271695939,66648466,4096
1625724834,271695939,66648474,4096
1625724834,271695939,66648482,4096
1625724834,271695939,66648490,4096
1625724834,272751189,60778210,4096
1625724834,272751189,60778218,4096
1625724834,272752263,60778226,4096
1625724834,272752263,60778234,4096
1625724834,272752263,60778242,4096
1625724834,275257812,66680728,4096
1625724834,275257812,66680736,4096
1625724834,275257812,66680744,4096
1625724834,275257812,66680752,4096
1625724834,275258885,66680760,4096
1625724834,275258885,66680768,4096
1625724834,275258885,66680776,4096
1625724834,275258885,66680784,4096
1625724834,275919088,66680792,4096
1625724834,275919088,66680800,4096
1625724834,275919088,66680808,4096
1625724834,275919088,66680816,4096
1625724834,275919088,66680824,512
1625724834,280198059,62087066,4096
1625724834,280198059,62087074,4096
1625724834,280198059,62087082,4096
1625724834,280198059,62087090,4096
1625724834,280198059,62087098,4096
1625724834,280198059,62087106,4096
1625724834,280199132,62087114,4096
1625724834,280199132,62087122,4096
1625724834,280797072,62087050,4096
1625724834,280798145,62087058,4096
1625724834,281571065,62090170,4096
1625724834,281571065,62090178,4096
1625724834,281571065,62090186,4096
1625724834,281572139,62090194,4096
1625724834,281572139,62090202,4096
1625724834,281572139,62090210,4096
1625724834,281572139,62090218,4096
1625724834,281572139,62090226,4096
1625724834,282324662,62085554,4096
1625724834,282324662,62085562,4096
1625724834,282324662,62085570,4096
1625724834,282324662,62085578,4096
1625724834,283206006,62088674,4096
1625724834,283206006,62088682,4096
1625724834,283206006,62088690,4096
1625724834,283206006,62088698,4096
1625724834,283207079,62088706,4096
1625724834,283207079,62088714,4096
1625724834,283207079,62088722,4096
1625724834,283207079,62088730,4096
1625724834,284016498,62089410,4096
1625724834,284016498,62089418,4096
1625724834,284016498,62089426,4096
1625724834,284016498,62089434,4096
1625724834,284016498,62089442,4096
1625724834,284016498,62089450,4096
1625724834,284016498,62089458,4096
1625724834,284017572,62089466,4096
1625724834,284831285,62089794,4096
1625724834,284831285,62089802,4096
1625724834,284831285,62089810,4096
1625724834,284831285,62089818,4096
1625724834,284831285,62089826,4096
1625724834,284832358,62089834,4096
1625724834,284832358,62089842,4096
1625724834,284832358,62089850,4096
1625724834,285549456,62086602,4096
1625724834,286345993,63707706,4096
1625724834,286345993,63707714,4096
1625724834,286345993,63707722,4096
1625724834,286345993,63707730,4096
1625724834,286345993,63707738,4096
1625724834,286347067,63707746,4096
1625724834,286347067,63707754,4096
1625724834,286347067,63707762,4096
1625724834,287111399,63689786,4096
1625724834,287111399,63689794,4096
1625724834,287111399,63689802,4096
1625724834,287111399,63689810,4096
1625724834,287111399,63689818,4096
1625724834,287111399,63689826,4096
1625724834,287111399,63689834,4096
1625724834,287112472,63689842,4096
1625724834,287904715,63695818,4096
1625724834,287905789,63695826,4096
1625724834,287905789,63695834,4096
1625724834,287905789,63695842,4096
1625724834,287905789,63695850,4096
1625724834,287905789,63695858,4096
1625724834,287905789,63695866,4096
1625724834,287905789,63695874,4096
1625724834,288675488,68181776,4096
1625724834,288675488,68181784,4096
1625724834,288675488,68181792,4096
1625724834,288675488,68181800,4096
1625724834,288675488,68181808,4096
1625724834,288675488,68181816,4096
1625724834,288675488,68181824,4096
1625724834,288676562,68181832,4096
1625724834,289475246,63687402,4096
1625724834,289475246,63687410,4096
1625724834,289476319,63687418,4096
1625724834,289476319,63687426,4096
1625724834,289476319,63687434,4096
1625724834,289476319,63687442,4096
1625724834,289476319,63687450,4096
1625724834,289476319,63687458,4096
1625724834,290256754,63691994,4096
1625724834,290256754,63692002,4096
1625724834,290256754,63692010,4096
1625724834,290256754,63692018,4096
1625724834,290256754,63692026,4096
1625724834,290256754,63692034,4096
1625724834,290256754,63692042,4096
1625724834,290256754,63692050,4096
1625724834,291484838,63701426,4096
1625724834,291484838,63701434,4096
1625724834,291484838,63701442,4096
1625724834,291484838,63701450,4096
1625724834,291484838,63701458,4096
1625724834,291485911,63701466,4096
1625724834,291485911,63701474,4096
1625724834,292286742,63696074,4096
1625724834,292287816,63696082,4096
1625724834,292287816,63696090,4096
1625724834,292287816,63696098,4096
1625724834,292287816,63696106,4096
1625724834,292287816,63696114,4096
1625724834,292287816,63696122,4096
1625724834,292287816,63696130,4096
1625724834,293106896,63696042,4096
1625724834,293106896,63696050,4096
1625724834,293106896,63696058,4096
1625724834,293107970,63696066,4096
1625724834,293873375,66606370,4096
1625724834,293873375,66606378,4096
1625724834,293873375,66606386,4096
1625724834,293873375,66606394,4096
1625724834,293874449,66606402,4096
1625724834,293874449,66606410,4096
1625724834,293874449,66606418,4096
1625724834,293874449,66606426,4096
1625724834,295000550,66606354,4096
1625724834,295000550,66606362,4096
1625724834,295758441,1317098,4096
1625724834,295758441,1317106,4096
1625724834,295758441,1317114,4096
1625724834,295759515,1317122,4096
1625724834,295759515,1317130,4096
1625724834,296652667,66608434,4096
1625724834,296653740,66608442,4096
1625724834,296653740,66608450,4096
1625724834,296653740,66608458,4096
1625724834,296653740,66608466,4096
1625724834,296653740,66608474,4096
1625724834,296653740,66608482,4096
1625724834,296653740,66608490,4096
1625724834,297516834,66617194,4096
1625724834,297516834,66617202,4096
1625724834,297516834,66617210,4096
1625724834,297517908,66617218,4096
1625724834,297517908,66617226,4096
1625724834,297517908,66617234,4096
1625724834,297517908,66617242,4096
1625724834,297517908,66617250,4096
1625724834,298356311,63719778,4096
1625724834,298356311,63719786,4096
1625724834,298357385,63719794,4096
1625724834,298357385,63719802,4096
1625724834,298357385,63719810,4096
1625724834,298357385,63719818,4096
1625724834,298357385,63719826,4096
1625724834,298357385,63719834,4096
1625724834,299087365,63733237,4096
1625724834,299088438,63733245,4096
1625724834,299088438,63733253,4096
1625724834,299088438,63733261,4096
1625724834,299949385,66606130,4096
1625724834,299950459,66606138,4096
1625724834,299950459,66606146,4096
1625724834,299950459,66606154,4096
1625724834,299950459,66606162,4096
1625724834,299950459,66606170,4096
1625724834,299950459,66606178,4096
1625724834,299951532,66606186,4096
1625724834,300727673,64249074,4096
1625724834,300727673,64249082,4096
1625724834,300727673,64249090,4096
1625724834,300727673,64249098,4096
1625724834,300727673,64249106,4096
1625724834,300727673,64249114,4096
1625724834,300727673,64249122,4096
1625724834,300728746,64249130,4096
1625724834,302725456,66605834,4096
1625724834,302725456,66605842,4096
1625724834,302725456,66605850,4096
1625724834,302725456,66605858,4096
1625724834,302725456,66605866,4096
1625724834,302725456,66605874,4096
1625724834,302726530,66605882,4096
1625724834,302726530,66605890,4096
1625724834,303772119,64247514,4096
1625724834,303773192,64247522,4096
1625724834,304683520,66795626,4096
1625724834,304684594,66795634,4096
1625724834,304684594,66795642,4096
1625724834,304684594,66795650,4096
1625724834,304684594,66795658,4096
1625724834,304684594,66795666,4096
1625724834,304684594,66795674,4096
1625724834,304684594,66795682,4096
1625724834,305465028,63700186,4096
1625724834,305466102,63700194,4096
1625724834,305466102,63700202,4096
1625724834,305466102,63700210,4096
1625724834,305466102,63700218,4096
1625724834,305466102,63700226,4096
1625724834,305466102,63700234,4096
1625724834,305466102,63700242,4096
1625724834,306245463,63691874,4096
1625724834,306245463,63691882,4096
1625724834,306245463,63691890,4096
1625724834,306245463,63691898,4096
1625724834,306245463,63691906,4096
1625724834,306245463,63691914,4096
1625724834,306246536,63691922,4096
1625724834,306246536,63691930,4096
1625724834,307462812,66610162,4096
1625724834,307462812,66610170,4096
1625724834,307462812,66610178,4096
1625724834,307462812,66610186,4096
1625724834,307462812,66610194,4096
1625724834,307462812,66610202,4096
1625724834,307463885,66610210,4096
1625724834,307463885,66610218,4096
1625724834,308306583,66606986,4096
1625724834,308306583,66606994,4096
1625724834,308306583,66607002,4096
1625724834,308306583,66607010,4096
1625724834,308307656,66607018,4096
1625724834,308307656,66607026,4096
1625724834,308307656,66607034,4096
1625724834,308307656,66607042,4096
1625724834,309119222,66608506,4096
1625724834,309119222,66608514,4096
1625724834,309120296,66608522,4096
1625724834,309120296,66608530,4096
1625724834,309120296,66608538,4096
1625724834,309120296,66608546,4096
1625724834,309120296,66608554,4096
1625724834,309120296,66608562,4096
1625724834,309912539,66610098,4096
1625724834,309912539,66610106,4096
1625724834,309913612,66610114,4096
1625724834,309913612,66610122,4096
1625724834,309913612,66610130,4096
1625724834,309913612,66610138,4096
1625724834,309913612,66610146,4096
1625724834,309913612,66610154,4096
1625724834,310959201,62089730,4096
1625724834,310959201,62089738,4096
1625724834,310959201,62089746,4096
1625724834,310960275,62089754,4096
1625724834,310960275,62089762,4096
1625724834,310960275,62089770,4096
1625724834,310960275,62089778,4096
1625724834,310960275,62089786,4096
1625724834,311760032,62089346,4096
1625724834,311761106,62089354,4096
1625724834,311761106,62089362,4096
1625724834,311761106,62089370,4096
1625724834,311761106,62089378,4096
1625724834,311761106,62089386,4096
1625724834,311761106,62089394,4096
1625724834,311761106,62089402,4096
1625724834,312588774,63715402,4096
1625724834,312589848,63715410,4096
1625724834,312589848,63715418,4096
1625724834,312589848,63715426,4096
1625724834,312589848,63715434,4096
1625724834,313406781,63709714,4096
1625724834,313406781,63709722,4096
1625724834,313406781,63709730,4096
1625724834,313407855,63709738,4096
1625724834,313407855,63709746,4096
1625724834,313407855,63709754,4096
1625724834,313407855,63709762,4096
1625724834,313407855,63709770,4096
1625724834,314217274,63697274,4096
1625724834,314217274,63697282,4096
1625724834,314217274,63697290,4096
1625724834,314217274,63697298,4096
1625724834,314217274,63697306,4096
1625724834,314217274,63697314,4096
1625724834,314217274,63697322,4096
1625724834,314218347,63697330,4096
1625724834,314991267,63709418,4096
1625724834,314991267,63709426,4096
1625724834,314991267,63709434,4096
1625724834,314991267,63709442,4096
1625724834,314991267,63709450,4096
1625724834,314991267,63709458,4096
1625724834,314991267,63709466,4096
1625724834,314992341,63709474,4096
1625724834,317024476,64248858,4096
1625724834,317025550,64248866,4096
1625724834,317025550,64248874,4096
1625724834,317025550,64248882,4096
1625724834,317025550,64248890,4096
1625724834,317025550,64248898,4096
1625724834,317025550,64248906,4096
1625724834,317025550,64248914,4096
1625724834,320102201,66609970,4096
1625724834,320103274,66609978,4096
1625724834,320103274,66609986,4096
1625724834,320103274,66609994,4096
1625724834,320103274,66610002,4096
1625724834,320103274,66610010,4096
1625724834,320103274,66610018,4096
1625724834,320103274,66610026,4096
1625724834,323182481,64250274,4096
1625724834,323182481,64250282,4096
1625724834,323182481,64250290,4096
1625724834,323182481,64250298,4096
1625724834,323182481,64250306,4096
1625724834,323182481,64250314,4096
1625724834,323183554,64250322,4096
1625724834,324098176,64249610,4096
1625724834,324098176,64249618,4096
1625724834,324098176,64249626,4096
1625724834,324098176,64249634,4096
1625724834,324098176,64249642,4096
1625724834,324099250,64249650,4096
1625724834,324099250,64249658,4096
1625724834,324099250,64249666,4096
1625724834,324970932,64248186,4096
1625724834,324972005,64248194,4096
1625724834,324972005,64248202,4096
1625724834,324972005,64248210,4096
1625724834,324972005,64248218,4096
1625724834,324972005,64248226,4096
1625724834,324972005,64248234,4096
1625724834,324973079,64248242,4096
1625724834,329649910,63707170,4096
1625724834,329649910,63707178,4096
1625724834,329649910,63707186,4096
1625724834,329649910,63707194,4096
1625724834,329649910,63707202,4096
1625724834,329650983,63707210,4096
1625724834,329650983,63707218,4096
1625724834,329650983,63707226,4096
1625724834,330497975,63709650,4096
1625724834,330497975,63709658,4096
1625724834,330497975,63709666,4096
1625724834,330497975,63709674,4096
1625724834,330497975,63709682,4096
1625724834,330497975,63709690,4096
1625724834,330497975,63709698,4096
1625724834,330499048,63709706,4096
1625724834,331372877,63706538,4096
1625724834,331372877,63706546,4096
1625724834,331372877,63706554,4096
1625724834,331372877,63706562,4096
1625724834,331372877,63706570,4096
1625724834,331373951,63706578,4096
1625724834,331373951,63706586,4096
1625724834,331373951,63706594,4096
1625724834,332159753,63708378,4096
1625724834,332159753,63708386,4096
1625724834,332159753,63708394,4096
1625724834,332159753,63708402,4096
1625724834,332159753,63708410,4096
1625724834,332159753,63708418,4096
1625724834,332160826,63708426,4096
1625724834,332160826,63708434,4096
1625724834,332910129,68183032,4096
1625724834,334833841,63700122,4096
1625724834,334834915,63700130,4096
1625724834,334834915,63700138,4096
1625724834,334834915,63700146,4096
1625724834,334834915,63700154,4096
1625724834,334834915,63700162,4096
1625724834,334835988,63700170,4096
1625724834,334835988,63700178,4096
1625724834,335817167,66818610,4096
1625724834,335817167,66818618,4096
1625724834,335817167,66818626,4096
1625724834,335818241,66818634,4096
1625724834,335818241,66818642,4096
1625724834,336754333,66610618,4096
1625724834,336754333,66610626,4096
1625724834,336754333,66610634,4096
1625724834,336754333,66610642,4096
1625724834,336755406,66610650,4096
1625724834,336755406,66610658,4096
1625724834,336755406,66610666,4096
1625724834,336755406,66610674,4096
1625724834,342296813,66648530,4096
1625724834,342296813,66648538,4096
1625724834,342296813,66648546,4096
1625724834,342296813,66648554,4096
1625724834,342296813,66648562,4096
1625724834,342296813,66648570,4096
1625724834,342297887,66648578,4096
1625724834,342297887,66648586,4096
1625724834,343164201,66649914,4096
1625724834,343164201,66649922,4096
1625724834,343164201,66649930,4096
1625724834,343164201,66649938,4096
1625724834,343164201,66649946,4096
1625724834,343165275,66649954,4096
1625724834,343165275,66649962,4096
1625724834,343165275,66649970,4096
1625724834,343736377,66650873,4096
1625724834,343736377,66650881,4096
1625724834,343736377,66650889,4096
1625724834,343737450,66650897,4096
1625724834,344583368,66648962,4096
1625724834,344583368,66648970,4096
1625724834,344583368,66648978,4096
1625724834,344583368,66648986,4096
1625724834,344583368,66648994,4096
1625724834,344584442,66649002,4096
1625724834,344584442,66649010,4096
1625724834,344584442,66649018,4096
1625724834,351428004,66608498,4096
1625724834,352281437,64249050,4096
1625724834,352281437,64249058,4096
1625724834,352282510,64249066,4096
1625724834,354240574,66610034,4096
1625724834,354240574,66610042,4096
1625724834,354240574,66610050,4096
1625724834,354240574,66610058,4096
1625724834,354240574,66610066,4096
1625724834,354240574,66610074,4096
1625724834,354241648,66610082,4096
1625724834,354241648,66610090,4096
1625724834,355016715,67580674,4096
1625724834,355016715,67580682,4096
1625724834,355016715,67580690,4096
1625724834,355016715,67580698,4096
1625724834,355016715,67580706,4096
1625724834,355016715,67580714,4096
1625724834,355016715,67580722,4096
1625724834,355016715,67580730,4096
1625724834,359459931,66608426,4096
1625724834,374039135,63691938,4096
1625724834,374040208,63691946,4096
1625724834,374040208,63691954,4096
1625724834,374040208,63691962,4096
1625724834,374040208,63691970,4096
1625724834,374040208,63691978,4096
1625724834,374040208,63691986,4096
1625724834,374845333,69382995,4096
1625724834,374846407,69383003,4096
1625724834,374846407,69383011,4096
1625724834,374846407,69383019,4096
1625724834,375572093,69383035,4096
1625724834,375573166,69383043,4096
1625724834,375573166,69383051,4096
1625724834,375573166,69383059,4096
1625724834,376118504,69383027,4096
1625724834,376838823,69384795,4096
1625724834,376838823,69384803,4096
1625724834,376839896,69384811,4096
1625724834,376839896,69384819,4096
1625724834,381308877,63700378,4096
1625724834,381308877,63700386,4096
1625724834,381308877,63700394,4096
1625724834,422049275,63708834,4096
1625724834,422049275,63708842,4096
1625724834,422049275,63708850,4096
1625724834,422049275,63708858,4096
1625724834,422049275,63708866,4096
1625724834,422050349,63708874,4096
1625724834,422050349,63708882,4096
1625724834,422050349,63708890,4096
1625724834,422785696,63746608,4096
1625724834,422785696,63746616,4096
1625724834,422785696,63746624,4096
1625724834,422785696,63746632,4096
1625724834,423434090,63746576,4096
1625724834,423434090,63746584,4096
1625724834,423434090,63746592,4096
1625724834,423434090,63746600,4096
1625724834,424365888,63688618,4096
1625724834,424365888,63688626,4096
1625724834,424365888,63688634,4096
1625724834,424365888,63688642,4096
1625724834,424365888,63688650,4096
1625724834,424366962,63688658,4096
1625724834,424366962,63688666,4096
1625724834,424366962,63688674,4096
1625724834,425160278,69514722,4096
1625724834,425161352,69514730,4096
1625724834,425161352,69514738,4096
1625724834,425161352,69514746,4096
1625724834,425161352,69514754,4096
1625724834,425161352,69514762,4096
1625724834,425161352,69514770,4096
1625724834,425162425,69514778,4096
1625724834,559419038,66821282,4096
1625724834,559420111,66821290,4096
1625724834,559420111,66821298,4096
1625724834,559420111,66821306,4096
1625724834,559420111,66821314,4096
1625724834,559420111,66821322,4096
1625724834,559420111,66821330,4096
1625724834,559421185,66821338,4096
1625724834,560292867,66825938,4096
1625724834,560293940,66825946,4096
1625724834,560293940,66825954,4096
1625724834,560293940,66825962,4096
1625724834,560293940,66825970,4096
1625724834,560293940,66825978,4096
1625724834,560293940,66825986,4096
1625724834,560293940,66825994,4096
1625724834,561115168,66820706,4096
1625724834,561116241,66820714,4096
1625724834,561116241,66820722,4096
1625724834,561116241,66820730,4096
1625724834,561116241,66820738,4096
1625724834,561116241,66820746,4096
1625724834,561116241,66820754,4096
1625724834,561116241,66820762,4096
1625724834,561865544,66607706,4096
1625724834,561865544,66607714,4096
1625724834,561865544,66607722,4096
1625724834,561866618,66607730,4096
1625724834,561866618,66607738,4096
1625724834,561866618,66607746,4096
1625724834,561866618,66607754,4096
1625724834,561866618,66607762,4096
1625724834,562636317,66605106,4096
1625724834,562637391,66605114,4096
1625724834,562637391,66605122,4096
1625724834,562637391,66605130,4096
1625724834,562637391,66605138,4096
1625724834,562637391,66605146,4096
1625724834,562637391,66605154,4096
1625724834,562637391,66605162,4096
1625724834,563364150,64247274,4096
1625724834,563364150,64247282,4096
1625724834,563364150,64247290,4096
1625724834,563365224,64247298,4096
1625724834,564231538,64248066,4096
1625724834,564231538,64248074,4096
1625724834,564232612,64248082,4096
1625724834,564232612,64248090,4096
1625724834,564232612,64248098,4096
1625724834,564232612,64248106,4096
1625724834,564232612,64248114,4096
1625724834,566751043,66817578,4096
1625724834,566751043,66817586,4096
1625724834,566751043,66817594,4096
1625724834,566751043,66817602,4096
1625724834,566751043,66817610,4096
1625724834,566751043,66817618,4096
1625724834,566751043,66817626,4096
1625724834,567511081,63748784,4096
1625724834,567511081,63748792,4096
1625724834,567511081,63748800,4096
1625724834,567511081,63748808,4096
1625724834,568436438,63719666,4096
1625724834,568436438,63719674,4096
1625724834,568436438,63719682,4096
1625724834,568436438,63719690,4096
1625724834,568436438,63719698,4096
1625724834,568436438,63719706,4096
1625724834,568437511,63719714,4096
1625724834,568437511,63719722,4096
1625724834,569280209,63707842,4096
1625724834,569280209,63707850,4096
1625724834,569281282,63707858,4096
1625724834,569281282,63707866,4096
1625724834,569281282,63707874,4096
1625724834,569281282,63707882,4096
1625724834,569281282,63707890,4096
1625724834,569281282,63707898,4096
1625724834,570198051,63690922,4096
1625724834,570198051,63690930,4096
1625724834,570198051,63690938,4096
1625724834,570199125,63690946,4096
1625724834,570199125,63690954,4096
1625724834,570199125,63690962,4096
1625724834,570199125,63690970,4096
1625724834,570199125,63690978,4096
1625724834,571022499,66606050,4096
1625724834,571022499,66606058,4096
1625724834,571022499,66606066,4096
1625724834,571022499,66606074,4096
1625724834,571022499,66606082,4096
1625724834,571023573,66606090,4096
1625724834,571023573,66606098,4096
1625724834,571023573,66606106,4096
1625724834,571728862,66637902,4096
1625724834,571729936,66637910,4096
1625724834,571729936,66637918,4096
1625724834,571729936,66637926,4096
1625724834,572520032,66610274,4096
1625724834,572520032,66610282,4096
1625724834,572520032,66610290,4096
1625724834,572520032,66610298,4096
1625724834,572520032,66610306,4096
1625724834,572520032,66610314,4096
1625724834,572521105,66610322,4096
1625724834,572521105,66610330,4096
1625724834,573277923,66626546,4096
1625724834,573277923,66626554,4096
1625724834,573277923,66626562,4096
1625724834,573277923,66626570,4096
1625724834,573278996,66626578,4096
1625724834,573278996,66626586,4096
1625724834,573278996,66626594,4096
1625724834,573278996,66626602,4096
1625724834,574147458,66627250,4096
1625724834,574147458,66627258,4096
1625724834,574148531,66627266,4096
1625724834,574148531,66627274,4096
1625724834,574148531,66627282,4096
1625724834,574148531,66627290,4096
1625724834,574148531,66627298,4096
1625724834,574148531,66627306,4096
1625724834,574795852,66637734,4096
1625724834,574795852,66637742,4096
1625724834,574795852,66637750,4096
1625724834,574796925,66637758,4096
1625724834,575704033,63694138,4096
1625724834,575704033,63694146,4096
1625724834,575704033,63694154,4096
1625724834,575704033,63694162,4096
1625724834,575704033,63694170,4096
1625724834,575704033,63694178,4096
1625724834,575705106,63694186,4096
1625724834,575705106,63694194,4096
1625724834,576507011,63715778,4096
1625724834,576508084,63715786,4096
1625724834,576508084,63715794,4096
1625724834,576508084,63715802,4096
1625724834,576508084,63715810,4096
1625724834,576508084,63715818,4096
1625724834,576508084,63715826,4096
1625724834,576508084,63715834,4096
1625724834,577366884,63716834,4096
1625724834,577366884,63716842,4096
1625724834,577367958,63716850,4096
1625724834,577367958,63716858,4096
1625724834,577367958,63716866,4096
1625724834,577367958,63716874,4096
1625724834,577367958,63716882,4096
1625724834,577367958,63716890,4096
1625724834,578219243,63716106,4096
1625724834,578219243,63716114,4096
1625724834,578220317,63716122,4096
1625724834,578220317,63716130,4096
1625724834,578220317,63716138,4096
1625724834,578220317,63716146,4096
1625724834,578220317,63716154,4096
1625724834,578220317,63716162,4096
1625724834,578923459,63739379,4096
1625724834,578923459,63739387,4096
1625724834,578923459,63739395,4096
1625724834,578923459,63739403,4096
1625724834,579754348,63712706,4096
1625724834,579754348,63712714,4096
1625724834,579754348,63712722,4096
1625724834,579755422,63712730,4096
1625724834,579755422,63712738,4096
1625724834,579755422,63712746,4096
1625724834,579755422,63712754,4096
1625724834,579755422,63712762,4096
1625724834,580515460,63733181,4096
1625724834,580515460,63733189,4096
1625724834,580515460,63733197,4096
1625724834,580515460,63733205,4096
1625724834,581387142,63701298,4096
1625724834,581387142,63701306,4096
1625724834,581387142,63701314,4096
1625724834,581387142,63701322,4096
1625724834,581387142,63701330,4096
1625724834,581387142,63701338,4096
1625724834,581388215,63701346,4096
1625724834,581388215,63701354,4096
1625724834,582157915,63704386,4096
1625724834,582158988,63704394,4096
1625724834,582158988,63704402,4096
1625724834,582158988,63704410,4096
1625724834,582158988,63704418,4096
1625724834,582158988,63704426,4096
1625724834,582158988,63704434,4096
1625724834,582158988,63704442,4096
1625724834,582964113,69516626,4096
1625724834,582965187,69516634,4096
1625724834,582965187,69516642,4096
1625724834,582965187,69516650,4096
1625724834,582965187,69516658,4096
1625724834,582965187,69516666,4096
1625724834,582965187,69516674,4096
1625724834,582965187,69516682,4096
1625724834,583859412,63715338,4096
1625724834,583859412,63715346,4096
1625724834,583859412,63715354,4096
1625724834,583859412,63715362,4096
1625724834,583860486,63715370,4096
1625724834,583860486,63715378,4096
1625724834,583860486,63715386,4096
1625724834,583860486,63715394,4096
1625724834,584643067,63716090,4096
1625724834,584644141,63716098,4096
1625724834,585458927,66820218,4096
1625724834,585460001,66820226,4096
1625724834,585460001,66820234,4096
1625724834,585460001,66820242,4096
1625724834,585460001,66820250,4096
1625724834,585460001,66820258,4096
1625724834,585460001,66820266,4096
1625724834,585460001,66820274,4096
1625724834,586192128,63690834,4096
1625724834,586838375,63690690,4096
1625724834,586838375,63690698,4096
1625724834,587660676,66820282,4096
1625724834,587661749,66820290,4096
1625724834,587661749,66820298,4096
1625724834,587661749,66820306,4096
1625724834,587661749,66820314,4096
1625724834,587661749,66820322,4096
1625724834,587661749,66820330,4096
1625724834,590439967,69762147,4096
1625724834,590439967,69762155,4096
1625724834,590439967,69762163,4096
1625724834,591158139,64252278,4096
1625724834,591159212,64252286,4096
1625724834,591159212,64252294,4096
1625724834,591159212,64252302,4096
1625724834,592241300,69761571,4096
1625724834,592241300,69761579,4096
1625724834,592241300,69761587,4096
1625724834,592241300,69761595,4096
1625724834,593032470,69761523,4096
1625724834,593032470,69761531,4096
1625724834,594108117,69763035,4096
1625724834,594109190,69763043,4096
1625724834,594109190,69763051,4096
1625724834,594109190,69763059,4096
1625724834,595311510,69763227,4096
1625724834,595311510,69763235,4096
1625724834,595311510,69763243,4096
1625724834,595311510,69763251,4096
1625724834,596756441,64252166,4096
1625724834,596756441,64252174,4096
1625724834,596757515,64252182,4096
1625724834,596757515,64252190,4096
1625724834,598045715,69761235,4096
1625724834,598045715,69761243,4096
1625724834,598045715,69761251,4096
1625724834,598045715,69761259,4096
1625724834,598745637,69761179,4096
1625724834,598745637,69761187,4096
1625724834,598746710,69761195,4096
1625724834,598746710,69761203,4096
1625724834,600181980,69762459,4096
1625724834,600181980,69762467,4096
1625724834,601570015,69762235,4096
1625724834,601571089,69762243,4096
1625724834,601571089,69762251,4096
1625724834,601571089,69762259,4096
1625724834,604808765,69762059,4096
1625724834,604808765,69762067,4096
1625724834,604808765,69762075,4096
1625724834,608219274,238039363,4096
1625724834,608219274,238039371,4096
1625724834,608219274,238039379,4096
1625724834,608219274,238039387,4096
1625724834,608787156,238039275,4096
1625724834,608788229,238039283,4096
1625724834,608788229,238039291,4096
1625724834,608788229,238039299,4096
1625724834,609746865,238039227,4096
1625724834,609746865,238039235,4096
1625724834,609746865,238039243,4096
1625724834,609747938,238039251,4096
1625724834,610352319,238041267,4096
1625724834,610352319,238041275,4096
1625724834,610352319,238041283,4096
1625724834,610353392,238041291,4096
1625724834,610963140,238043331,4096
1625724834,610963140,238043339,4096
1625724834,610963140,238043347,4096
1625724834,610963140,238043355,4096
1625724834,611570741,238136147,4096
1625724834,611571815,238136155,4096
1625724834,611571815,238136163,4096
1625724834,611571815,238136171,4096
1625724834,612799899,238041187,4096
1625724834,612800972,238041195,4096
1625724834,612800972,238041203,4096
1625724834,612800972,238041211,4096
1625724834,613518070,238043283,4096
1625724834,613519144,238043291,4096
1625724834,613519144,238043299,4096
1625724834,613519144,238043307,4096
1625724834,614209404,238134275,4096
1625724834,614209404,238134283,4096
1625724834,614209404,238134291,4096
1625724834,614209404,238134299,4096
1625724834,617551210,238120859,4096
1625724834,617551210,238120867,4096
1625724834,617552283,238120875,4096
1625724834,617552283,238120883,4096
1625724834,619655270,238041035,4096
1625724834,619655270,238041043,4096
1625724834,619656343,238041051,4096
1625724834,619656343,238041059,4096
1625724834,620335869,238130587,4096
1625724834,620335869,238130595,4096
1625724834,620336942,238130603,4096
1625724834,620336942,238130611,4096
1625724834,622121099,238039171,4096
1625724834,622121099,238039179,4096
1625724834,622847859,238041099,4096
1625724834,622847859,238041107,4096
1625724834,622847859,238041115,4096
1625724834,622847859,238041123,4096
1625724834,623592868,238043227,4096
1625724834,623593941,238043235,4096
1625724834,623593941,238043243,4096
1625724834,623593941,238043251,4096
1625724834,624241262,238132075,4096
1625724834,624241262,238132083,4096
1625724834,624241262,238132091,4096
1625724834,624242335,238132099,4096
1625724834,625587431,238130235,4096
1625724834,625588504,238130243,4096
1625724834,625588504,238130251,4096
1625724834,625588504,238130259,4096
1625724834,626914277,238132251,4096
1625724834,626914277,238132259,4096
1625724834,626915350,238132267,4096
1625724834,626915350,238132275,4096
1625724834,628548144,238041067,4096
1625724834,628549217,238041075,4096
1625724834,628549217,238041083,4096
1625724834,628549217,238041091,4096
1625724834,629168627,238043195,4096
1625724834,629168627,238043203,4096
1625724834,629168627,238043211,4096
1625724834,629169700,238043219,4096
1625724834,629844932,238131531,4096
1625724834,629846005,238131539,4096
1625724834,629846005,238131547,4096
1625724834,629846005,238131555,4096
1625724834,630978548,238120747,4096
1625724834,630979621,238120755,4096
1625724834,630979621,238120763,4096
1625724834,630979621,238120771,4096
1625724834,632655355,238038955,4096
1625724834,632656428,238038963,4096
1625724834,633371379,238040459,4096
1625724834,633371379,238040467,4096
1625724834,633371379,238040475,4096
1625724834,633371379,238040483,4096
1625724834,634029435,238042803,4096
1625724834,634029435,238042811,4096
1625724834,634029435,238042819,4096
1625724834,634029435,238042827,4096
1625724834,634728283,238121675,4096
1625724834,634728283,238121683,4096
1625724834,634728283,238121691,4096
1625724834,634728283,238121699,4096
1625724834,636190390,238120099,4096
1625724834,636190390,238120107,4096
1625724834,636190390,238120115,4096
1625724834,636190390,238120123,4096
1625724834,638575707,238121795,4096
1625724834,638575707,238121803,4096
1625724834,638575707,238121811,4096
1625724834,638576781,238121819,4096
1625724834,640133356,238040427,4096
1625724834,640133356,238040435,4096
1625724834,640133356,238040443,4096
1625724834,640133356,238040451,4096
1625724834,640971759,238121243,4096
1625724834,640972833,238121251,4096
1625724834,640972833,238121259,4096
1625724834,640972833,238121267,4096
1625724834,643298034,238119931,4096
1625724834,643298034,238119939,4096
1625724834,643298034,238119947,4096
1625724834,643298034,238119955,4096
1625724834,644811669,238119627,4096
1625724834,644811669,238119635,4096
1625724834,644811669,238119643,4096
1625724834,644811669,238119651,4096
1625724834,737085026,66617130,4096
1625724834,737085026,66617138,4096
1625724834,737085026,66617146,4096
1625724834,737085026,66617154,4096
1625724834,737086100,66617162,4096
1625724834,737086100,66617170,4096
1625724834,737086100,66617178,4096
1625724834,737086100,66617186,4096
1625724834,737823594,66638294,4096
1625724834,737823594,66638302,4096
1625724834,737823594,66638310,4096
1625724834,737823594,66638318,4096
1625724834,930090665,66633816,4096
1625724834,930090665,66633824,4096
1625724834,930090665,66633832,4096
1625724834,930090665,66633840,4096
1625724834,977321444,63708994,4096
1625724834,977321444,63709002,4096
1625724834,977322518,63709010,4096
1625724834,977322518,63709018,4096
1625724834,977322518,63709026,4096
1625724834,977322518,63709034,4096
1625724834,977322518,63709042,4096
1625724834,977322518,63709050,4096
1625724834,977801707,69761827,4096
1625724834,977801707,69761835,4096
1625724834,977801707,69761843,4096
1625724834,977801707,69761851,4096
1625724834,980753424,66610354,4096
1625724834,980753424,66610362,4096
1625724834,980753424,66610370,4096
1625724834,980754497,66610378,4096
1625724834,980754497,66610386,4096
1625724834,980754497,66610394,4096
1625724834,980754497,66610402,4096
1625724834,980754497,66610410,4096
1625724834,981853761,63691122,4096
1625724834,981854835,63691130,4096
1625724834,981854835,63691138,4096
1625724834,981854835,63691146,4096
1625724834,981854835,63691154,4096
1625724834,981854835,63691162,4096
1625724834,985099360,69760323,4096
1625724834,985803576,69762683,4096
1625724834,985803576,69762691,4096
1625724834,985803576,69762699,4096
1625724834,985803576,69762707,4096
1625724835,160659253,63692090,4096
1625724835,160660327,63692098,4096
1625724835,160660327,63692106,4096
1625724835,160660327,63692114,4096
1625724835,160660327,63692122,4096
1625724835,160660327,63692130,4096
1625724835,160660327,63692138,4096
1625724835,160660327,63692146,4096
1625724835,162038701,63723898,4096
1625724835,162038701,63723906,4096
1625724835,162038701,63723914,4096
1625724835,162038701,63723922,4096
1625724835,162038701,63723930,4096
1625724835,162039774,63723938,4096
1625724835,162039774,63723946,4096
1625724835,162039774,63723954,4096
1625724835,162859928,63709834,4096
1625724835,162859928,63709842,4096
1625724835,162859928,63709850,4096
1625724835,162859928,63709858,4096
1625724835,162859928,63709866,4096
1625724835,162859928,63709874,4096
1625724835,162859928,63709882,4096
1625724835,162861002,63709890,4096
1625724835,163537307,63687090,4096
1625724835,163537307,63687098,4096
1625724835,163537307,63687106,4096
1625724835,163538380,63687114,4096
1625724835,163538380,63687122,4096
1625724835,163538380,63687130,4096
1625724835,163538380,63687138,4096
1625724835,163538380,63687146,4096
1625724835,164167451,63691298,4096
1625724835,164168525,63691306,4096
1625724835,164168525,63691314,4096
1625724835,164168525,63691322,4096
1625724835,164168525,63691330,4096
1625724835,164168525,63691338,4096
1625724835,164168525,63691346,4096
1625724835,164168525,63691354,4096
1625724835,164809404,63687026,4096
1625724835,164810478,63687034,4096
1625724835,164810478,63687042,4096
1625724835,164810478,63687050,4096
1625724835,164810478,63687058,4096
1625724835,164810478,63687066,4096
1625724835,164810478,63687074,4096
1625724835,164810478,63687082,4096
1625724835,165540458,63720858,4096
1625724835,165541531,63720866,4096
1625724835,165541531,63720874,4096
1625724835,165541531,63720882,4096
1625724835,165541531,63720890,4096
1625724835,165541531,63720898,4096
1625724835,165541531,63720906,4096
1625724835,165541531,63720914,4096
1625724835,166371347,63733677,4096
1625724835,166371347,63733685,4096
1625724835,166371347,63733693,4096
1625724835,168043860,62085338,4096
1625724835,168044933,62085346,4096
1625724835,168044933,62085354,4096
1625724835,169096963,62090074,4096
1625724835,169098037,62090082,4096
1625724835,169098037,62090090,4096
1625724835,169098037,62090098,4096
1625724835,169098037,62090106,4096
1625724835,169098037,62090114,4096
1625724835,169098037,62090122,4096
1625724835,169098037,62090130,4096
1625724835,169980454,63730485,4096
1625724835,169981527,63730493,4096
1625724835,169981527,63730501,4096
1625724835,169981527,63730509,4096
1625724835,170649244,63684706,4096
1625724835,170649244,63684714,4096
1625724835,170649244,63684722,4096
1625724835,170650318,63684730,4096
1625724835,171498383,63706674,4096
1625724835,171498383,63706682,4096
1625724835,171498383,63706690,4096
1625724835,171498383,63706698,4096
1625724835,171499456,63706706,4096
1625724835,171499456,63706714,4096
1625724835,171499456,63706722,4096
1625724835,171499456,63706730,4096
1625724835,173074281,62090604,4096
1625724835,173075354,62090612,4096
1625724835,174126311,2517461,4096
1625724835,174127384,2517469,4096
1625724835,174127384,2517477,4096
1625724835,174127384,2517485,1536
1625724835,174803689,2517413,4096
1625724835,174803689,2517421,4096
1625724835,174803689,2517429,4096
1625724835,174804763,2517437,4096
1625724835,175639946,2517186,4096
1625724835,175639946,2517194,4096
1625724835,175639946,2517202,4096
1625724835,175639946,2517210,4096
1625724835,175639946,2517218,4096
1625724835,175641019,2517226,4096
1625724835,175641019,2517234,4096
1625724835,175641019,2517242,4096
1625724835,176568523,62089946,4096
1625724835,176568523,62089954,4096
1625724835,176568523,62089962,4096
1625724835,176568523,62089970,4096
1625724835,176568523,62089978,4096
1625724835,176569597,62089986,4096
1625724835,176569597,62089994,4096
1625724835,176569597,62090002,4096
1625724835,177299577,62090234,4096
1625724835,177299577,62090242,4096
1625724835,177299577,62090250,4096
1625724835,177299577,62090258,4096
1625724835,177300650,62090266,1024
1625724835,178058541,63701962,4096
1625724835,178059615,63701970,4096
1625724835,178059615,63701978,4096
1625724835,178059615,63701986,4096
1625724835,178059615,63701994,4096
1625724835,178059615,63702002,4096
1625724835,178059615,63702010,4096
1625724835,178059615,63702018,4096
1625724835,178792815,63716250,4096
1625724835,178792815,63716258,4096
1625724835,178792815,63716266,4096
1625724835,178792815,63716274,4096
1625724835,178793889,63716282,4096
1625724835,178793889,63716290,4096
1625724835,178793889,63716298,4096
1625724835,178793889,63716306,4096
1625724835,179507766,63730461,4096
1625724835,179507766,63730469,4096
1625724835,179507766,63730477,4096
1625724835,180525444,63685818,4096
1625724835,180525444,63685826,4096
1625724835,180525444,63685834,4096
1625724835,180525444,63685842,4096
1625724835,180525444,63685850,4096
1625724835,180526518,63685858,4096
1625724835,180526518,63685866,4096
1625724835,180526518,63685874,4096
1625724835,181673016,63685786,4096
1625724835,181673016,63685794,4096
1625724835,181673016,63685802,4096
1625724835,181673016,63685810,4096
1625724835,183916631,63701874,4096
1625724835,183917704,63701882,4096
1625724835,183917704,63701890,4096
1625724835,183917704,63701898,4096
1625724835,183917704,63701906,4096
1625724835,183917704,63701914,4096
1625724835,183917704,63701922,4096
1625724835,183917704,63701930,4096
1625724835,183918778,960928,512
1625724835,184143139,64247594,4096
1625724835,184143139,64247602,4096
1625724835,184143139,64247610,4096
1625724835,184143139,64247618,4096
1625724835,184143139,64247626,4096
1625724835,184143139,64247634,4096
1625724835,185152229,63716330,4096
1625724835,185152229,63716338,4096
1625724835,185152229,63716346,4096
1625724835,185152229,63716354,4096
1625724835,185153303,63716362,4096
1625724835,185153303,63716370,4096
1625724835,185153303,63716378,4096
1625724835,185153303,63716386,4096
1625724835,185834975,63685634,4096
1625724835,185834975,63685642,4096
1625724835,185834975,63685650,4096
1625724835,186483369,63703018,4096
1625724835,186483369,63703026,4096
1625724835,186483369,63703034,4096
1625724835,186483369,63703042,4096
1625724835,186484443,63703050,4096
1625724835,186484443,63703058,4096
1625724835,186484443,63703066,4096
1625724835,186484443,63703074,4096
1625724835,187225158,63707050,4096
1625724835,187225158,63707058,4096
1625724835,187225158,63707066,4096
1625724835,187225158,63707074,4096
1625724835,187225158,63707082,4096
1625724835,187225158,63707090,4096
1625724835,187225158,63707098,4096
1625724835,187226231,63707106,4096
1625724835,188043165,63706986,4096
1625724835,188043165,63706994,4096
1625724835,188043165,63707002,4096
1625724835,188043165,63707010,4096
1625724835,188044238,63707018,4096
1625724835,188044238,63707026,4096
1625724835,188044238,63707034,4096
1625724835,188044238,63707042,4096
1625724835,188821452,68181872,4096
1625724835,188822526,68181880,4096
1625724835,188822526,68181888,4096
1625724835,188822526,68181896,4096
1625724835,188822526,68181904,4096
1625724835,188822526,68181912,4096
1625724835,188822526,68181920,4096
1625724835,188822526,68181928,4096
1625724835,189571829,63697666,4096
1625724835,189572902,63697674,4096
1625724835,189572902,63697682,4096
1625724835,189572902,63697690,4096
1625724835,189572902,63697698,4096
1625724835,189572902,63697706,4096
1625724835,189572902,63697714,4096
1625724835,189572902,63697722,4096
1625724835,191021054,63686842,4096
1625724835,191021054,63686850,4096
1625724835,191022127,63686858,4096
1625724835,191022127,63686866,4096
1625724835,191022127,63686874,4096
1625724835,191022127,63686882,4096
1625724835,191022127,63686890,4096
1625724835,191022127,63686898,4096
1625724835,192350047,63709154,4096
1625724835,192351120,63709162,4096
1625724835,192351120,63709170,4096
1625724835,192351120,63709178,4096
1625724835,192351120,63709186,4096
1625724835,192351120,63709194,4096
1625724835,192351120,63709202,4096
1625724835,192351120,63709210,4096
1625724835,193286139,63720354,4096
1625724835,193286139,63720362,4096
1625724835,193287212,63720370,4096
1625724835,193287212,63720378,4096
1625724835,193287212,63720386,4096
1625724835,193287212,63720394,4096
1625724835,193287212,63720402,4096
1625724835,193287212,63720410,4096
1625724835,194194320,63696914,4096
1625724835,194194320,63696922,4096
1625724835,194194320,63696930,4096
1625724835,194195393,63696938,4096
1625724835,194195393,63696946,4096
1625724835,194195393,63696954,4096
1625724835,194195393,63696962,4096
1625724835,194195393,63696970,4096
1625724835,194962946,63686906,4096
1625724835,194962946,63686914,4096
1625724835,194962946,63686922,4096
1625724835,194962946,63686930,4096
1625724835,194962946,63686938,4096
1625724835,194962946,63686946,4096
1625724835,194962946,63686954,4096
1625724835,194964019,63686962,4096
1625724835,195828187,2517322,4096
1625724835,195828187,2517330,4096
1625724835,195828187,2517338,4096
1625724835,195829260,2517346,4096
1625724835,195829260,2517354,4096
1625724835,195829260,2517362,4096
1625724835,195829260,2517370,4096
1625724835,195829260,2517378,4096
1625724835,196724559,63701938,4096
1625724835,196724559,63701946,4096
1625724835,196724559,63701954,4096
1625724835,197556522,63702250,4096
1625724835,197556522,63702258,4096
1625724835,197557595,63702266,4096
1625724835,197557595,63702274,4096
1625724835,197557595,63702282,4096
1625724835,197557595,63702290,4096
1625724835,197557595,63702298,4096
1625724835,197557595,63702306,4096
1625724835,198408881,63711258,4096
1625724835,198409954,63711266,4096
1625724835,198409954,63711274,4096
1625724835,198409954,63711282,4096
1625724835,198409954,63711290,4096
1625724835,198409954,63711298,4096
1625724835,198409954,63711306,4096
1625724835,198409954,63711314,4096
1625724835,199164625,63711194,4096
1625724835,199164625,63711202,4096
1625724835,199164625,63711210,4096
1625724835,199164625,63711218,4096
1625724835,199164625,63711226,4096
1625724835,199164625,63711234,4096
1625724835,199165698,63711242,4096
1625724835,199165698,63711250,4096
1625724835,199848444,63711146,4096
1625724835,199849518,63711154,4096
1625724835,199849518,63711162,4096
1625724835,199849518,63711170,4096
1625724835,199849518,63711178,4096
1625724835,199849518,63711186,4096
1625724835,200581645,63694658,4096
1625724835,200581645,63694666,4096
1625724835,200581645,63694674,4096
1625724835,200581645,63694682,4096
1625724835,200582718,63694690,4096
1625724835,200582718,63694698,4096
1625724835,200582718,63694706,4096
1625724835,200582718,63694714,4096
1625724835,201401799,63694994,4096
1625724835,201401799,63695002,4096
1625724835,201401799,63695010,4096
1625724835,201401799,63695018,4096
1625724835,201402872,63695026,4096
1625724835,201402872,63695034,4096
1625724835,201402872,63695042,4096
1625724835,201402872,63695050,4096
1625724835,202169351,63711650,4096
1625724835,202169351,63711658,4096
1625724835,202169351,63711666,4096
1625724835,202170425,63711674,4096
1625724835,202170425,63711682,4096
1625724835,202170425,63711690,4096
1625724835,202170425,63711698,4096
1625724835,202170425,63711706,4096
1625724835,202914360,63711586,4096
1625724835,202915434,63711594,4096
1625724835,202915434,63711602,4096
1625724835,202915434,63711610,4096
1625724835,202915434,63711618,4096
1625724835,202915434,63711626,4096
1625724835,202915434,63711634,4096
1625724835,202915434,63711642,4096
1625724835,203686207,63732805,4096
1625724835,203686207,63732813,4096
1625724835,203686207,63732821,4096
1625724835,203686207,63732829,4096
1625724835,204480597,63722882,4096
1625724835,204481670,63722890,4096
1625724835,204481670,63722898,4096
1625724835,204481670,63722906,4096
1625724835,204481670,63722914,4096
1625724835,204481670,63722922,4096
1625724835,204481670,63722930,4096
1625724835,204481670,63722938,4096
1625724835,205267472,63724490,4096
1625724835,205267472,63724498,4096
1625724835,205267472,63724506,4096
1625724835,205267472,63724514,4096
1625724835,205267472,63724522,4096
1625724835,205267472,63724530,4096
1625724835,205268546,63724538,4096
1625724835,205268546,63724546,4096
1625724835,206012481,63724426,4096
1625724835,206012481,63724434,4096
1625724835,206012481,63724442,4096
1625724835,206012481,63724450,4096
1625724835,206012481,63724458,4096
1625724835,206012481,63724466,4096
1625724835,206013555,63724474,4096
1625724835,206013555,63724482,4096
1625724835,206820827,63692722,4096
1625724835,206820827,63692730,4096
1625724835,206820827,63692738,4096
1625724835,206820827,63692746,4096
1625724835,206821900,63692754,4096
1625724835,206821900,63692762,4096
1625724835,206821900,63692770,4096
1625724835,206821900,63692778,4096
1625724835,207616290,63724074,4096
1625724835,207616290,63724082,4096
1625724835,207616290,63724090,4096
1625724835,207617364,63724098,4096
1625724835,207617364,63724106,4096
1625724835,207617364,63724114,4096
1625724835,207617364,63724122,4096
1625724835,207617364,63724130,4096
1625724835,208253949,63723442,4096
1625724835,208253949,63723450,4096
1625724835,208255023,63723458,4096
1625724835,208255023,63723466,4096
1625724835,208255023,63723474,4096
1625724835,208255023,63723482,4096
1625724835,208255023,63723490,4096
1625724835,208255023,63723498,4096
1625724835,209159983,63702186,4096
1625724835,209161057,63702194,4096
1625724835,209161057,63702202,4096
1625724835,209161057,63702210,4096
1625724835,209161057,63702218,4096
1625724835,209161057,63702226,4096
1625724835,209161057,63702234,4096
1625724835,209161057,63702242,4096
1625724835,210067091,63696458,4096
1625724835,210067091,63696466,4096
1625724835,210067091,63696474,4096
1625724835,210067091,63696482,4096
1625724835,210068164,63696490,4096
1625724835,210068164,63696498,4096
1625724835,210068164,63696506,4096
1625724835,210068164,63696514,4096
1625724835,210824982,63720586,4096
1625724835,210826055,63720594,4096
1625724835,210826055,63720602,4096
1625724835,210826055,63720610,4096
1625724835,210826055,63720618,4096
1625724835,210826055,63720626,4096
1625724835,210826055,63720634,4096
1625724835,210826055,63720642,4096
1625724835,211605416,63708458,4096
1625724835,211606490,63708466,4096
1625724835,211606490,63708474,4096
1625724835,211606490,63708482,4096
1625724835,211606490,63708490,4096
1625724835,211606490,63708498,4096
1625724835,211606490,63708506,4096
1625724835,211606490,63708514,4096
1625724835,212364381,63689914,4096
1625724835,212364381,63689922,4096
1625724835,212365454,63689930,4096
1625724835,212365454,63689938,4096
1625724835,212365454,63689946,4096
1625724835,212365454,63689954,4096
1625724835,212365454,63689962,4096
1625724835,212365454,63689970,4096
1625724835,213139448,63711394,4096
1625724835,213139448,63711402,4096
1625724835,213139448,63711410,4096
1625724835,213139448,63711418,4096
1625724835,213139448,63711426,4096
1625724835,213139448,63711434,4096
1625724835,213139448,63711442,4096
1625724835,213140521,63711450,4096
1625724835,213844737,63689498,4096
1625724835,214594040,63722954,4096
1625724835,214595114,63722962,4096
1625724835,214595114,63722970,4096
1625724835,214595114,63722978,4096
1625724835,214595114,63722986,4096
1625724835,214595114,63722994,4096
1625724835,214595114,63723002,4096
1625724835,214595114,63723010,4096
1625724835,215363740,63689850,4096
1625724835,215364813,63689858,4096
1625724835,215364813,63689866,4096
1625724835,215364813,63689874,4096
1625724835,215364813,63689882,4096
1625724835,215364813,63689890,4096
1625724835,215364813,63689898,4096
1625724835,215364813,63689906,4096
1625724835,216192482,63712466,4096
1625724835,216192482,63712474,4096
1625724835,216192482,63712482,4096
1625724835,216192482,63712490,4096
1625724835,216193555,63712498,4096
1625724835,216193555,63712506,4096
1625724835,216193555,63712514,4096
1625724835,216193555,63712522,4096
1625724835,217019077,63712402,4096
1625724835,217019077,63712410,4096
1625724835,217019077,63712418,4096
1625724835,217019077,63712426,4096
1625724835,217020150,63712434,4096
1625724835,217020150,63712442,4096
1625724835,217020150,63712450,4096
1625724835,217020150,63712458,4096
1625724835,217917596,61111648,4096
1625724835,217918670,61111656,4096
1625724835,217918670,61111664,4096
1625724835,217918670,61111672,4096
1625724835,218581019,63693474,4096
1625724835,218582093,63693482,4096
1625724835,218582093,63693490,4096
1625724835,218582093,63693498,4096
1625724835,218582093,63693506,4096
1625724835,218582093,63693514,4096
1625724835,218582093,63693522,4096
1625724835,218582093,63693530,4096
1625724835,218907363,61111680,4096
1625724835,218907363,61111688,4096
1625724835,218907363,61111696,4096
1625724835,218908437,61111704,4096
1625724835,218908437,61111712,4096
1625724835,218908437,61111720,4096
1625724835,218908437,61111728,4096
1625724835,218908437,61111736,4096
1625724835,218908437,61111744,4096
1625724835,218908437,61111752,4096
1625724835,218908437,61111760,4096
1625724835,218908437,61111768,4096
1625724835,218909510,61111776,4096
1625724835,218909510,61111784,4096
1625724835,219011493,61111792,4096
1625724835,219011493,61111800,4096
1625724835,219011493,61111808,4096
1625724835,219011493,61111816,4096
1625724835,219012566,61111824,4096
1625724835,219012566,61111832,4096
1625724835,219012566,61111840,4096
1625724835,219012566,61111848,4096
1625724835,219012566,61111856,4096
1625724835,219012566,61111864,4096
1625724835,219012566,61111872,4096
1625724835,219012566,61111880,4096
1625724835,219012566,61111888,4096
1625724835,219013640,61111896,4096
1625724835,219957246,63698202,4096
1625724835,219957246,63698210,4096
1625724835,219957246,63698218,4096
1625724835,219957246,63698226,4096
1625724835,219958320,63698234,4096
1625724835,219958320,63698242,4096
1625724835,219958320,63698250,4096
1625724835,219958320,63698258,4096
1625724835,220855766,63701114,4096
1625724835,220856839,63701122,4096
1625724835,220856839,63701130,4096
1625724835,220856839,63701138,4096
1625724835,220856839,63701146,4096
1625724835,220856839,63701154,4096
1625724835,220856839,63701162,4096
1625724835,221736036,63700986,4096
1625724835,221737109,63700994,4096
1625724835,221737109,63701002,4096
1625724835,221737109,63701010,4096
1625724835,221737109,63701018,4096
1625724835,221737109,63701026,4096
1625724835,221737109,63701034,4096
1625724835,221737109,63701042,4096
1625724835,223168085,61111904,4096
1625724835,223168085,61111912,4096
1625724835,223168085,61111920,4096
1625724835,223169158,61111928,4096
1625724835,223169158,61111936,4096
1625724835,223169158,61111944,4096
1625724835,223169158,61111952,4096
1625724835,223169158,61111960,4096
1625724835,223169158,61111968,4096
1625724835,223169158,61111976,4096
1625724835,223169158,61111984,4096
1625724835,223170232,61111992,4096
1625724835,223170232,61112000,4096
1625724835,223170232,61112008,4096
1625724835,223170232,61112016,4096
1625724835,223170232,61112024,4096
1625724835,224022591,61112032,4096
1625724835,224022591,61112040,1536
1625724835,232812409,63694826,4096
1625724835,232813482,63694834,4096
1625724835,232813482,63694842,4096
1625724835,232813482,63694850,4096
1625724835,232813482,63694858,4096
1625724835,232813482,63694866,4096
1625724835,232813482,63694874,4096
1625724835,232813482,63694882,4096
1625724835,233675503,63695370,4096
1625724835,233675503,63695378,4096
1625724835,233675503,63695386,4096
1625724835,233675503,63695394,4096
1625724835,233675503,63695402,4096
1625724835,233676576,63695410,4096
1625724835,233676576,63695418,4096
1625724835,233676576,63695426,4096
1625724835,234459158,63686306,4096
1625724835,234459158,63686314,4096
1625724835,234459158,63686322,4096
1625724835,234459158,63686330,4096
1625724835,234459158,63686338,4096
1625724835,234459158,63686346,4096
1625724835,234460231,63686354,4096
1625724835,234460231,63686362,4096
1625724835,236012512,63697002,4096
1625724835,236013586,63697010,4096
1625724835,236013586,63697018,4096
1625724835,236013586,63697026,4096
1625724835,236013586,63697034,4096
1625724835,236013586,63697042,4096
1625724835,236013586,63697050,4096
1625724835,236013586,63697058,4096
1625724835,236766109,63723378,4096
1625724835,236766109,63723386,4096
1625724835,236767183,63723394,4096
1625724835,236767183,63723402,4096
1625724835,236767183,63723410,4096
1625724835,236767183,63723418,4096
1625724835,236767183,63723426,4096
1625724835,236767183,63723434,4096
1625724835,237532588,63719154,4096
1625724835,237532588,63719162,4096
1625724835,237532588,63719170,4096
1625724835,237532588,63719178,4096
1625724835,237532588,63719186,4096
1625724835,237532588,63719194,4096
1625724835,237533662,63719202,4096
1625724835,237533662,63719210,4096
1625724835,238358110,63695058,4096
1625724835,238358110,63695066,4096
1625724835,238359183,63695074,4096
1625724835,238359183,63695082,4096
1625724835,238359183,63695090,4096
1625724835,238359183,63695098,4096
1625724835,238359183,63695106,4096
1625724835,238359183,63695114,4096
1625724835,239244821,63686498,4096
1625724835,239244821,63686506,4096
1625724835,239244821,63686514,4096
1625724835,239244821,63686522,4096
1625724835,239244821,63686530,4096
1625724835,239244821,63686538,4096
1625724835,239245894,63686546,4096
1625724835,239245894,63686554,4096
1625724835,241743929,65346691,4096
1625724835,241745002,65346699,4096
1625724835,241745002,65346707,4096
1625724835,241745002,65346715,4096
1625724835,257998866,66794730,4096
1625724835,257999939,66794738,4096
1625724835,257999939,66794746,4096
1625724835,257999939,66794754,4096
1625724835,257999939,66794762,4096
1625724835,257999939,66794770,4096
1625724835,257999939,66794778,4096
1625724835,257999939,66794786,4096
1625724835,258779300,63722202,4096
1625724835,258779300,63722210,4096
1625724835,258779300,63722218,4096
1625724835,258780374,63722226,4096
1625724835,258780374,63722234,4096
1625724835,258780374,63722242,4096
1625724835,258780374,63722250,4096
1625724835,258780374,63722258,4096
1625724835,259382607,63722186,4096
1625724835,259382607,63722194,4096
1625724835,260126543,63693066,4096
1625724835,260126543,63693074,4096
1625724835,260126543,63693082,4096
1625724835,260127616,63693090,4096
1625724835,260127616,63693098,4096
1625724835,260127616,63693106,4096
1625724835,260127616,63693114,4096
1625724835,260127616,63693122,4096
1625724835,292094299,927316,4096
1625724835,292095373,927324,4096
1625724835,292095373,927332,4096
1625724835,292095373,927340,4096
1625724835,293817267,48979104,4096
1625724835,294365825,236486168,4096
1625724835,295123716,236486176,4096
1625724835,295124790,236486184,4096
1625724835,295124790,236486192,4096
1625724835,295124790,236486200,4096
1625724835,295124790,236486208,4096
1625724835,295124790,236486216,4096
1625724835,295124790,236486224,4096
1625724835,295124790,236486232,4096
1625724835,295125863,236486240,4096
1625724835,295125863,236486248,4096
1625724835,295125863,236486256,4096
1625724835,295125863,236486264,4096
1625724835,295125863,236486272,4096
1625724835,295125863,236486280,4096
1625724835,295125863,236486288,4096
1625724835,295125863,236486296,4096
1625724835,306280602,63698338,4096
1625724835,306280602,63698346,4096
1625724835,306280602,63698354,4096
1625724835,306280602,63698362,4096
1625724835,306281675,63698370,4096
1625724835,306281675,63698378,4096
1625724835,306281675,63698386,4096
1625724835,306281675,63698394,4096
1625724835,307059963,63689298,4096
1625724835,307059963,63689306,4096
1625724835,307059963,63689314,4096
1625724835,307059963,63689322,4096
1625724835,309049158,63696522,4096
1625724835,309049158,63696530,4096
1625724835,309050232,63696538,4096
1625724835,309050232,63696546,4096
1625724835,309050232,63696554,4096
1625724835,309050232,63696562,4096
1625724835,309050232,63696570,4096
1625724835,309050232,63696578,4096
1625724835,309878974,63695458,4096
1625724835,309878974,63695466,4096
1625724835,309878974,63695474,4096
1625724835,309880047,63695482,4096
1625724835,309880047,63695490,4096
1625724835,309880047,63695498,4096
1625724835,309880047,63695506,4096
1625724835,309880047,63695514,4096
1625724835,310688393,63697210,4096
1625724835,310688393,63697218,4096
1625724835,310688393,63697226,4096
1625724835,310688393,63697234,4096
1625724835,310689466,63697242,4096
1625724835,310689466,63697250,4096
1625724835,310689466,63697258,4096
1625724835,310689466,63697266,4096
1625724835,311467754,63698178,4096
1625724835,311468827,63698186,4096
1625724835,311468827,63698194,4096
1625724835,312294349,63689602,4096
1625724835,312294349,63689610,4096
1625724835,312294349,63689618,4096
1625724835,312295422,63689626,4096
1625724835,312295422,63689634,4096
1625724835,312295422,63689642,4096
1625724835,312295422,63689650,4096
1625724835,312295422,63689658,4096
1625724835,313137046,63708114,4096
1625724835,313137046,63708122,4096
1625724835,313137046,63708130,4096
1625724835,313137046,63708138,4096
1625724835,313138120,63708146,4096
1625724835,313138120,63708154,4096
1625724835,313138120,63708162,4096
1625724835,313138120,63708170,4096
1625724835,314254560,63710930,4096
1625724835,314254560,63710938,4096
1625724835,314254560,63710946,4096
1625724835,314254560,63710954,4096
1625724835,314254560,63710962,4096
1625724835,314254560,63710970,4096
1625724835,314255633,63710978,4096
1625724835,314255633,63710986,4096
1625724835,316926501,63736787,4096
1625724835,316927575,63736795,4096
1625724835,316927575,63736803,4096
1625724835,316927575,63736811,4096
1625724835,317550205,63736819,4096
1625724835,317550205,63736827,4096
1625724835,317550205,63736835,4096
1625724835,317550205,63736843,4096
1625724835,318100910,63736851,4096
1625724835,318101984,63736859,4096
1625724835,318101984,63736867,4096
1625724835,318101984,63736875,4096
1625724835,318652689,63736883,4096
1625724835,318653763,63736891,4096
1625724835,318653763,63736899,4096
1625724835,318653763,63736907,4096
1625724835,319390184,63689570,4096
1625724835,319390184,63689578,4096
1625724835,319390184,63689586,4096
1625724835,319390184,63689594,4096
1625724835,320109429,63688898,4096
1625724835,320109429,63688906,4096
1625724835,320110502,63688914,4096
1625724835,320110502,63688922,4096
1625724835,320110502,63688930,4096
1625724835,320110502,63688938,4096
1625724835,320110502,63688946,4096
1625724835,320110502,63688954,4096
1625724835,320992919,63689722,4096
1625724835,320993993,63689730,4096
1625724835,320993993,63689738,4096
1625724835,320993993,63689746,4096
1625724835,320993993,63689754,4096
1625724835,320993993,63689762,4096
1625724835,320993993,63689770,4096
1625724835,320993993,63689778,4096
1625724835,321802338,63706274,4096
1625724835,321802338,63706282,4096
1625724835,321802338,63706290,4096
1625724835,321802338,63706298,4096
1625724835,321802338,63706306,4096
1625724835,321802338,63706314,4096
1625724835,321802338,63706322,4096
1625724835,321803412,63706330,4096
1625724835,322627860,63692186,4096
1625724835,322627860,63692194,4096
1625724835,322627860,63692202,4096
1625724835,322627860,63692210,4096
1625724835,322628933,63692218,4096
1625724835,322628933,63692226,4096
1625724835,322628933,63692234,4096
1625724835,322628933,63692242,4096
1625724835,328027565,63708042,4096
1625724835,328028638,63708050,4096
1625724835,328028638,63708058,4096
1625724835,328028638,63708066,4096
1625724835,328028638,63708074,4096
1625724835,328028638,63708082,4096
1625724835,328029712,63708090,4096
1625724835,328029712,63708098,4096
1625724835,330112302,63706610,4096
1625724835,330112302,63706618,4096
1625724835,330112302,63706626,4096
1625724835,330112302,63706634,4096
1625724835,330113375,63706642,4096
1625724835,330113375,63706650,4096
1625724835,330113375,63706658,4096
1625724835,330113375,63706666,4096
1625724835,331259873,63709778,4096
1625724835,331259873,63709786,4096
1625724835,331260947,63709794,4096
1625724835,331260947,63709802,4096
1625724835,331260947,63709810,4096
1625724835,331260947,63709818,4096
1625724835,331260947,63709826,4096
1625724835,332011323,63694594,4096
1625724835,332012397,63694602,4096
1625724835,332012397,63694610,4096
1625724835,332012397,63694618,4096
1625724835,332012397,63694626,4096
1625724835,332012397,63694634,4096
1625724835,332012397,63694642,4096
1625724835,332012397,63694650,4096
1625724835,337842575,63692058,4096
1625724835,337842575,63692066,4096
1625724835,337843649,63692074,4096
1625724835,337843649,63692082,4096
1625724835,338643406,63703266,4096
1625724835,338644480,63703274,4096
1625724835,338644480,63703282,4096
1625724835,338644480,63703290,4096
1625724835,338644480,63703298,4096
1625724835,338644480,63703306,4096
1625724835,338644480,63703314,4096
1625724835,338644480,63703322,4096
1625724835,339972399,63694754,4096
1625724835,339972399,63694762,4096
1625724835,339972399,63694770,4096
1625724835,339972399,63694778,4096
1625724835,339973473,63694786,4096
1625724835,339973473,63694794,4096
1625724835,339973473,63694802,4096
1625724835,339973473,63694810,4096
1625724835,344340471,63178160,4096
1625724835,344913720,6659824,4096
1625724835,345493410,3438952,4096
1625724835,346530411,2217280,4096
1625724835,346531484,2217288,4096
1625724835,346531484,2217296,4096
1625724835,346531484,2217304,4096
1625724835,347319433,2217312,4096
1625724835,347319433,2217320,4096
1625724835,347319433,2217328,4096
1625724835,347319433,2217336,4096
1625724835,347319433,2217344,4096
1625724835,347319433,2217352,2048
1625724835,380193224,63690394,4096
1625724835,391468194,63709082,4096
1625724835,391469268,63709090,4096
1625724835,391469268,63709098,4096
1625724835,391469268,63709106,4096
1625724835,391469268,63709114,4096
1625724835,391469268,63709122,4096
1625724835,391469268,63709130,4096
1625724835,391469268,63709138,4096
1625724835,392337729,63697426,4096
1625724835,392337729,63697434,4096
1625724835,392337729,63697442,4096
1625724835,392337729,63697450,4096
1625724835,392337729,63697458,4096
1625724835,392338803,63697466,4096
1625724835,392338803,63697474,4096
1625724835,392338803,63697482,4096
1625724835,393002226,63688354,4096
1625724835,412918871,63690266,4096
1625724835,412918871,63690274,4096
1625724835,412918871,63690282,4096
1625724835,412919945,63690290,4096
1625724835,412919945,63690298,4096
1625724835,412919945,63690306,4096
1625724835,412919945,63690314,4096
1625724835,412919945,63690322,4096
1625724835,414294025,64251018,4096
1625724835,414295098,64251026,4096
1625724835,414295098,64251034,4096
1625724835,414295098,64251042,4096
1625724835,414295098,64251050,4096
1625724835,414295098,64251058,4096
1625724835,414295098,64251066,4096
1625724835,414295098,64251074,4096
1625724835,414564547,68181728,4096
1625724835,414565620,68181736,4096
1625724835,414565620,68181744,4096
1625724835,414565620,68181752,4096
1625724835,414565620,68181760,4096
1625724835,414565620,68181768,4096
1625724835,415366451,64250954,4096
1625724835,415366451,64250962,4096
1625724835,415367525,64250970,4096
1625724835,415367525,64250978,4096
1625724835,415367525,64250986,4096
1625724835,415367525,64250994,4096
1625724835,415367525,64251002,4096
1625724835,415367525,64251010,4096
1625724835,415408318,63695914,4096
1625724835,415408318,63695922,4096
1625724835,415408318,63695930,4096
1625724835,415408318,63695938,4096
1625724835,415408318,63695946,4096
1625724835,415409391,63695954,4096
1625724835,415409391,63695962,4096
1625724835,415409391,63695970,4096
1625724835,416066373,63709354,4096
1625724835,416066373,63709362,4096
1625724835,416066373,63709370,4096
1625724835,416066373,63709378,4096
1625724835,416066373,63709386,4096
1625724835,416066373,63709394,4096
1625724835,416066373,63709402,4096
1625724835,416067447,63709410,4096
1625724835,416875792,63707978,4096
1625724835,416875792,63707986,4096
1625724835,416876866,63707994,4096
1625724835,416876866,63708002,4096
1625724835,416876866,63708010,4096
1625724835,416876866,63708018,4096
1625724835,416876866,63708026,4096
1625724835,416876866,63708034,4096
1625724835,417714196,63722570,4096
1625724835,417714196,63722578,4096
1625724835,417714196,63722586,4096
1625724835,417714196,63722594,4096
1625724835,417715269,63722602,4096
1625724835,417715269,63722610,4096
1625724835,417715269,63722618,4096
1625724835,417715269,63722626,4096
1625724835,418491410,63694930,4096
1625724835,418491410,63694938,4096
1625724835,418491410,63694946,4096
1625724835,418491410,63694954,4096
1625724835,418492483,63694962,4096
1625724835,418492483,63694970,4096
1625724835,418492483,63694978,4096
1625724835,418492483,63694986,4096
1625724835,419202067,63732645,4096
1625724835,419885886,63690906,4096
1625724835,419885886,63690914,4096
1625724835,420701746,63689666,4096
1625724835,420702820,63689674,4096
1625724835,420702820,63689682,4096
1625724835,420702820,63689690,4096
1625724835,420702820,63689698,4096
1625724835,420702820,63689706,4096
1625724835,420702820,63689714,4096
1625724835,421853612,63723106,4096
1625724835,421853612,63723114,4096
1625724835,421854685,63723122,4096
1625724835,421854685,63723130,4096
1625724835,421854685,63723138,4096
1625724835,421854685,63723146,4096
1625724835,421854685,63723154,4096
1625724835,421854685,63723162,4096
1625724835,422783263,63692634,4096
1625724835,422783263,63692642,4096
1625724835,423541154,63723274,4096
1625724835,423541154,63723282,4096
1625724835,423541154,63723290,4096
1625724835,423541154,63723298,4096
1625724835,423542227,63723306,4096
1625724835,423542227,63723314,4096
1625724835,423542227,63723322,4096
1625724835,423542227,63723330,4096
1625724835,425942573,63694890,4096
1625724835,425942573,63694898,4096
1625724835,425942573,63694906,4096
1625724835,425942573,63694914,4096
1625724835,425943647,63694922,4096
1625724835,426730522,63688266,4096
1625724835,426730522,63688274,4096
1625724835,426731596,63688282,4096
1625724835,427473384,63737027,4096
1625724835,427474458,63737035,4096
1625724835,427474458,63737043,4096
1625724835,427474458,63737051,4096
1625724835,428620956,63706130,4096
1625724835,428620956,63706138,4096
1625724835,428622029,63706146,4096
1625724835,428622029,63706154,4096
1625724835,428622029,63706162,4096
1625724835,428622029,63706170,4096
1625724835,428622029,63706178,4096
1625724835,428622029,63706186,4096
1625724835,429383141,63694522,4096
1625724835,429384214,63694530,4096
1625724835,429384214,63694538,4096
1625724835,429384214,63694546,4096
1625724835,429384214,63694554,4096
1625724835,429384214,63694562,4096
1625724835,429384214,63694570,4096
1625724835,429384214,63694578,4096
1625724835,430165722,63723626,4096
1625724835,430165722,63723634,4096
1625724835,430166796,63723642,4096
1625724835,430166796,63723650,4096
1625724835,430166796,63723658,4096
1625724835,430166796,63723666,4096
1625724835,430166796,63723674,4096
1625724835,430166796,63723682,4096
1625724835,430996611,63699722,4096
1625724835,430996611,63699730,4096
1625724835,430996611,63699738,4096
1625724835,430997685,63699746,4096
1625724835,430997685,63699754,4096
1625724835,430997685,63699762,4096
1625724835,430997685,63699770,4096
1625724835,430997685,63699778,4096
1625724835,464268670,63695306,4096
1625724835,464268670,63695314,4096
1625724835,464268670,63695322,4096
1625724835,464268670,63695330,4096
1625724835,464268670,63695338,4096
1625724835,464269744,63695346,4096
1625724835,464269744,63695354,4096
1625724835,464269744,63695362,4096
1625724835,465917566,6769512,4096
1625724835,466650767,63695810,4096
1625724835,467504199,63723210,4096
1625724835,467504199,63723218,4096
1625724835,467504199,63723226,4096
1625724835,467504199,63723234,4096
1625724835,467505273,63723242,4096
1625724835,467505273,63723250,4096
1625724835,467505273,63723258,4096
1625724835,467505273,63723266,4096
1625724835,501227128,63697602,4096
1625724835,501228202,63697610,4096
1625724835,501228202,63697618,4096
1625724835,501228202,63697626,4096
1625724835,501228202,63697634,4096
1625724835,501228202,63697642,4096
1625724835,501228202,63697650,4096
1625724835,501229275,63697658,4096
1625724835,502055870,63718626,4096
1625724835,502055870,63718634,4096
1625724835,502055870,63718642,4096
1625724835,502055870,63718650,4096
1625724835,502056944,63718658,4096
1625724835,502056944,63718666,4096
1625724835,502056944,63718674,4096
1625724835,502056944,63718682,4096
1625724835,502836305,63699866,4096
1625724835,502836305,63699874,4096
1625724835,502837378,63699882,4096
1625724835,502837378,63699890,4096
1625724835,502837378,63699898,4096
1625724835,502837378,63699906,4096
1625724835,502837378,63699914,4096
1625724835,502837378,63699922,4096
1625724835,504931777,63709290,4096
1625724835,504931777,63709298,4096
1625724835,504931777,63709306,4096
1625724835,504932850,63709314,4096
1625724835,504932850,63709322,4096
1625724835,504932850,63709330,4096
1625724835,504932850,63709338,4096
1625724835,504932850,63709346,4096
1625724835,519779355,69163648,4096
1625724835,519779355,69163656,4096
1625724835,519779355,69163664,4096
1625724835,519780429,69163672,4096
1625724835,520485718,69163680,4096
1625724835,520485718,69163688,4096
1625724835,520486792,69163696,4096
1625724835,520486792,69163704,4096
1625724835,520486792,69163712,4096
1625724835,520486792,69163720,4096
1625724835,520486792,69163728,4096
1625724835,520486792,69163736,4096
1625724835,520486792,69163744,4096
1625724835,520486792,69163752,4096
1625724835,520487865,69163760,4096
1625724835,520487865,69163768,4096
1625724835,520487865,69163776,4096
1625724835,520487865,69163784,4096
1625724835,520593068,69163792,4096
1625724835,520593068,69163800,4096
1625724835,520593068,69163808,4096
1625724835,520593068,69163816,4096
1625724835,520593068,69163824,4096
1625724835,520593068,69163832,4096
1625724835,520593068,69163840,4096
1625724835,520594142,69163848,4096
1625724835,520594142,69163856,4096
1625724835,520594142,69163864,4096
1625724835,520594142,69163872,4096
1625724835,520594142,69163880,4096
1625724835,520594142,69163888,4096
1625724835,520594142,69163896,4096
1625724835,521645098,69163904,4096
1625724835,521645098,69163912,4096
1625724835,521645098,69163920,4096
1625724835,521645098,69163928,4096
1625724835,521646172,69163936,4096
1625724835,521646172,69163944,4096
1625724835,521646172,69163952,4096
1625724835,521646172,69163960,4096
1625724835,521646172,69163968,4096
1625724835,521646172,69163976,4096
1625724835,521646172,69163984,4096
1625724835,521646172,69163992,4096
1625724835,521647245,69164000,4096
1625724835,521647245,69164008,4096
1625724835,521647245,69164016,4096
1625724835,521647245,69164024,4096
1625724835,522659556,69164032,4096
1625724835,522659556,69164040,4096
1625724835,522659556,69164048,4096
1625724835,522659556,69164056,4096
1625724835,522659556,69164064,4096
1625724835,522659556,69164072,4096
1625724835,522660629,69164080,4096
1625724835,522660629,69164088,4096
1625724835,522660629,69164096,4096
1625724835,522660629,69164104,4096
1625724835,522660629,69164112,4096
1625724835,522660629,69164120,4096
1625724835,522660629,69164128,4096
1625724835,522660629,69164136,4096
1625724835,522661703,69164144,4096
1625724835,522661703,69164152,4096
1625724835,522785155,69164160,4096
1625724835,522785155,69164168,4096
1625724835,522785155,69164176,4096
1625724835,522785155,69164184,4096
1625724835,522785155,69164192,4096
1625724835,522785155,69164200,4096
1625724835,522786229,69164208,4096
1625724835,522786229,69164216,4096
1625724835,522786229,69164224,4096
1625724835,522786229,69164232,4096
1625724835,522786229,69164240,4096
1625724835,522786229,69164248,4096
1625724835,522786229,69164256,4096
1625724835,522786229,69164264,4096
1625724835,522786229,69164272,4096
1625724835,522787302,69164280,4096
1625724835,527919706,69164288,4096
1625724835,527919706,69164296,4096
1625724835,527919706,69164304,4096
1625724835,527920779,69164312,4096
1625724835,527920779,69164320,4096
1625724835,527920779,69164328,4096
1625724835,527920779,69164336,4096
1625724835,527920779,69164344,4096
1625724835,527920779,69164352,4096
1625724835,527920779,69164360,4096
1625724835,527920779,69164368,4096
1625724835,527920779,69164376,4096
1625724835,527921853,69164384,4096
1625724835,527921853,69164392,4096
1625724835,527921853,69164400,4096
1625724835,527921853,69164408,4096
1625724835,528048526,69164416,4096
1625724835,528048526,69164424,4096
1625724835,528048526,69164432,4096
1625724835,528048526,69164440,4096
1625724835,528048526,69164448,4096
1625724835,528048526,69164456,4096
1625724835,528048526,69164464,4096
1625724835,528048526,69164472,4096
1625724835,528049599,69164480,4096
1625724835,528049599,69164488,4096
1625724835,528049599,69164496,4096
1625724835,528049599,69164504,4096
1625724835,528049599,69164512,4096
1625724835,528049599,69164520,4096
1625724835,528049599,69164528,4096
1625724835,528049599,69164536,4096
1625724835,533113299,69164544,4096
1625724835,533113299,69164552,4096
1625724835,533113299,69164560,4096
1625724835,533113299,69164568,4096
1625724835,533113299,69164576,4096
1625724835,533113299,69164584,4096
1625724835,533113299,69164592,4096
1625724835,533114372,69164600,4096
1625724835,533114372,69164608,4096
1625724835,533114372,69164616,4096
1625724835,533114372,69164624,4096
1625724835,533114372,69164632,4096
1625724835,533114372,69164640,4096
1625724835,533114372,69164648,4096
1625724835,533114372,69164656,4096
1625724835,533114372,69164664,4096
1625724835,533238898,69164672,4096
1625724835,533238898,69164680,4096
1625724835,533238898,69164688,4096
1625724835,533238898,69164696,4096
1625724835,533238898,69164704,4096
1625724835,533238898,69164712,4096
1625724835,533238898,69164720,4096
1625724835,533238898,69164728,4096
1625724835,533238898,69164736,4096
1625724835,533239972,69164744,4096
1625724835,533239972,69164752,4096
1625724835,533239972,69164760,4096
1625724835,533239972,69164768,4096
1625724835,533239972,69164776,4096
1625724835,533239972,69164784,4096
1625724835,533239972,69164792,4096
1625724835,538248923,69164800,4096
1625724835,538248923,69164808,4096
1625724835,538248923,69164816,4096
1625724835,538249996,69164824,4096
1625724835,538249996,69164832,4096
1625724835,538249996,69164840,4096
1625724835,538249996,69164848,4096
1625724835,538249996,69164856,4096
1625724835,538249996,69164864,4096
1625724835,538249996,69164872,4096
1625724835,538249996,69164880,4096
1625724835,538251070,69164888,4096
1625724835,538251070,69164896,4096
1625724835,538251070,69164904,4096
1625724835,538251070,69164912,4096
1625724835,538251070,69164920,4096
1625724835,538375596,69164928,4096
1625724835,538375596,69164936,4096
1625724835,538375596,69164944,4096
1625724835,538375596,69164952,4096
1625724835,538375596,69164960,4096
1625724835,538376669,69164968,4096
1625724835,538376669,69164976,4096
1625724835,538376669,69164984,4096
1625724835,538376669,69164992,4096
1625724835,538376669,69165000,4096
1625724835,538376669,69165008,4096
1625724835,538376669,69165016,4096
1625724835,538376669,69165024,4096
1625724835,538376669,69165032,4096
1625724835,538377743,69165040,4096
1625724835,538377743,69165048,4096
1625724835,543312622,69165056,4096
1625724835,543312622,69165064,4096
1625724835,543312622,69165072,4096
1625724835,543312622,69165080,4096
1625724835,543312622,69165088,4096
1625724835,543312622,69165096,4096
1625724835,543313696,69165104,4096
1625724835,543313696,69165112,4096
1625724835,543313696,69165120,4096
1625724835,543313696,69165128,4096
1625724835,543313696,69165136,4096
1625724835,543313696,69165144,4096
1625724835,543313696,69165152,4096
1625724835,543313696,69165160,4096
1625724835,543313696,69165168,4096
1625724835,543314769,69165176,4096
1625724835,543436075,69165184,4096
1625724835,543436075,69165192,4096
1625724835,543436075,69165200,4096
1625724835,543436075,69165208,4096
1625724835,543436075,69165216,4096
1625724835,543436075,69165224,4096
1625724835,543436075,69165232,4096
1625724835,543437148,69165240,4096
1625724835,543437148,69165248,4096
1625724835,543437148,69165256,4096
1625724835,543437148,69165264,4096
1625724835,543437148,69165272,4096
1625724835,543437148,69165280,4096
1625724835,543437148,69165288,4096
1625724835,543437148,69165296,4096
1625724835,543437148,69165304,4096
1625724835,548675828,69165312,4096
1625724835,548676902,69165320,4096
1625724835,548676902,69165328,4096
1625724835,548676902,69165336,4096
1625724835,548676902,69165344,4096
1625724835,548676902,69165352,4096
1625724835,548676902,69165360,4096
1625724835,548676902,69165368,4096
1625724835,548677975,69165376,4096
1625724835,548677975,69165384,4096
1625724835,548677975,69165392,4096
1625724835,548677975,69165400,4096
1625724835,548677975,69165408,4096
1625724835,548677975,69165416,4096
1625724835,548677975,69165424,4096
1625724835,548677975,69165432,4096
1625724835,548792840,69165440,4096
1625724835,548793913,69165448,4096
1625724835,548793913,69165456,4096
1625724835,548793913,69165464,4096
1625724835,548793913,69165472,4096
1625724835,548793913,69165480,4096
1625724835,548793913,69165488,4096
1625724835,548793913,69165496,4096
1625724835,548793913,69165504,4096
1625724835,548793913,69165512,4096
1625724835,548794987,69165520,4096
1625724835,548794987,69165528,4096
1625724835,548794987,69165536,4096
1625724835,548794987,69165544,4096
1625724835,548794987,69165552,4096
1625724835,548794987,69165560,4096
1625724835,553440021,69165568,4096
1625724835,553440021,69165576,4096
1625724835,553440021,69165584,4096
1625724835,553440021,69165592,4096
1625724835,553440021,69165600,4096
1625724835,553441095,69165608,4096
1625724835,553441095,69165616,4096
1625724835,553441095,69165624,4096
1625724835,553441095,69165632,4096
1625724835,553441095,69165640,4096
1625724835,553441095,69165648,4096
1625724835,553441095,69165656,4096
1625724835,553441095,69165664,4096
1625724835,553441095,69165672,4096
1625724835,553442168,69165680,4096
1625724835,553442168,69165688,4096
1625724835,553564547,69165696,4096
1625724835,553565621,69165704,4096
1625724835,553565621,69165712,4096
1625724835,553565621,69165720,4096
1625724835,553565621,69165728,4096
1625724835,553565621,69165736,4096
1625724835,553565621,69165744,4096
1625724835,553565621,69165752,4096
1625724835,553565621,69165760,4096
1625724835,553565621,69165768,4096
1625724835,553566694,69165776,4096
1625724835,553566694,69165784,4096
1625724835,553566694,69165792,4096
1625724835,553566694,69165800,4096
1625724835,553566694,69165808,4096
1625724835,553566694,69165816,4096
1625724835,558024940,69165824,4096
1625724835,558026013,69165832,4096
1625724835,558026013,69165840,4096
1625724835,558026013,69165848,4096
1625724835,558026013,69165856,4096
1625724835,558026013,69165864,4096
1625724835,558026013,69165872,4096
1625724835,558026013,69165880,4096
1625724835,558026013,69165888,4096
1625724835,558026013,69165896,4096
1625724835,558027087,69165904,4096
1625724835,558027087,69165912,4096
1625724835,558027087,69165920,4096
1625724835,558027087,69165928,4096
1625724835,558027087,69165936,4096
1625724835,558027087,69165944,4096
1625724835,558150539,69165952,4096
1625724835,558150539,69165960,4096
1625724835,558150539,69165968,4096
1625724835,558150539,69165976,4096
1625724835,558150539,69165984,4096
1625724835,558150539,69165992,4096
1625724835,558150539,69166000,4096
1625724835,558150539,69166008,4096
1625724835,558150539,69166016,4096
1625724835,558151613,69166024,4096
1625724835,558151613,69166032,4096
1625724835,558151613,69166040,4096
1625724835,558151613,69166048,4096
1625724835,558151613,69166056,4096
1625724835,558151613,69166064,4096
1625724835,558151613,69166072,4096
1625724835,562891115,69166080,4096
1625724835,562892189,69166088,4096
1625724835,562892189,69166096,4096
1625724835,562892189,69166104,4096
1625724835,562892189,69166112,4096
1625724835,562892189,69166120,4096
1625724835,562892189,69166128,4096
1625724835,562893262,69166136,4096
1625724835,562893262,69166144,4096
1625724835,562893262,69166152,4096
1625724835,562893262,69166160,4096
1625724835,562893262,69166168,4096
1625724835,562893262,69166176,4096
1625724835,562893262,69166184,4096
1625724835,562893262,69166192,4096
1625724835,562893262,69166200,4096
1625724835,563011347,69166208,4096
1625724835,563011347,69166216,4096
1625724835,563011347,69166224,4096
1625724835,563011347,69166232,4096
1625724835,563011347,69166240,4096
1625724835,563012421,69166248,4096
1625724835,563012421,69166256,4096
1625724835,563012421,69166264,4096
1625724835,563012421,69166272,4096
1625724835,563012421,69166280,4096
1625724835,563012421,69166288,4096
1625724835,563012421,69166296,4096
1625724835,563012421,69166304,4096
1625724835,563013494,69166312,4096
1625724835,563013494,69166320,4096
1625724835,563013494,69166328,4096
1625724835,567801304,69166336,4096
1625724835,567801304,69166344,4096
1625724835,567801304,69166352,4096
1625724835,567801304,69166360,4096
1625724835,567802378,69166368,4096
1625724835,567802378,69166376,4096
1625724835,567802378,69166384,4096
1625724835,567802378,69166392,4096
1625724835,567802378,69166400,4096
1625724835,567802378,69166408,4096
1625724835,567802378,69166416,4096
1625724835,567802378,69166424,4096
1625724835,567803451,69166432,4096
1625724835,567803451,69166440,4096
1625724835,567803451,69166448,4096
1625724835,567803451,69166456,4096
1625724835,567926904,69166464,4096
1625724835,567926904,69166472,4096
1625724835,567926904,69166480,4096
1625724835,567926904,69166488,4096
1625724835,567926904,69166496,4096
1625724835,567926904,69166504,4096
1625724835,567926904,69166512,4096
1625724835,567927977,69166520,4096
1625724835,567927977,69166528,4096
1625724835,567927977,69166536,4096
1625724835,567927977,69166544,4096
1625724835,567927977,69166552,4096
1625724835,567927977,69166560,4096
1625724835,567927977,69166568,4096
1625724835,567927977,69166576,4096
1625724835,567927977,69166584,4096
1625724835,572609511,69166592,4096
1625724835,572609511,69166600,4096
1625724835,572609511,69166608,4096
1625724835,572609511,69166616,4096
1625724835,572609511,69166624,4096
1625724835,572610584,69166632,4096
1625724835,572610584,69166640,4096
1625724835,572610584,69166648,4096
1625724835,572610584,69166656,4096
1625724835,572610584,69166664,4096
1625724835,572610584,69166672,4096
1625724835,572610584,69166680,4096
1625724835,572610584,69166688,4096
1625724835,572611658,69166696,4096
1625724835,572611658,69166704,4096
1625724835,572611658,69166712,4096
1625724835,572725449,69166720,4096
1625724835,572725449,69166728,4096
1625724835,572725449,69166736,4096
1625724835,572725449,69166744,4096
1625724835,572725449,69166752,4096
1625724835,572726522,69166760,4096
1625724835,572726522,69166768,4096
1625724835,572726522,69166776,4096
1625724835,572726522,69166784,4096
1625724835,572726522,69166792,4096
1625724835,572726522,69166800,4096
1625724835,572726522,69166808,4096
1625724835,572726522,69166816,4096
1625724835,572726522,69166824,4096
1625724835,572727596,69166832,4096
1625724835,572727596,69166840,4096
1625724835,577402688,69166848,4096
1625724835,577402688,69166856,4096
1625724835,577402688,69166864,4096
1625724835,577402688,69166872,4096
1625724835,577402688,69166880,4096
1625724835,577402688,69166888,4096
1625724835,577402688,69166896,4096
1625724835,577403762,69166904,4096
1625724835,577403762,69166912,4096
1625724835,577403762,69166920,4096
1625724835,577403762,69166928,4096
1625724835,577403762,69166936,4096
1625724835,577403762,69166944,4096
1625724835,577403762,69166952,4096
1625724835,577403762,69166960,4096
1625724835,577404835,69166968,4096
1625724835,577520773,69166976,4096
1625724835,577520773,69166984,4096
1625724835,577521847,69166992,4096
1625724835,577521847,69167000,4096
1625724835,577521847,69167008,4096
1625724835,577521847,69167016,4096
1625724835,577521847,69167024,4096
1625724835,577521847,69167032,4096
1625724835,577521847,69167040,4096
1625724835,577521847,69167048,4096
1625724835,577521847,69167056,4096
1625724835,577522920,69167064,4096
1625724835,577522920,69167072,4096
1625724835,577522920,69167080,4096
1625724835,577522920,69167088,4096
1625724835,577522920,69167096,4096
1625724835,582014444,69167104,4096
1625724835,582014444,69167112,4096
1625724835,582014444,69167120,4096
1625724835,582014444,69167128,4096
1625724835,582014444,69167136,4096
1625724835,582014444,69167144,4096
1625724835,582015518,69167152,4096
1625724835,582015518,69167160,4096
1625724835,582015518,69167168,4096
1625724835,582015518,69167176,4096
1625724835,582015518,69167184,4096
1625724835,582015518,69167192,4096
1625724835,582015518,69167200,4096
1625724835,582015518,69167208,4096
1625724835,582015518,69167216,4096
1625724835,582016591,69167224,4096
1625724835,582140044,69167232,4096
1625724835,582140044,69167240,4096
1625724835,582140044,69167248,4096
1625724835,582140044,69167256,4096
1625724835,582140044,69167264,4096
1625724835,582140044,69167272,4096
1625724835,582140044,69167280,4096
1625724835,582141117,69167288,4096
1625724835,582141117,69167296,4096
1625724835,582141117,69167304,4096
1625724835,582141117,69167312,4096
1625724835,582141117,69167320,4096
1625724835,582141117,69167328,4096
1625724835,582141117,69167336,4096
1625724835,582141117,69167344,4096
1625724835,582141117,69167352,4096
1625724835,586605804,69167360,4096
1625724835,586605804,69167368,4096
1625724835,586605804,69167376,4096
1625724835,586605804,69167384,4096
1625724835,586605804,69167392,4096
1625724835,586606877,69167400,4096
1625724835,586606877,69167408,4096
1625724835,586606877,69167416,4096
1625724835,586606877,69167424,4096
1625724835,586606877,69167432,4096
1625724835,586606877,69167440,4096
1625724835,586606877,69167448,4096
1625724835,586606877,69167456,4096
1625724835,586606877,69167464,4096
1625724835,586607951,69167472,4096
1625724835,586607951,69167480,4096
1625724835,586730330,69167488,4096
1625724835,586730330,69167496,4096
1625724835,586731403,69167504,4096
1625724835,586731403,69167512,4096
1625724835,586731403,69167520,4096
1625724835,586731403,69167528,4096
1625724835,586731403,69167536,4096
1625724835,586731403,69167544,4096
1625724835,586731403,69167552,4096
1625724835,586731403,69167560,4096
1625724835,586731403,69167568,4096
1625724835,586732477,69167576,4096
1625724835,586732477,69167584,4096
1625724835,586732477,69167592,4096
1625724835,586732477,69167600,4096
1625724835,586732477,69167608,4096
1625724835,591380732,69167616,4096
1625724835,591380732,69167624,4096
1625724835,591380732,69167632,4096
1625724835,591380732,69167640,4096
1625724835,591380732,69167648,4096
1625724835,591380732,69167656,4096
1625724835,591381805,69167664,4096
1625724835,591381805,69167672,4096
1625724835,591381805,69167680,4096
1625724835,591381805,69167688,4096
1625724835,591381805,69167696,4096
1625724835,591381805,69167704,4096
1625724835,591381805,69167712,4096
1625724835,591381805,69167720,4096
1625724835,591381805,69167728,4096
1625724835,591381805,69167736,4096
1625724835,591505258,69167744,4096
1625724835,591505258,69167752,4096
1625724835,591505258,69167760,4096
1625724835,591505258,69167768,4096
1625724835,591506331,69167776,4096
1625724835,591506331,69167784,4096
1625724835,591506331,69167792,4096
1625724835,591506331,69167800,4096
1625724835,591506331,69167808,4096
1625724835,591506331,69167816,4096
1625724835,591506331,69167824,4096
1625724835,591506331,69167832,4096
1625724835,591506331,69167840,4096
1625724835,591507405,69167848,4096
1625724835,591507405,69167856,4096
1625724835,591507405,69167864,4096
1625724835,596268377,69167872,4096
1625724835,596269451,69167880,4096
1625724835,596269451,69167888,4096
1625724835,596269451,69167896,4096
1625724835,596269451,69167904,4096
1625724835,596269451,69167912,4096
1625724835,596269451,69167920,4096
1625724835,596269451,69167928,4096
1625724835,596269451,69167936,4096
1625724835,596270524,69167944,4096
1625724835,596270524,69167952,4096
1625724835,596270524,69167960,4096
1625724835,596270524,69167968,4096
1625724835,596270524,69167976,4096
1625724835,596270524,69167984,4096
1625724835,596270524,69167992,4096
1625724835,596387536,69168000,4096
1625724835,596387536,69168008,4096
1625724835,596387536,69168016,4096
1625724835,596387536,69168024,4096
1625724835,596387536,69168032,4096
1625724835,596387536,69168040,4096
1625724835,596387536,69168048,4096
1625724835,596388609,69168056,4096
1625724835,596388609,69168064,4096
1625724835,596388609,69168072,4096
1625724835,596388609,69168080,4096
1625724835,596388609,69168088,4096
1625724835,596388609,69168096,4096
1625724835,596388609,69168104,4096
1625724835,596388609,69168112,4096
1625724835,596389683,69168120,4096
1625724835,601138847,69168128,4096
1625724835,601138847,69168136,4096
1625724835,601138847,69168144,4096
1625724835,601138847,69168152,4096
1625724835,601138847,69168160,4096
1625724835,601138847,69168168,4096
1625724835,601138847,69168176,4096
1625724835,601138847,69168184,4096
1625724835,601139920,69168192,4096
1625724835,601139920,69168200,4096
1625724835,601139920,69168208,4096
1625724835,601139920,69168216,4096
1625724835,601139920,69168224,4096
1625724835,601139920,69168232,4096
1625724835,601139920,69168240,4096
1625724835,601139920,69168248,4096
1625724835,601265520,69168256,4096
1625724835,601266593,69168264,4096
1625724835,601266593,69168272,4096
1625724835,601266593,69168280,4096
1625724835,601266593,69168288,4096
1625724835,601266593,69168296,4096
1625724835,601266593,69168304,4096
1625724835,601266593,69168312,4096
1625724835,601266593,69168320,4096
1625724835,601267667,69168328,4096
1625724835,601267667,69168336,4096
1625724835,601267667,69168344,4096
1625724835,601267667,69168352,4096
1625724835,601267667,69168360,4096
1625724835,601267667,69168368,4096
1625724835,601267667,69168376,4096
1625724835,605897672,69168384,4096
1625724835,605898746,69168392,4096
1625724835,605898746,69168400,4096
1625724835,605898746,69168408,4096
1625724835,605898746,69168416,4096
1625724835,605898746,69168424,4096
1625724835,605898746,69168432,4096
1625724835,605898746,69168440,4096
1625724835,605899819,69168448,4096
1625724835,605899819,69168456,4096
1625724835,605899819,69168464,4096
1625724835,605899819,69168472,4096
1625724835,605899819,69168480,4096
1625724835,605899819,69168488,4096
1625724835,605899819,69168496,4096
1625724835,605899819,69168504,4096
1625724835,606023272,69168512,4096
1625724835,606023272,69168520,4096
1625724835,606023272,69168528,4096
1625724835,606023272,69168536,4096
1625724835,606023272,69168544,4096
1625724835,606023272,69168552,4096
1625724835,606023272,69168560,4096
1625724835,606024345,69168568,4096
1625724835,606024345,69168576,4096
1625724835,606024345,69168584,4096
1625724835,606024345,69168592,4096
1625724835,606024345,69168600,4096
1625724835,606024345,69168608,4096
1625724835,606024345,69168616,4096
1625724835,606024345,69168624,4096
1625724835,606024345,69168632,4096
1625724835,610637175,69168640,4096
1625724835,610637175,69168648,4096
1625724835,610637175,69168656,4096
1625724835,610637175,69168664,4096
1625724835,610637175,69168672,4096
1625724835,610638248,69168680,4096
1625724835,610638248,69168688,4096
1625724835,610638248,69168696,4096
1625724835,610638248,69168704,4096
1625724835,610638248,69168712,4096
1625724835,610638248,69168720,4096
1625724835,610638248,69168728,4096
1625724835,610638248,69168736,4096
1625724835,610639322,69168744,4096
1625724835,610639322,69168752,4096
1625724835,610639322,69168760,4096
1625724835,610754186,69168768,4096
1625724835,610755260,69168776,4096
1625724835,610755260,69168784,4096
1625724835,610755260,69168792,4096
1625724835,610755260,69168800,4096
1625724835,610755260,69168808,4096
1625724835,610755260,69168816,4096
1625724835,610755260,69168824,4096
1625724835,610755260,69168832,4096
1625724835,610756333,69168840,4096
1625724835,610756333,69168848,4096
1625724835,610756333,69168856,4096
1625724835,610756333,69168864,4096
1625724835,610756333,69168872,4096
1625724835,610756333,69168880,4096
1625724835,610756333,69168888,4096
1625724835,615250004,69168896,4096
1625724835,615250004,69168904,4096
1625724835,615250004,69168912,4096
1625724835,615250004,69168920,4096
1625724835,615250004,69168928,4096
1625724835,615251078,69168936,4096
1625724835,615251078,69168944,4096
1625724835,615251078,69168952,4096
1625724835,615251078,69168960,4096
1625724835,615251078,69168968,4096
1625724835,615251078,69168976,4096
1625724835,615251078,69168984,4096
1625724835,615251078,69168992,4096
1625724835,615251078,69169000,4096
1625724835,615252151,69169008,4096
1625724835,615252151,69169016,4096
1625724835,615375604,69169024,4096
1625724835,615375604,69169032,4096
1625724835,615375604,69169040,4096
1625724835,615375604,69169048,4096
1625724835,615375604,69169056,4096
1625724835,615376677,69169064,4096
1625724835,615376677,69169072,4096
1625724835,615376677,69169080,4096
1625724835,615376677,69169088,4096
1625724835,615376677,69169096,4096
1625724835,615376677,69169104,4096
1625724835,615376677,69169112,4096
1625724835,615376677,69169120,4096
1625724835,615376677,69169128,4096
1625724835,615377751,69169136,4096
1625724835,615377751,69169144,4096
1625724835,619757631,69169152,4096
1625724835,619757631,69169160,4096
1625724835,619757631,69169168,4096
1625724835,619757631,69169176,4096
1625724835,619757631,69169184,4096
1625724835,619757631,69169192,4096
1625724835,619758704,69169200,4096
1625724835,619758704,69169208,4096
1625724835,619758704,69169216,4096
1625724835,619758704,69169224,4096
1625724835,619758704,69169232,4096
1625724835,619758704,69169240,4096
1625724835,619758704,69169248,4096
1625724835,619758704,69169256,4096
1625724835,619759778,69169264,4096
1625724835,619759778,69169272,4096
1625724835,619883230,69169280,4096
1625724835,619883230,69169288,4096
1625724835,619883230,69169296,4096
1625724835,619883230,69169304,4096
1625724835,619883230,69169312,4096
1625724835,619883230,69169320,4096
1625724835,619883230,69169328,4096
1625724835,619883230,69169336,4096
1625724835,619884304,69169344,4096
1625724835,619884304,69169352,4096
1625724835,619884304,69169360,4096
1625724835,619884304,69169368,4096
1625724835,619884304,69169376,4096
1625724835,619884304,69169384,4096
1625724835,619884304,69169392,4096
1625724835,619884304,69169400,4096
1625724835,624335035,69169408,4096
1625724835,624335035,69169416,4096
1625724835,624335035,69169424,4096
1625724835,624336108,69169432,4096
1625724835,624336108,69169440,4096
1625724835,624336108,69169448,4096
1625724835,624336108,69169456,4096
1625724835,624336108,69169464,4096
1625724835,624336108,69169472,4096
1625724835,624336108,69169480,4096
1625724835,624336108,69169488,4096
1625724835,624336108,69169496,4096
1625724835,624337182,69169504,4096
1625724835,624337182,69169512,4096
1625724835,624337182,69169520,4096
1625724835,624337182,69169528,4096
1625724835,624460634,69169536,4096
1625724835,624460634,69169544,4096
1625724835,624460634,69169552,4096
1625724835,624460634,69169560,4096
1625724835,624460634,69169568,4096
1625724835,624460634,69169576,4096
1625724835,624461708,69169584,4096
1625724835,624461708,69169592,4096
1625724835,624461708,69169600,4096
1625724835,624461708,69169608,4096
1625724835,624461708,69169616,4096
1625724835,624461708,69169624,4096
1625724835,624461708,69169632,4096
1625724835,624461708,69169640,4096
1625724835,624461708,69169648,4096
1625724835,624462781,69169656,4096
1625724835,629176520,69169664,4096
1625724835,629176520,69169672,4096
1625724835,629176520,69169680,4096
1625724835,629176520,69169688,4096
1625724835,629176520,69169696,4096
1625724835,629177593,69169704,4096
1625724835,629177593,69169712,4096
1625724835,629177593,69169720,4096
1625724835,629177593,69169728,4096
1625724835,629177593,69169736,4096
1625724835,629177593,69169744,4096
1625724835,629177593,69169752,4096
1625724835,629177593,69169760,4096
1625724835,629177593,69169768,4096
1625724835,629178667,69169776,4096
1625724835,629178667,69169784,4096
1625724835,629302119,69169792,4096
1625724835,629302119,69169800,4096
1625724835,629302119,69169808,4096
1625724835,629302119,69169816,4096
1625724835,629302119,69169824,4096
1625724835,629302119,69169832,4096
1625724835,629302119,69169840,4096
1625724835,629302119,69169848,4096
1625724835,629303193,69169856,4096
1625724835,629303193,69169864,4096
1625724835,629303193,69169872,4096
1625724835,629303193,69169880,4096
1625724835,629303193,69169888,4096
1625724835,629303193,69169896,4096
1625724835,629303193,69169904,4096
1625724835,629303193,69169912,4096
1625724835,633938566,69169920,4096
1625724835,633938566,69169928,4096
1625724835,633938566,69169936,4096
1625724835,633938566,69169944,4096
1625724835,633938566,69169952,4096
1625724835,633938566,69169960,4096
1625724835,633939639,69169968,4096
1625724835,633939639,69169976,4096
1625724835,633939639,69169984,4096
1625724835,633939639,69169992,4096
1625724835,633939639,69170000,4096
1625724835,633939639,69170008,4096
1625724835,633939639,69170016,4096
1625724835,633939639,69170024,4096
1625724835,633939639,69170032,4096
1625724835,633940713,69170040,4096
1625724835,634064165,69170048,4096
1625724835,634064165,69170056,4096
1625724835,634064165,69170064,4096
1625724835,634064165,69170072,4096
1625724835,634064165,69170080,4096
1625724835,634064165,69170088,4096
1625724835,634065239,69170096,4096
1625724835,634065239,69170104,4096
1625724835,634065239,69170112,4096
1625724835,634065239,69170120,4096
1625724835,634065239,69170128,4096
1625724835,634065239,69170136,4096
1625724835,634065239,69170144,4096
1625724835,634065239,69170152,4096
1625724835,634065239,69170160,4096
1625724835,634066312,69170168,4096
1625724835,638739258,69170176,4096
1625724835,638740331,69170184,4096
1625724835,638740331,69170192,4096
1625724835,638740331,69170200,4096
1625724835,638740331,69170208,4096
1625724835,638740331,69170216,4096
1625724835,638740331,69170224,4096
1625724835,638740331,69170232,4096
1625724835,638740331,69170240,4096
1625724835,638741405,69170248,4096
1625724835,638741405,69170256,4096
1625724835,638741405,69170264,4096
1625724835,638741405,69170272,4096
1625724835,638741405,69170280,4096
1625724835,638741405,69170288,4096
1625724835,638741405,69170296,4096
1625724835,638867004,69170304,4096
1625724835,638868078,69170312,4096
1625724835,638868078,69170320,4096
1625724835,638868078,69170328,4096
1625724835,638868078,69170336,4096
1625724835,638868078,69170344,4096
1625724835,638868078,69170352,4096
1625724835,638868078,69170360,4096
1625724835,638868078,69170368,4096
1625724835,638868078,69170376,4096
1625724835,638869151,69170384,4096
1625724835,638869151,69170392,4096
1625724835,638869151,69170400,4096
1625724835,638869151,69170408,4096
1625724835,638869151,69170416,4096
1625724835,638869151,69170424,4096
1625724835,643524921,69170432,4096
1625724835,643525994,69170440,4096
1625724835,643525994,69170448,4096
1625724835,643525994,69170456,4096
1625724835,643525994,69170464,4096
1625724835,643525994,69170472,4096
1625724835,643525994,69170480,4096
1625724835,643525994,69170488,4096
1625724835,643525994,69170496,4096
1625724835,643527068,69170504,4096
1625724835,643527068,69170512,4096
1625724835,643527068,69170520,4096
1625724835,643527068,69170528,4096
1625724835,643527068,69170536,4096
1625724835,643527068,69170544,4096
1625724835,643527068,69170552,4096
1625724835,643651594,69170560,4096
1625724835,643651594,69170568,4096
1625724835,643651594,69170576,4096
1625724835,643651594,69170584,4096
1625724835,643651594,69170592,4096
1625724835,643651594,69170600,4096
1625724835,643651594,69170608,4096
1625724835,643651594,69170616,4096
1625724835,643652667,69170624,4096
1625724835,643652667,69170632,4096
1625724835,643652667,69170640,4096
1625724835,643652667,69170648,4096
1625724835,643652667,69170656,4096
1625724835,643652667,69170664,4096
1625724835,643652667,69170672,4096
1625724835,643652667,69170680,4096
1625724835,648019665,69170688,4096
1625724835,648019665,69170696,4096
1625724835,648019665,69170704,4096
1625724835,648019665,69170712,4096
1625724835,648019665,69170720,4096
1625724835,648019665,69170728,4096
1625724835,648020739,69170736,4096
1625724835,648020739,69170744,4096
1625724835,648020739,69170752,4096
1625724835,648020739,69170760,4096
1625724835,648020739,69170768,4096
1625724835,648020739,69170776,4096
1625724835,648020739,69170784,4096
1625724835,648020739,69170792,4096
1625724835,648021812,69170800,4096
1625724835,648021812,69170808,4096
1625724835,648145265,69170816,4096
1625724835,648145265,69170824,4096
1625724835,648145265,69170832,4096
1625724835,648146338,69170840,4096
1625724835,648146338,69170848,4096
1625724835,648146338,69170856,4096
1625724835,648146338,69170864,4096
1625724835,648146338,69170872,4096
1625724835,648146338,69170880,4096
1625724835,648146338,69170888,4096
1625724835,648146338,69170896,4096
1625724835,648146338,69170904,4096
1625724835,648147412,69170912,4096
1625724835,648147412,69170920,4096
1625724835,648147412,69170928,4096
1625724835,648147412,69170936,4096
1625724835,652631421,69170944,4096
1625724835,652632495,69170952,4096
1625724835,652632495,69170960,4096
1625724835,652632495,69170968,4096
1625724835,652632495,69170976,4096
1625724835,652632495,69170984,4096
1625724835,652632495,69170992,4096
1625724835,652632495,69171000,4096
1625724835,652632495,69171008,4096
1625724835,652633568,69171016,4096
1625724835,652633568,69171024,4096
1625724835,652633568,69171032,4096
1625724835,652633568,69171040,4096
1625724835,652633568,69171048,4096
1625724835,652633568,69171056,4096
1625724835,652633568,69171064,4096
1625724835,652758094,69171072,4096
1625724835,652758094,69171080,4096
1625724835,652758094,69171088,4096
1625724835,652758094,69171096,4096
1625724835,652758094,69171104,4096
1625724835,652758094,69171112,4096
1625724835,652758094,69171120,4096
1625724835,652758094,69171128,4096
1625724835,652758094,69171136,4096
1625724835,652759168,69171144,4096
1625724835,652759168,69171152,4096
1625724835,652759168,69171160,4096
1625724835,652759168,69171168,4096
1625724835,652759168,69171176,4096
1625724835,652759168,69171184,4096
1625724835,652759168,69171192,4096
1625724835,657315102,69171200,4096
1625724835,657315102,69171208,4096
1625724835,657316175,69171216,4096
1625724835,657316175,69171224,4096
1625724835,657316175,69171232,4096
1625724835,657316175,69171240,4096
1625724835,657316175,69171248,4096
1625724835,657316175,69171256,4096
1625724835,657316175,69171264,4096
1625724835,657316175,69171272,4096
1625724835,657317249,69171280,4096
1625724835,657317249,69171288,4096
1625724835,657317249,69171296,4096
1625724835,657317249,69171304,4096
1625724835,657317249,69171312,4096
1625724835,657317249,69171320,4096
1625724835,657440701,69171328,4096
1625724835,657440701,69171336,4096
1625724835,657440701,69171344,4096
1625724835,657440701,69171352,4096
1625724835,657440701,69171360,4096
1625724835,657440701,69171368,4096
1625724835,657440701,69171376,4096
1625724835,657440701,69171384,4096
1625724835,657441775,69171392,4096
1625724835,657441775,69171400,4096
1625724835,657441775,69171408,4096
1625724835,657441775,69171416,4096
1625724835,657441775,69171424,4096
1625724835,657441775,69171432,4096
1625724835,657441775,69171440,4096
1625724835,657441775,69171448,4096
1625724835,662036355,69171456,4096
1625724835,662036355,69171464,4096
1625724835,662036355,69171472,4096
1625724835,662036355,69171480,4096
1625724835,662036355,69171488,4096
1625724835,662036355,69171496,4096
1625724835,662037428,69171504,4096
1625724835,662037428,69171512,4096
1625724835,662037428,69171520,4096
1625724835,662037428,69171528,4096
1625724835,662037428,69171536,4096
1625724835,662037428,69171544,4096
1625724835,662037428,69171552,4096
1625724835,662037428,69171560,4096
1625724835,662037428,69171568,4096
1625724835,662038502,69171576,4096
1625724835,662154440,69171584,4096
1625724835,662154440,69171592,4096
1625724835,662154440,69171600,4096
1625724835,662154440,69171608,4096
1625724835,662155513,69171616,4096
1625724835,662155513,69171624,4096
1625724835,662155513,69171632,4096
1625724835,662155513,69171640,4096
1625724835,662155513,69171648,4096
1625724835,662155513,69171656,4096
1625724835,662155513,69171664,4096
1625724835,662155513,69171672,4096
1625724835,662155513,69171680,4096
1625724835,662156587,69171688,4096
1625724835,662156587,69171696,4096
1625724835,662156587,69171704,4096
1625724835,666775857,69171712,4096
1625724835,666776931,69171720,4096
1625724835,666776931,69171728,4096
1625724835,666776931,69171736,4096
1625724835,666776931,69171744,4096
1625724835,666776931,69171752,4096
1625724835,666776931,69171760,4096
1625724835,666776931,69171768,4096
1625724835,666776931,69171776,4096
1625724835,666778004,69171784,4096
1625724835,666778004,69171792,4096
1625724835,666778004,69171800,4096
1625724835,666778004,69171808,4096
1625724835,666778004,69171816,4096
1625724835,666778004,69171824,4096
1625724835,666778004,69171832,4096
1625724835,666901457,69171840,4096
1625724835,666902530,69171848,4096
1625724835,666902530,69171856,4096
1625724835,666902530,69171864,4096
1625724835,666902530,69171872,4096
1625724835,666902530,69171880,4096
1625724835,666902530,69171888,4096
1625724835,666902530,69171896,4096
1625724835,666902530,69171904,4096
1625724835,666902530,69171912,4096
1625724835,666903604,69171920,4096
1625724835,666903604,69171928,4096
1625724835,666903604,69171936,4096
1625724835,666903604,69171944,4096
1625724835,666903604,69171952,4096
1625724835,666903604,69171960,4096
1625724835,671336085,69171968,4096
1625724835,671336085,69171976,4096
1625724835,671336085,69171984,4096
1625724835,671336085,69171992,4096
1625724835,671336085,69172000,4096
1625724835,671336085,69172008,4096
1625724835,671336085,69172016,4096
1625724835,671337159,69172024,4096
1625724835,671337159,69172032,4096
1625724835,671337159,69172040,4096
1625724835,671337159,69172048,4096
1625724835,671337159,69172056,4096
1625724835,671337159,69172064,4096
1625724835,671337159,69172072,4096
1625724835,671337159,69172080,4096
1625724835,671337159,69172088,4096
1625724835,671460611,69172096,4096
1625724835,671460611,69172104,4096
1625724835,671460611,69172112,4096
1625724835,671461685,69172120,4096
1625724835,671461685,69172128,4096
1625724835,671461685,69172136,4096
1625724835,671461685,69172144,4096
1625724835,671461685,69172152,4096
1625724835,671461685,69172160,4096
1625724835,671461685,69172168,4096
1625724835,671461685,69172176,4096
1625724835,671461685,69172184,4096
1625724835,671462758,69172192,4096
1625724835,671462758,69172200,4096
1625724835,671462758,69172208,4096
1625724835,671462758,69172216,4096
1625724835,675915636,69172224,4096
1625724835,675916710,69172232,4096
1625724835,675916710,69172240,4096
1625724835,675916710,69172248,4096
1625724835,675916710,69172256,4096
1625724835,675916710,69172264,4096
1625724835,675916710,69172272,4096
1625724835,675916710,69172280,4096
1625724835,675916710,69172288,4096
1625724835,675916710,69172296,4096
1625724835,675917783,69172304,4096
1625724835,675917783,69172312,4096
1625724835,675917783,69172320,4096
1625724835,675917783,69172328,4096
1625724835,675917783,69172336,4096
1625724835,675917783,69172344,4096
1625724835,676043383,69172352,4096
1625724835,676043383,69172360,4096
1625724835,676043383,69172368,4096
1625724835,676043383,69172376,4096
1625724835,676044456,69172384,4096
1625724835,676044456,69172392,4096
1625724835,676044456,69172400,4096
1625724835,676044456,69172408,4096
1625724835,676044456,69172416,4096
1625724835,676044456,69172424,4096
1625724835,676044456,69172432,4096
1625724835,676044456,69172440,4096
1625724835,676044456,69172448,4096
1625724835,676045530,69172456,4096
1625724835,676045530,69172464,4096
1625724835,676045530,69172472,4096
1625724835,680523098,69172480,4096
1625724835,680523098,69172488,4096
1625724835,680524172,69172496,4096
1625724835,680524172,69172504,4096
1625724835,680524172,69172512,4096
1625724835,680524172,69172520,4096
1625724835,680524172,69172528,4096
1625724835,680524172,69172536,4096
1625724835,680524172,69172544,4096
1625724835,680524172,69172552,4096
1625724835,680525245,69172560,4096
1625724835,680525245,69172568,4096
1625724835,680525245,69172576,4096
1625724835,680525245,69172584,4096
1625724835,680525245,69172592,4096
1625724835,680525245,69172600,4096
1625724835,680649771,69172608,4096
1625724835,680650845,69172616,4096
1625724835,680650845,69172624,4096
1625724835,680650845,69172632,4096
1625724835,680650845,69172640,4096
1625724835,680650845,69172648,4096
1625724835,680650845,69172656,4096
1625724835,680650845,69172664,4096
1625724835,680650845,69172672,4096
1625724835,680650845,69172680,4096
1625724835,680650845,69172688,4096
1625724835,680651918,69172696,4096
1625724835,680651918,69172704,4096
1625724835,680651918,69172712,4096
1625724835,680651918,69172720,4096
1625724835,680651918,69172728,4096
1625724835,685054342,69172736,4096
1625724835,685054342,69172744,4096
1625724835,685054342,69172752,4096
1625724835,685054342,69172760,4096
1625724835,685054342,69172768,4096
1625724835,685054342,69172776,4096
1625724835,685054342,69172784,4096
1625724835,685054342,69172792,4096
1625724835,685055415,69172800,4096
1625724835,685055415,69172808,4096
1625724835,685055415,69172816,4096
1625724835,685055415,69172824,4096
1625724835,685055415,69172832,4096
1625724835,685055415,69172840,4096
1625724835,685055415,69172848,4096
1625724835,685055415,69172856,4096
1625724835,685178868,69172864,4096
1625724835,685178868,69172872,4096
1625724835,685178868,69172880,4096
1625724835,685178868,69172888,4096
1625724835,685178868,69172896,4096
1625724835,685178868,69172904,4096
1625724835,685178868,69172912,4096
1625724835,685179941,69172920,4096
1625724835,685179941,69172928,4096
1625724835,685179941,69172936,4096
1625724835,685179941,69172944,4096
1625724835,685179941,69172952,4096
1625724835,685179941,69172960,4096
1625724835,685179941,69172968,4096
1625724835,685179941,69172976,4096
1625724835,685179941,69172984,4096
1625724835,689593100,69172992,4096
1625724835,689594173,69173000,4096
1625724835,689594173,69173008,4096
1625724835,689594173,69173016,4096
1625724835,689594173,69173024,4096
1625724835,689594173,69173032,4096
1625724835,689594173,69173040,4096
1625724835,689594173,69173048,4096
1625724835,689595247,69173056,4096
1625724835,689595247,69173064,4096
1625724835,689595247,69173072,4096
1625724835,689595247,69173080,4096
1625724835,689595247,69173088,4096
1625724835,689595247,69173096,4096
1625724835,689595247,69173104,4096
1625724835,689595247,69173112,4096
1625724835,689718699,69173120,4096
1625724835,689718699,69173128,4096
1625724835,689718699,69173136,4096
1625724835,689718699,69173144,4096
1625724835,689718699,69173152,4096
1625724835,689718699,69173160,4096
1625724835,689719773,69173168,4096
1625724835,689719773,69173176,4096
1625724835,689719773,69173184,4096
1625724835,689719773,69173192,4096
1625724835,689719773,69173200,4096
1625724835,689719773,69173208,4096
1625724835,689719773,69173216,4096
1625724835,689719773,69173224,4096
1625724835,689719773,69173232,4096
1625724835,689720846,69173240,4096
1625724835,694243502,69173248,4096
1625724835,694244575,69173256,4096
1625724835,694244575,69173264,4096
1625724835,694244575,69173272,4096
1625724835,694244575,69173280,4096
1625724835,694244575,69173288,4096
1625724835,694244575,69173296,4096
1625724835,694244575,69173304,4096
1625724835,694244575,69173312,4096
1625724835,694244575,69173320,4096
1625724835,694245649,69173328,4096
1625724835,694245649,69173336,4096
1625724835,694245649,69173344,4096
1625724835,694245649,69173352,4096
1625724835,694245649,69173360,4096
1625724835,694245649,69173368,4096
1625724835,694372322,69173376,4096
1625724835,694372322,69173384,4096
1625724835,694372322,69173392,4096
1625724835,694373395,69173400,4096
1625724835,694373395,69173408,4096
1625724835,694373395,69173416,4096
1625724835,694373395,69173424,4096
1625724835,694373395,69173432,4096
1625724835,694373395,69173440,4096
1625724835,694373395,69173448,4096
1625724835,694373395,69173456,4096
1625724835,694373395,69173464,4096
1625724835,694374469,69173472,4096
1625724835,694374469,69173480,4096
1625724835,694374469,69173488,4096
1625724835,694374469,69173496,4096
1625724835,699037753,69173504,4096
1625724835,699037753,69173512,4096
1625724835,699037753,69173520,4096
1625724835,699037753,69173528,4096
1625724835,699037753,69173536,4096
1625724835,699038826,69173544,4096
1625724835,699038826,69173552,4096
1625724835,699038826,69173560,4096
1625724835,699038826,69173568,4096
1625724835,699038826,69173576,4096
1625724835,699038826,69173584,4096
1625724835,699038826,69173592,4096
1625724835,699038826,69173600,4096
1625724835,699038826,69173608,4096
1625724835,699039900,69173616,4096
1625724835,699039900,69173624,4096
1625724835,699162279,69173632,4096
1625724835,699162279,69173640,4096
1625724835,699162279,69173648,4096
1625724835,699163352,69173656,4096
1625724835,699163352,69173664,4096
1625724835,699163352,69173672,4096
1625724835,699163352,69173680,4096
1625724835,699163352,69173688,4096
1625724835,699163352,69173696,4096
1625724835,699163352,69173704,4096
1625724835,699163352,69173712,4096
1625724835,699163352,69173720,4096
1625724835,699164426,69173728,4096
1625724835,699164426,69173736,4096
1625724835,699164426,69173744,4096
1625724835,699164426,69173752,4096
1625724835,703760079,69173760,4096
1625724835,703760079,69173768,4096
1625724835,703760079,69173776,4096
1625724835,703761153,69173784,4096
1625724835,703761153,69173792,4096
1625724835,703761153,69173800,4096
1625724835,703761153,69173808,4096
1625724835,703761153,69173816,4096
1625724835,703761153,69173824,4096
1625724835,703761153,69173832,4096
1625724835,703761153,69173840,4096
1625724835,703761153,69173848,4096
1625724835,703762226,69173856,4096
1625724835,703762226,69173864,4096
1625724835,703762226,69173872,4096
1625724835,703762226,69173880,4096
1625724835,703884605,69173888,4096
1625724835,703884605,69173896,4096
1625724835,703884605,69173904,4096
1625724835,703884605,69173912,4096
1625724835,703884605,69173920,4096
1625724835,703884605,69173928,4096
1625724835,703884605,69173936,4096
1625724835,703884605,69173944,4096
1625724835,703885679,69173952,4096
1625724835,703885679,69173960,4096
1625724835,703885679,69173968,4096
1625724835,703885679,69173976,4096
1625724835,703885679,69173984,4096
1625724835,703885679,69173992,4096
1625724835,703885679,69174000,4096
1625724835,703885679,69174008,4096
1625724835,708351439,69174016,4096
1625724835,708351439,69174024,4096
1625724835,708351439,69174032,4096
1625724835,708351439,69174040,4096
1625724835,708351439,69174048,4096
1625724835,708351439,69174056,4096
1625724835,708351439,69174064,4096
1625724835,708351439,69174072,4096
1625724835,708352512,69174080,4096
1625724835,708352512,69174088,4096
1625724835,708352512,69174096,4096
1625724835,708352512,69174104,4096
1625724835,708352512,69174112,4096
1625724835,708352512,69174120,4096
1625724835,708352512,69174128,4096
1625724835,708352512,69174136,4096
1625724835,708475965,69174144,4096
1625724835,708475965,69174152,4096
1625724835,708475965,69174160,4096
1625724835,708475965,69174168,4096
1625724835,708477038,69174176,4096
1625724835,708477038,69174184,4096
1625724835,708477038,69174192,4096
1625724835,708477038,69174200,4096
1625724835,708477038,69174208,4096
1625724835,708477038,69174216,4096
1625724835,708477038,69174224,4096
1625724835,708477038,69174232,4096
1625724835,708477038,69174240,4096
1625724835,708478112,69174248,4096
1625724835,708478112,69174256,4096
1625724835,708478112,69174264,4096
1625724835,713516047,69174272,4096
1625724835,713517121,69174280,4096
1625724835,713517121,69174288,4096
1625724835,713517121,69174296,4096
1625724835,713517121,69174304,4096
1625724835,713517121,69174312,4096
1625724835,713517121,69174320,4096
1625724835,713517121,69174328,4096
1625724835,713517121,69174336,4096
1625724835,713518194,69174344,4096
1625724835,713518194,69174352,4096
1625724835,713518194,69174360,4096
1625724835,713518194,69174368,4096
1625724835,713518194,69174376,4096
1625724835,713518194,69174384,4096
1625724835,713518194,69174392,4096
1625724835,713634132,69174400,4096
1625724835,713634132,69174408,4096
1625724835,713634132,69174416,4096
1625724835,713634132,69174424,4096
1625724835,713634132,69174432,4096
1625724835,713634132,69174440,4096
1625724835,713634132,69174448,4096
1625724835,713634132,69174456,4096
1625724835,713634132,69174464,4096
1625724835,713635206,69174472,4096
1625724835,713635206,69174480,4096
1625724835,713635206,69174488,4096
1625724835,713635206,69174496,4096
1625724835,713635206,69174504,4096
1625724835,713635206,69174512,4096
1625724835,713635206,69174520,4096
1625724835,718127803,69174528,4096
1625724835,718127803,69174536,4096
1625724835,718127803,69174544,4096
1625724835,718127803,69174552,4096
1625724835,718127803,69174560,4096
1625724835,718128877,69174568,4096
1625724835,718128877,69174576,4096
1625724835,718128877,69174584,4096
1625724835,718128877,69174592,4096
1625724835,718128877,69174600,4096
1625724835,718128877,69174608,4096
1625724835,718128877,69174616,4096
1625724835,718128877,69174624,4096
1625724835,718129950,69174632,4096
1625724835,718129950,69174640,4096
1625724835,718129950,69174648,4096
1625724835,718241594,69174656,4096
1625724835,718241594,69174664,4096
1625724835,718241594,69174672,4096
1625724835,718241594,69174680,4096
1625724835,718241594,69174688,4096
1625724835,718241594,69174696,4096
1625724835,718242668,69174704,4096
1625724835,718242668,69174712,4096
1625724835,718242668,69174720,4096
1625724835,718242668,69174728,4096
1625724835,718242668,69174736,4096
1625724835,718242668,69174744,4096
1625724835,718242668,69174752,4096
1625724835,718242668,69174760,4096
1625724835,718242668,69174768,4096
1625724835,718243741,69174776,4096
1625724835,722829733,69174784,4096
1625724835,722829733,69174792,4096
1625724835,722829733,69174800,4096
1625724835,722829733,69174808,4096
1625724835,722829733,69174816,4096
1625724835,722829733,69174824,4096
1625724835,722830807,69174832,4096
1625724835,722830807,69174840,4096
1625724835,722830807,69174848,4096
1625724835,722830807,69174856,4096
1625724835,722830807,69174864,4096
1625724835,722830807,69174872,4096
1625724835,722830807,69174880,4096
1625724835,722830807,69174888,4096
1625724835,722830807,69174896,4096
1625724835,722831880,69174904,4096
1625724835,722943524,69174912,4096
1625724835,722943524,69174920,4096
1625724835,722943524,69174928,4096
1625724835,722943524,69174936,4096
1625724835,722944598,69174944,4096
1625724835,722944598,69174952,4096
1625724835,722944598,69174960,4096
1625724835,722944598,69174968,4096
1625724835,722944598,69174976,4096
1625724835,722944598,69174984,4096
1625724835,722944598,69174992,4096
1625724835,722944598,69175000,4096
1625724835,722944598,69175008,4096
1625724835,722945671,69175016,4096
1625724835,722945671,69175024,4096
1625724835,722945671,69175032,4096
1625724835,727545619,69175040,4096
1625724835,727546692,69175048,4096
1625724835,727546692,69175056,4096
1625724835,727546692,69175064,4096
1625724835,727546692,69175072,4096
1625724835,727546692,69175080,4096
1625724835,727546692,69175088,4096
1625724835,727546692,69175096,4096
1625724835,727546692,69175104,4096
1625724835,727547766,69175112,4096
1625724835,727547766,69175120,4096
1625724835,727547766,69175128,4096
1625724835,727547766,69175136,4096
1625724835,727547766,69175144,4096
1625724835,727547766,69175152,4096
1625724835,727547766,69175160,4096
1625724835,727675512,69175168,4096
1625724835,727675512,69175176,4096
1625724835,727675512,69175184,4096
1625724835,727675512,69175192,4096
1625724835,727675512,69175200,4096
1625724835,727675512,69175208,4096
1625724835,727675512,69175216,4096
1625724835,727675512,69175224,4096
1625724835,727675512,69175232,4096
1625724835,727676586,69175240,4096
1625724835,727676586,69175248,4096
1625724835,727676586,69175256,4096
1625724835,727676586,69175264,4096
1625724835,727676586,69175272,4096
1625724835,727676586,69175280,4096
1625724835,727676586,69175288,4096
1625724835,732045731,69175296,4096
1625724835,732045731,69175304,4096
1625724835,732045731,69175312,4096
1625724835,732045731,69175320,4096
1625724835,732045731,69175328,4096
1625724835,732045731,69175336,4096
1625724835,732046804,69175344,4096
1625724835,732046804,69175352,4096
1625724835,732046804,69175360,4096
1625724835,732046804,69175368,4096
1625724835,732046804,69175376,4096
1625724835,732046804,69175384,4096
1625724835,732046804,69175392,4096
1625724835,732046804,69175400,4096
1625724835,732046804,69175408,4096
1625724835,732047878,69175416,4096
1625724835,732171330,69175424,4096
1625724835,732171330,69175432,4096
1625724835,732171330,69175440,4096
1625724835,732171330,69175448,4096
1625724835,732171330,69175456,4096
1625724835,732172404,69175464,4096
1625724835,732172404,69175472,4096
1625724835,732172404,69175480,4096
1625724835,732172404,69175488,4096
1625724835,732172404,69175496,4096
1625724835,732172404,69175504,4096
1625724835,732172404,69175512,4096
1625724835,732172404,69175520,4096
1625724835,732172404,69175528,4096
1625724835,732173477,69175536,4096
1625724835,732173477,69175544,4096
1625724835,736573754,69175552,4096
1625724835,736573754,69175560,4096
1625724835,736573754,69175568,4096
1625724835,736573754,69175576,4096
1625724835,736573754,69175584,4096
1625724835,736573754,69175592,4096
1625724835,736573754,69175600,4096
1625724835,736573754,69175608,4096
1625724835,736574827,69175616,4096
1625724835,736574827,69175624,4096
1625724835,736574827,69175632,4096
1625724835,736574827,69175640,4096
1625724835,736574827,69175648,4096
1625724835,736574827,69175656,4096
1625724835,736574827,69175664,4096
1625724835,736574827,69175672,4096
1625724835,736698280,69175680,4096
1625724835,736698280,69175688,4096
1625724835,736699353,69175696,4096
1625724835,736699353,69175704,4096
1625724835,736699353,69175712,4096
1625724835,736699353,69175720,4096
1625724835,736699353,69175728,4096
1625724835,736699353,69175736,4096
1625724835,736699353,69175744,4096
1625724835,736699353,69175752,4096
1625724835,736699353,69175760,4096
1625724835,736700427,69175768,4096
1625724835,736700427,69175776,4096
1625724835,736700427,69175784,4096
1625724835,736700427,69175792,4096
1625724835,736700427,69175800,4096
1625724835,741063131,69175808,4096
1625724835,741064204,69175816,4096
1625724835,741064204,69175824,4096
1625724835,741064204,69175832,4096
1625724835,741064204,69175840,4096
1625724835,741064204,69175848,4096
1625724835,741064204,69175856,4096
1625724835,741064204,69175864,4096
1625724835,741064204,69175872,4096
1625724835,741064204,69175880,4096
1625724835,741065278,69175888,4096
1625724835,741065278,69175896,4096
1625724835,741065278,69175904,4096
1625724835,741065278,69175912,4096
1625724835,741065278,69175920,4096
1625724835,741065278,69175928,4096
1625724835,741188730,69175936,4096
1625724835,741188730,69175944,4096
1625724835,741188730,69175952,4096
1625724835,741188730,69175960,4096
1625724835,741188730,69175968,4096
1625724835,741188730,69175976,4096
1625724835,741188730,69175984,4096
1625724835,741188730,69175992,4096
1625724835,741188730,69176000,4096
1625724835,741189804,69176008,4096
1625724835,741189804,69176016,4096
1625724835,741189804,69176024,4096
1625724835,741189804,69176032,4096
1625724835,741189804,69176040,4096
1625724835,741189804,69176048,4096
1625724835,741189804,69176056,4096
1625724835,745621212,69176064,4096
1625724835,745621212,69176072,4096
1625724835,745621212,69176080,4096
1625724835,745621212,69176088,4096
1625724835,745622285,69176096,4096
1625724835,745622285,69176104,4096
1625724835,745622285,69176112,4096
1625724835,745622285,69176120,4096
1625724835,745622285,69176128,4096
1625724835,745622285,69176136,4096
1625724835,745622285,69176144,4096
1625724835,745622285,69176152,4096
1625724835,745622285,69176160,4096
1625724835,745623359,69176168,4096
1625724835,745623359,69176176,4096
1625724835,745623359,69176184,4096
1625724835,745750032,69176192,4096
1625724835,745750032,69176200,4096
1625724835,745750032,69176208,4096
1625724835,745750032,69176216,4096
1625724835,745750032,69176224,4096
1625724835,745750032,69176232,4096
1625724835,745750032,69176240,4096
1625724835,745751105,69176248,4096
1625724835,745751105,69176256,4096
1625724835,745751105,69176264,4096
1625724835,745751105,69176272,4096
1625724835,745751105,69176280,4096
1625724835,745751105,69176288,4096
1625724835,745751105,69176296,4096
1625724835,745751105,69176304,4096
1625724835,745752179,69176312,4096
1625724835,750349979,69176320,4096
1625724835,750349979,69176328,4096
1625724835,750349979,69176336,4096
1625724835,750349979,69176344,4096
1625724835,750349979,69176352,4096
1625724835,750349979,69176360,4096
1625724835,750351053,69176368,4096
1625724835,750351053,69176376,4096
1625724835,750351053,69176384,4096
1625724835,750351053,69176392,4096
1625724835,750351053,69176400,4096
1625724835,750351053,69176408,4096
1625724835,750351053,69176416,4096
1625724835,750351053,69176424,4096
1625724835,750351053,69176432,4096
1625724835,750352126,69176440,4096
1625724835,750477726,69176448,4096
1625724835,750477726,69176456,4096
1625724835,750477726,69176464,4096
1625724835,750477726,69176472,4096
1625724835,750477726,69176480,4096
1625724835,750477726,69176488,4096
1625724835,750477726,69176496,4096
1625724835,750478799,69176504,4096
1625724835,750478799,69176512,4096
1625724835,750478799,69176520,4096
1625724835,750478799,69176528,4096
1625724835,750478799,69176536,4096
1625724835,750478799,69176544,4096
1625724835,750478799,69176552,4096
1625724835,750478799,69176560,4096
1625724835,750478799,69176568,4096
1625724835,755086261,69176576,4096
1625724835,755086261,69176584,4096
1625724835,755086261,69176592,4096
1625724835,755087335,69176600,4096
1625724835,755087335,69176608,4096
1625724835,755087335,69176616,4096
1625724835,755087335,69176624,4096
1625724835,755087335,69176632,4096
1625724835,755087335,69176640,4096
1625724835,755087335,69176648,4096
1625724835,755087335,69176656,4096
1625724835,755087335,69176664,4096
1625724835,755088408,69176672,4096
1625724835,755088408,69176680,4096
1625724835,755088408,69176688,4096
1625724835,755088408,69176696,4096
1625724835,755210787,69176704,4096
1625724835,755211861,69176712,4096
1625724835,755211861,69176720,4096
1625724835,755211861,69176728,4096
1625724835,755211861,69176736,4096
1625724835,755211861,69176744,4096
1625724835,755211861,69176752,4096
1625724835,755211861,69176760,4096
1625724835,755211861,69176768,4096
1625724835,755211861,69176776,4096
1625724835,755212934,69176784,4096
1625724835,755212934,69176792,4096
1625724835,755212934,69176800,4096
1625724835,755212934,69176808,4096
1625724835,755212934,69176816,4096
1625724835,755212934,69176824,4096
1625724835,759673327,69176832,4096
1625724835,759673327,69176840,4096
1625724835,759673327,69176848,4096
1625724835,759673327,69176856,4096
1625724835,759673327,69176864,4096
1625724835,759673327,69176872,4096
1625724835,759673327,69176880,4096
1625724835,759673327,69176888,4096
1625724835,759674400,69176896,4096
1625724835,759674400,69176904,4096
1625724835,759674400,69176912,4096
1625724835,759674400,69176920,4096
1625724835,759674400,69176928,4096
1625724835,759674400,69176936,4096
1625724835,759674400,69176944,4096
1625724835,759674400,69176952,4096
1625724835,759797853,69176960,4096
1625724835,759797853,69176968,4096
1625724835,759798926,69176976,4096
1625724835,759798926,69176984,4096
1625724835,759798926,69176992,4096
1625724835,759798926,69177000,4096
1625724835,759798926,69177008,4096
1625724835,759798926,69177016,4096
1625724835,759798926,69177024,4096
1625724835,759798926,69177032,4096
1625724835,759798926,69177040,4096
1625724835,759800000,69177048,4096
1625724835,759800000,69177056,4096
1625724835,759800000,69177064,4096
1625724835,759800000,69177072,4096
1625724835,759800000,69177080,4096
1625724835,764441814,69177088,4096
1625724835,764441814,69177096,4096
1625724835,764441814,69177104,4096
1625724835,764441814,69177112,4096
1625724835,764442887,69177120,4096
1625724835,764442887,69177128,4096
1625724835,764442887,69177136,4096
1625724835,764442887,69177144,4096
1625724835,764442887,69177152,4096
1625724835,764442887,69177160,4096
1625724835,764442887,69177168,4096
1625724835,764442887,69177176,4096
1625724835,764442887,69177184,4096
1625724835,764443961,69177192,4096
1625724835,764443961,69177200,4096
1625724835,764443961,69177208,4096
1625724835,764567413,69177216,4096
1625724835,764567413,69177224,4096
1625724835,764567413,69177232,4096
1625724835,764567413,69177240,4096
1625724835,764568487,69177248,4096
1625724835,764568487,69177256,4096
1625724835,764568487,69177264,4096
1625724835,764568487,69177272,4096
1625724835,764568487,69177280,4096
1625724835,764568487,69177288,4096
1625724835,764568487,69177296,4096
1625724835,764568487,69177304,4096
1625724835,764568487,69177312,4096
1625724835,764569560,69177320,4096
1625724835,764569560,69177328,4096
1625724835,764569560,69177336,4096
1625724835,769052496,69177344,4096
1625724835,769053570,69177352,4096
1625724835,769053570,69177360,4096
1625724835,769053570,69177368,4096
1625724835,769053570,69177376,4096
1625724835,769053570,69177384,4096
1625724835,769053570,69177392,4096
1625724835,769053570,69177400,4096
1625724835,769053570,69177408,4096
1625724835,769054643,69177416,4096
1625724835,769054643,69177424,4096
1625724835,769054643,69177432,4096
1625724835,769054643,69177440,4096
1625724835,769054643,69177448,4096
1625724835,769054643,69177456,4096
1625724835,769054643,69177464,4096
1625724835,769177022,69177472,4096
1625724835,769178096,69177480,4096
1625724835,769178096,69177488,4096
1625724835,769178096,69177496,4096
1625724835,769178096,69177504,4096
1625724835,769178096,69177512,4096
1625724835,769178096,69177520,4096
1625724835,769178096,69177528,4096
1625724835,769178096,69177536,4096
1625724835,769178096,69177544,4096
1625724835,769179169,69177552,4096
1625724835,769179169,69177560,4096
1625724835,769179169,69177568,4096
1625724835,769179169,69177576,4096
1625724835,769179169,69177584,4096
1625724835,769179169,69177592,4096
1625724835,773670693,69177600,4096
1625724835,773670693,69177608,4096
1625724835,773670693,69177616,4096
1625724835,773670693,69177624,4096
1625724835,773670693,69177632,4096
1625724835,773670693,69177640,4096
1625724835,773670693,69177648,4096
1625724835,773670693,69177656,4096
1625724835,773671767,69177664,4096
1625724835,773671767,69177672,4096
1625724835,773671767,69177680,4096
1625724835,773671767,69177688,4096
1625724835,773671767,69177696,4096
1625724835,773671767,69177704,4096
1625724835,773671767,69177712,4096
1625724835,773671767,69177720,4096
1625724835,773794146,69177728,4096
1625724835,773794146,69177736,4096
1625724835,773794146,69177744,4096
1625724835,773795219,69177752,4096
1625724835,773795219,69177760,4096
1625724835,773795219,69177768,4096
1625724835,773795219,69177776,4096
1625724835,773795219,69177784,4096
1625724835,773795219,69177792,4096
1625724835,773795219,69177800,4096
1625724835,773795219,69177808,4096
1625724835,773795219,69177816,4096
1625724835,773796293,69177824,4096
1625724835,773796293,69177832,4096
1625724835,773796293,69177840,4096
1625724835,773796293,69177848,4096
1625724835,778606646,69177856,4096
1625724835,778606646,69177864,4096
1625724835,778606646,69177872,4096
1625724835,778606646,69177880,4096
1625724835,778606646,69177888,4096
1625724835,778606646,69177896,4096
1625724835,778606646,69177904,4096
1625724835,778607720,69177912,4096
1625724835,778607720,69177920,4096
1625724835,778607720,69177928,4096
1625724835,778607720,69177936,4096
1625724835,778607720,69177944,4096
1625724835,778607720,69177952,4096
1625724835,778607720,69177960,4096
1625724835,778607720,69177968,4096
1625724835,778607720,69177976,4096
1625724835,778722584,69177984,4096
1625724835,778722584,69177992,4096
1625724835,778722584,69178000,4096
1625724835,778722584,69178008,4096
1625724835,778722584,69178016,4096
1625724835,778723658,69178024,4096
1625724835,778723658,69178032,4096
1625724835,778723658,69178040,4096
1625724835,778723658,69178048,4096
1625724835,778723658,69178056,4096
1625724835,778723658,69178064,4096
1625724835,778723658,69178072,4096
1625724835,778723658,69178080,4096
1625724835,778723658,69178088,4096
1625724835,778724731,69178096,4096
1625724835,778724731,69178104,4096
1625724835,783170095,69178112,4096
1625724835,783170095,69178120,4096
1625724835,783170095,69178128,4096
1625724835,783170095,69178136,4096
1625724835,783171168,69178144,4096
1625724835,783171168,69178152,4096
1625724835,783171168,69178160,4096
1625724835,783171168,69178168,4096
1625724835,783171168,69178176,4096
1625724835,783171168,69178184,3072
1625724835,783281739,69178190,4096
1625724835,783281739,69178198,4096
1625724835,783282812,69178206,4096
1625724835,783282812,69178214,4096
1625724835,783282812,69178222,4096
1625724835,783282812,69178230,4096
1625724835,783282812,69178238,4096
1625724835,783282812,69178246,4096
1625724835,783282812,69178254,4096
1625724835,783282812,69178262,2560
1625724835,791912679,63691426,4096
1625724835,791913752,63691434,4096
1625724835,791913752,63691442,4096
1625724836,775947300,66609426,4096
1625724836,775947300,66609434,4096
1625724836,775947300,66609442,4096
1625724836,775948374,66609450,4096
1625724836,775948374,66609458,4096
1625724836,775948374,66609466,4096
1625724836,775948374,66609474,4096
1625724836,775948374,66609482,4096
1625724838,51588647,6769520,4096
1625724839,284414408,66795938,4096
1625724839,284414408,66795946,4096
1625724839,284415481,66795954,4096
1625724839,284415481,66795962,4096
1625724839,284415481,66795970,4096
1625724839,284415481,66795978,4096
1625724839,284415481,66795986,4096
1625724839,284415481,66795994,4096
1625724839,285307560,3600256,4096
1625724839,285307560,3600264,4096
1625724839,285307560,3600272,4096
1625724839,285308633,3600280,4096
1625724839,285804590,66797131,4096
1625724839,285804590,66797139,4096
1625724839,285804590,66797147,4096
1625724839,285804590,66797155,4096
1625724839,293592833,3256296,4096
1625724839,293592833,3256304,4096
1625724839,294215463,3256568,4096
1625724839,294215463,3256576,4096
1625724839,294888547,3545168,4096
1625724839,294888547,3545176,4096
1625724839,295665761,3255720,4096
1625724839,295665761,3255728,4096
1625724839,296233643,3518160,4096
1625724839,296233643,3518168,4096
1625724839,297103178,3256552,4096
1625724839,297103178,3256560,4096
1625724839,297724734,3257912,4096
1625724839,297724734,3257920,4096
1625724839,298288322,3255368,4096
1625724839,298289395,3255376,4096
1625724839,298861571,3254856,4096
1625724839,298861571,3254864,4096
1625724839,299436967,3256232,4096
1625724839,299436967,3256240,4096
1625724839,300098243,3258888,4096
1625724839,300099316,3258896,4096
1625724839,301084789,3256904,4096
1625724839,301084789,3256912,4096
1625724839,301890988,3512912,4096
1625724839,301890988,3512920,4096
1625724839,302375136,3512704,4096
1625724839,302375136,3512712,4096
1625724839,305611739,1408016,4096
1625724839,305612812,1408024,4096
1625724839,305612812,1408032,4096
1625724839,305612812,1408040,4096
1625724839,305612812,1408048,4096
1625724839,305612812,1408056,4096
1625724839,305612812,1408064,4096
1625724839,305612812,1408072,4096
1625724839,306553198,1408738,3072
1625724839,307169387,1408734,2048
1625724839,308732403,1408606,4096
1625724839,308733477,1408614,4096
1625724839,308733477,1408622,4096
1625724839,308733477,1408630,4096
1625724839,309754375,1408518,4096
1625724839,309755449,1408526,4096
1625724839,309755449,1408534,4096
1625724839,309755449,1408542,4096
1625724839,312373715,1408090,4096
1625724839,312373715,1408098,4096
1625724839,312373715,1408106,4096
1625724839,312373715,1408114,4096
1625724839,312373715,1408122,4096
1625724839,312373715,1408130,4096
1625724839,312373715,1408138,4096
1625724839,312374789,1408146,4096
1625724839,312957699,1408682,4096
1625724839,312957699,1408690,4096
1625724839,312957699,1408698,1536
1625724839,313528801,1408566,4096
1625724839,313528801,1408574,4096
1625724839,313528801,1408582,4096
1625724839,313529875,1408590,4096
1625724839,314278104,1408026,4096
1625724839,314278104,1408034,4096
1625724839,314278104,1408042,4096
1625724839,314278104,1408050,4096
1625724839,314279178,1408058,4096
1625724839,314279178,1408066,4096
1625724839,314279178,1408074,4096
1625724839,314279178,1408082,4096
1625724839,315258210,1408550,4096
1625724839,315258210,1408558,4096
1625724839,328362424,1408154,4096
1625724839,328363498,1408162,4096
1625724839,328363498,1408170,4096
1625724839,328363498,1408178,4096
1625724839,328363498,1408186,4096
1625724839,328363498,1408194,4096
1625724839,328363498,1408202,4096
1625724839,328364571,1408210,4096
1625724839,330997867,48945128,4096
1625724839,331519588,2512112,4096
1625724839,332019839,2516115,4096
1625724839,332019839,2516123,4096
1625724839,332019839,2516131,512
1625724839,332550148,2516112,1536
1625724839,333051472,2514985,4096
1625724839,333051472,2514993,4096
1625724839,333052546,2515001,4096
1625724839,333052546,2515009,4096
1625724839,333604325,2514641,4096
1625724839,333604325,2514649,4096
1625724839,333604325,2514657,4096
1625724839,333604325,2514665,4096
1625724839,334141075,48942752,4096
1625724839,334718618,1563376,4096
1625724839,335137283,1563953,512
1625724839,335635387,1563950,1536
1625724839,336174284,1563821,4096
1625724839,336175357,1563829,4096
1625724839,336175357,1563837,4096
1625724839,336175357,1563845,4096
1625724839,336737871,1563725,4096
1625724839,336737871,1563733,4096
1625724839,336738945,1563741,4096
1625724839,336738945,1563749,4096
1625724839,337272474,480464,4096
1625724839,337930530,2515025,4096
1625724839,337930530,2515033,4096
1625724839,337930530,2515041,4096
1625724839,337930530,2515049,4096
1625724839,338607908,1563380,4096
1625724839,338608982,1563388,4096
1625724839,338608982,1563396,4096
1625724839,338608982,1563404,4096
1625724839,338608982,1563412,4096
1625724839,338608982,1563420,4096
1625724839,338608982,1563428,4096
1625724839,338608982,1563436,4096
1625724839,339121041,1563906,4096
1625724839,339121041,1563914,2560
1625724839,339663159,1563789,4096
1625724839,339663159,1563797,4096
1625724839,339664232,1563805,4096
1625724839,339664232,1563813,4096
1625724839,340305112,2512268,4096
1625724839,340305112,2512276,4096
1625724839,340305112,2512284,4096
1625724839,340305112,2512292,4096
1625724839,340305112,2512300,4096
1625724839,340306185,2512308,4096
1625724839,340306185,2512316,4096
1625724839,340306185,2512324,4096
1625724839,340849376,2512204,4096
1625724839,340849376,2512212,4096
1625724839,340849376,2512220,4096
1625724839,340850450,2512228,4096
1625724839,340850450,2512236,4096
1625724839,340850450,2512244,4096
1625724839,340850450,2512252,4096
1625724839,340850450,2512260,4096
1625724839,341410817,2515814,4096
1625724839,341410817,2515822,4096
1625724839,341410817,2515830,4096
1625724839,341410817,2515838,4096
1625724839,341927170,2515862,4096
1625724839,341927170,2515870,4096
1625724839,341928244,2515878,4096
1625724839,341928244,2515886,2560
1625724839,342434936,2514785,4096
1625724839,342434936,2514793,4096
1625724839,342434936,2514801,4096
1625724839,342434936,2514809,4096
1625724839,342939481,2514753,4096
1625724839,342939481,2514761,4096
1625724839,342939481,2514769,4096
1625724839,342940554,2514777,4096
1625724839,343498774,2512116,4096
1625724839,343498774,2512124,4096
1625724839,343498774,2512132,4096
1625724839,343499848,2512140,4096
1625724839,343499848,2512148,4096
1625724839,343499848,2512156,4096
1625724839,343499848,2512164,4096
1625724839,343499848,2512172,4096
1625724839,344166491,1563444,4096
1625724839,344166491,1563452,4096
1625724839,344166491,1563460,4096
1625724839,344166491,1563468,4096
1625724839,344166491,1563476,4096
1625724839,344167565,1563484,4096
1625724839,344167565,1563492,4096
1625724839,344167565,1563500,4096
1625724839,344929750,2512332,4096
1625724839,344929750,2512340,4096
1625724839,344929750,2512348,4096
1625724839,344929750,2512356,4096
1625724839,344929750,2512364,4096
1625724839,344929750,2512372,4096
1625724839,344929750,2512380,4096
1625724839,344930823,2512388,4096
1625724839,345575997,2514953,4096
1625724839,345575997,2514961,4096
1625724839,345575997,2514969,4096
1625724839,345575997,2514977,4096
1625724839,346065513,2515846,4096
1625724839,346065513,2515854,4096
1625724839,347780966,2514721,4096
1625724839,347782039,2514729,4096
1625724839,347782039,2514737,4096
1625724839,347782039,2514745,4096
1625724839,351055141,2514689,4096
1625724839,351056214,2514697,4096
1625724839,351056214,2514705,4096
1625724839,351056214,2514713,4096
1625724839,351572568,6817176,4096
1625724839,352070672,779088,4096
1625724839,352500072,779096,1024
1625724839,352852180,779090,3072
1625724839,353936415,480400,4096
1625724839,354486047,4592024,4096
1625724839,354941211,4591976,4096
1625724839,355362023,6837016,4096
1625724839,355982506,501704,4096
1625724839,355983579,501712,4096
1625724839,356682428,3243610,4096
1625724839,356682428,3243618,4096
1625724839,356683501,3243626,4096
1625724839,356683501,3243634,4096
1625724839,356683501,3243642,4096
1625724839,356683501,3243650,4096
1625724839,356683501,3243658,4096
1625724839,356683501,3243666,4096
1625724839,358670550,66795146,4096
1625724839,359318944,66818018,4096
1625724839,359318944,66818026,4096
1625724839,359318944,66818034,4096
1625724839,359318944,66818042,4096
1625724839,359318944,66818050,4096
1625724839,359318944,66818058,4096
1625724839,359320017,66818066,4096
1625724839,359320017,66818074,4096
1625724839,360029601,66822130,4096
1625724839,360029601,66822138,4096
1625724839,360029601,66822146,4096
1625724839,360029601,66822154,4096
1625724839,360029601,66822162,4096
1625724839,360029601,66822170,4096
1625724839,360029601,66822178,4096
1625724839,360030674,66822186,4096
1625724839,360900209,66795874,4096
1625724839,360900209,66795882,4096
1625724839,360901283,66795890,4096
1625724839,360901283,66795898,4096
1625724839,360901283,66795906,4096
1625724839,360901283,66795914,4096
1625724839,360901283,66795922,4096
1625724839,360901283,66795930,4096
1625724841,281400520,48669120,4096
1625724841,281401594,48669128,4096
1625724841,281401594,48669136,4096
1625724841,281401594,48669144,4096
1625724841,281401594,48669152,4096
1625724841,281401594,48669160,4096
1625724841,281401594,48669168,4096
1625724841,281401594,48669176,4096
1625724842,282875223,1922904,4096
1625724842,283385135,1923053,512
1625724842,283956237,1923048,2560
1625724842,284616440,1922986,4096
1625724842,284616440,1922994,4096
1625724842,284617513,1923002,4096
1625724842,284617513,1923010,4096
1625724842,284617513,1923018,4096
1625724842,284617513,1923026,4096
1625724842,284617513,1923034,4096
1625724842,284617513,1923042,512
1625724842,285318509,1922906,4096
1625724842,285319582,1922914,4096
1625724842,285319582,1922922,4096
1625724842,285319582,1922930,4096
1625724842,285319582,1922938,4096
1625724842,285319582,1922946,4096
1625724842,285319582,1922954,4096
1625724842,285319582,1922962,4096
1625724842,285816613,1923043,1024
1625724842,287104813,1922970,4096
1625724842,287105886,1922978,4096
1625724842,866764755,3158306,4096
1625724842,866764755,3158314,4096
1625724842,866764755,3158322,4096
1625724842,866764755,3158330,512
1625724842,867347665,6832160,4096
1625724842,867929502,880752,4096
1625724842,867929502,880760,4096
1625724842,867929502,880768,4096
1625724842,867929502,880776,2048
1625724842,869841406,206848,4096
1625724842,870348098,206848,512
1625724842,870740999,206912,2048
1625724842,871143561,0,512
1625724842,871585843,206848,512
1625724842,898278421,65798696,4096
1625724842,898278421,65798704,4096
1625724842,898278421,65798712,4096
1625724842,898278421,65798720,4096
1625724842,898279494,65798728,4096
1625724842,898279494,65798736,4096
1625724842,898279494,65798744,4096
1625724842,898279494,65798752,4096
1625724842,898279494,65798760,4096
1625724842,898279494,65798768,4096
1625724842,898279494,65798776,4096
1625724842,898279494,65798784,4096
1625724842,898280568,65798792,4096
1625724842,898280568,65798800,4096
1625724842,898280568,65798808,4096
1625724842,898280568,65798816,4096
1625724842,898280568,65798824,4096
1625724842,898280568,65798832,4096
1625724842,898280568,65798840,4096
1625724842,898280568,65798848,4096
1625724842,898280568,65798856,4096
1625724842,898281641,65798864,4096
1625724842,898281641,65798872,4096
1625724842,898281641,65798880,4096
1625724842,898281641,65798888,2560
1625724842,898446960,65798893,4096
1625724842,898448034,65798901,4096
1625724842,898448034,65798909,4096
1625724842,898448034,65798917,4096
1625724842,898448034,65798925,4096
1625724842,898448034,65798933,4096
1625724842,898448034,65798941,4096
1625724842,898448034,65798949,4096
1625724842,898448034,65798957,4096
1625724842,898449107,65798965,4096
1625724842,898449107,65798973,4096
1625724842,898449107,65798981,4096
1625724842,898449107,65798989,4096
1625724842,898449107,65798997,4096
1625724842,898449107,65799005,4096
1625724842,898449107,65799013,4096
1625724842,898449107,65799021,4096
1625724842,898449107,65799029,4096
1625724842,898450181,65799037,4096
1625724842,898450181,65799045,4096
1625724842,898450181,65799053,4096
1625724842,898450181,65799061,4096
1625724842,898450181,65799069,4096
1625724842,898450181,65799077,4096
1625724842,898450181,65799085,2560
1625724842,898638043,65799090,4096
1625724842,898639117,65799098,4096
1625724842,898639117,65799106,4096
1625724842,898639117,65799114,4096
1625724842,898639117,65799122,4096
1625724842,898639117,65799130,4096
1625724842,898639117,65799138,4096
1625724842,898639117,65799146,4096
1625724842,898639117,65799154,4096
1625724842,898640190,65799162,4096
1625724842,898640190,65799170,4096
1625724842,898640190,65799178,4096
1625724842,898640190,65799186,4096
1625724842,898640190,65799194,4096
1625724842,898640190,65799202,4096
1625724842,898640190,65799210,4096
1625724842,898640190,65799218,4096
1625724842,898640190,65799226,4096
1625724842,898641264,65799234,4096
1625724842,898641264,65799242,4096
1625724842,898641264,65799250,4096
1625724842,898641264,65799258,4096
1625724842,898641264,65799266,4096
1625724842,898641264,65799274,4096
1625724842,898641264,65799282,2048
1625724842,907220676,810688,4096
1625724842,907220676,810696,3072
1625724842,908196487,10222784,4096
1625724842,908197561,10222792,4096
1625724842,908197561,10222800,4096
1625724842,908197561,10222808,4096
1625724842,908197561,10222816,4096
1625724842,908197561,10222824,4096
1625724842,908197561,10222832,4096
1625724842,908197561,10222840,4096
1625724842,908197561,10222848,4096
1625724842,908198634,10222856,4096
1625724842,908198634,10222864,4096
1625724842,908198634,10222872,4096
1625724842,908198634,10222880,2560
1625724842,916427012,15246672,4096
1625724842,916427012,15246680,4096
1625724842,916427012,15246688,4096
1625724842,916427012,15246696,4096
1625724842,916428085,15246704,4096
1625724842,916428085,15246712,4096
1625724842,916428085,15246720,4096
1625724842,916428085,15246728,4096
1625724842,917299767,7886904,4096
1625724842,917299767,7886912,4096
1625724842,917299767,7886920,4096
1625724842,917299767,7886928,4096
1625724842,917299767,7886936,4096
1625724842,917300841,7886944,4096
1625724842,917300841,7886952,4096
1625724842,917300841,7886960,4096
1625724842,917868722,7886976,4096
1625724842,917868722,7886984,4096
1625724842,917868722,7886992,4096
1625724842,917868722,7887000,4096
1625724842,917868722,7887008,4096
1625724842,917869796,7887016,4096
1625724842,917869796,7887024,4096
1625724842,917869796,7887032,1024
1625724842,918293828,7886968,4096
1625724842,919816051,765960,4096
1625724842,919816051,765968,4096
1625724842,919816051,765976,4096
1625724842,919817125,765984,4096
1625724842,919817125,765992,2560
1625724842,920834803,61266320,4096
1625724842,920834803,61266328,4096
1625724842,920834803,61266336,4096
1625724842,920834803,61266344,4096
1625724842,920835876,61266352,4096
1625724842,920835876,61266360,4096
1625724842,920835876,61266368,4096
1625724842,920835876,61266376,4096
1625724842,921461727,61266512,4096
1625724842,921461727,61266520,4096
1625724842,921461727,61266528,4096
1625724842,921462800,61266536,4096
1625724842,921462800,61266544,4096
1625724842,921462800,61266552,4096
1625724842,921462800,61266560,4096
1625724842,921462800,61266568,4096
1625724842,922063960,61266384,4096
1625724842,922065034,61266392,4096
1625724842,922065034,61266400,4096
1625724842,922065034,61266408,4096
1625724842,922065034,61266416,4096
1625724842,922065034,61266424,4096
1625724842,922065034,61266432,4096
1625724842,922065034,61266440,4096
1625724842,922611445,61266448,4096
1625724842,922611445,61266456,4096
1625724842,922611445,61266464,4096
1625724842,922611445,61266472,4096
1625724842,922612519,61266480,4096
1625724842,922612519,61266488,4096
1625724842,922612519,61266496,4096
1625724842,922612519,61266504,4096
1625724842,925209315,2352712,4096
1625724842,925209315,2352720,4096
1625724842,925210389,2352728,4096
1625724842,925210389,2352736,4096
1625724842,925210389,2352744,4096
1625724842,925210389,2352752,4096
1625724842,925210389,2352760,4096
1625724842,925210389,2352768,4096
1625724842,925833019,2352776,4096
1625724842,925833019,2352784,4096
1625724842,925833019,2352792,4096
1625724842,925833019,2352800,4096
1625724842,925833019,2352808,4096
1625724842,925834092,2352816,3584
1625724842,927387447,6397208,4096
1625724842,927388520,6397216,4096
1625724842,927388520,6397224,4096
1625724842,927388520,6397232,4096
1625724842,927388520,6397240,4096
1625724842,927388520,6397248,4096
1625724842,927388520,6397256,4096
1625724842,927389594,6397264,4096
1625724842,928012224,6397320,4096
1625724842,928013297,6397328,4096
1625724842,928013297,6397336,4096
1625724842,928013297,6397344,4096
1625724842,928013297,6397352,4096
1625724842,928013297,6397360,4096
1625724842,928013297,6397368,4096
1625724842,928013297,6397376,1024
1625724842,928609090,6397272,4096
1625724842,928609090,6397280,4096
1625724842,928610163,6397288,4096
1625724842,928610163,6397296,4096
1625724842,928610163,6397304,4096
1625724842,928610163,6397312,4096
1625724842,930459804,10460952,4096
1625724842,930459804,10460960,4096
1625724842,930459804,10460968,4096
1625724842,930459804,10460976,4096
1625724842,930459804,10460984,4096
1625724842,930460877,10460992,4096
1625724842,930460877,10461000,4096
1625724842,930460877,10461008,4096
1625724842,931258488,10461016,4096
1625724842,931258488,10461024,4096
1625724842,931258488,10461032,4096
1625724842,931259561,10461040,4096
1625724842,931259561,10461048,4096
1625724842,931259561,10461056,2560
1625724842,932659405,8723216,4096
1625724842,932660479,8723224,4096
1625724842,932660479,8723232,4096
1625724842,932660479,8723240,4096
1625724842,932660479,8723248,4096
1625724842,932660479,8723256,4096
1625724842,932660479,8723264,4096
1625724842,932661552,8723272,1536
1625724842,933765110,1435040,4096
1625724842,933765110,1435048,4096
1625724842,933765110,1435056,4096
1625724842,933766184,1435064,4096
1625724842,933766184,1435072,4096
1625724842,933766184,1435080,4096
1625724842,933766184,1435088,4096
1625724842,933766184,1435096,4096
1625724842,934225642,1435104,1024
1625724842,938140696,59816840,4096
1625724842,938140696,59816848,4096
1625724842,938140696,59816856,4096
1625724842,938141770,59816864,4096
1625724842,938141770,59816872,4096
1625724842,938141770,59816880,4096
1625724842,938141770,59816888,4096
1625724842,938141770,59816896,4096
1625724842,938736489,59816904,4096
1625724842,938737562,59816912,4096
1625724842,938737562,59816920,4096
1625724842,938737562,59816928,4096
1625724842,938737562,59816936,4096
1625724842,938737562,59816944,4096
1625724842,938737562,59816952,4096
1625724842,938737562,59816960,4096
1625724842,939181991,59816968,4096
1625724842,939181991,59816976,4096
1625724842,939181991,59816984,4096
1625724842,939181991,59816992,4096
1625724842,939181991,59817000,4096
1625724842,939181991,59817008,4096
1625724842,939183065,59817016,4096
1625724842,939183065,59817024,4096
1625724842,939625347,59817032,4096
1625724842,939625347,59817040,4096
1625724842,939625347,59817048,4096
1625724842,939625347,59817056,4096
1625724842,939626420,59817064,4096
1625724842,939626420,59817072,4096
1625724842,939626420,59817080,4096
1625724842,939626420,59817088,4096
1625724842,940067629,59817096,4096
1625724842,940067629,59817104,4096
1625724842,940067629,59817112,4096
1625724842,940067629,59817120,4096
1625724842,940067629,59817128,4096
1625724842,940067629,59817136,4096
1625724842,940068702,59817144,4096
1625724842,940068702,59817152,4096
1625724842,940506690,59817160,4096
1625724842,940506690,59817168,4096
1625724842,940506690,59817176,4096
1625724842,940506690,59817184,4096
1625724842,940506690,59817192,4096
1625724842,940506690,59817200,4096
1625724842,940507764,59817208,4096
1625724842,940507764,59817216,4096
1625724842,940945752,59817224,4096
1625724842,940945752,59817232,4096
1625724842,940945752,59817240,4096
1625724842,940945752,59817248,4096
1625724842,940946825,59817256,4096
1625724842,940946825,59817264,4096
1625724842,940946825,59817272,4096
1625724842,940946825,59817280,4096
1625724842,941389107,59817288,4096
1625724842,941390181,59817296,4096
1625724842,941390181,59817304,4096
1625724842,941390181,59817312,4096
1625724842,941390181,59817320,4096
1625724842,941390181,59817328,4096
1625724842,941390181,59817336,4096
1625724842,941390181,59817344,4096
1625724842,941828169,59817352,4096
1625724842,941828169,59817360,4096
1625724842,941828169,59817368,4096
1625724842,941829242,59817376,4096
1625724842,941829242,59817384,4096
1625724842,941829242,59817392,4096
1625724842,941829242,59817400,4096
1625724842,941829242,59817408,4096
1625724842,942271524,59817416,4096
1625724842,942271524,59817424,4096
1625724842,942271524,59817432,4096
1625724842,942271524,59817440,4096
1625724842,942271524,59817448,4096
1625724842,942272598,59817456,4096
1625724842,942272598,59817464,4096
1625724842,942272598,59817472,4096
1625724842,942711659,59817480,4096
1625724842,942711659,59817488,4096
1625724842,942711659,59817496,4096
1625724842,942711659,59817504,4096
1625724842,942712733,59817512,4096
1625724842,942712733,59817520,4096
1625724842,942712733,59817528,4096
1625724842,942712733,59817536,4096
1625724842,943151794,59817544,4096
1625724842,943151794,59817552,4096
1625724842,943151794,59817560,4096
1625724842,943151794,59817568,4096
1625724842,943151794,59817576,4096
1625724842,943151794,59817584,4096
1625724842,943152868,59817592,4096
1625724842,943152868,59817600,4096
1625724842,943594076,59817608,4096
1625724842,943594076,59817616,4096
1625724842,943594076,59817624,4096
1625724842,943594076,59817632,4096
1625724842,943594076,59817640,4096
1625724842,943594076,59817648,4096
1625724842,943594076,59817656,4096
1625724842,943594076,59817664,4096
1625724842,943975169,59817672,512
1625724842,949884786,0,512
1625724845,173306512,6769528,4096
1625724845,293768241,28249472,4096
1625724845,293768241,28249480,4096
1625724845,293768241,28249488,4096
1625724845,293768241,28249496,4096
1625724845,293768241,28249504,4096
1625724845,293768241,28249512,4096
1625724845,293769315,28249520,4096
1625724845,293769315,28249528,4096
1625724845,293769315,28249536,4096
1625724845,293769315,28249544,4096
1625724845,293769315,28249552,4096
1625724845,293769315,28249560,4096
1625724845,293769315,28249568,4096
1625724845,293769315,28249576,4096
1625724845,293770388,28249584,4096
1625724845,293770388,28249592,4096
1625724845,293798299,28246768,4096
1625724845,293798299,28246776,4096
1625724845,293798299,28246784,4096
1625724845,293799373,28246792,4096
1625724845,293799373,28246800,4096
1625724845,293799373,28246808,4096
1625724845,293799373,28246816,4096
1625724845,293799373,28246824,4096
1625724845,293799373,28246832,4096
1625724845,293799373,28246840,4096
1625724845,293880959,28246688,4096
1625724845,293880959,28246696,4096
1625724845,293880959,28246704,4096
1625724845,293880959,28246712,4096
1625724845,293880959,28246720,4096
1625724845,293880959,28246728,4096
1625724845,293882032,28246736,4096
1625724845,293882032,28246744,4096
1625724845,293882032,28246752,4096
1625724845,293882032,28246760,4096
1625724847,1004213189,664080,4096
1625724847,1004213189,664088,4096
1625724847,1004214262,664096,4096
1625724847,1004214262,664104,4096
1625724847,1004214262,664112,4096
1625724847,1004214262,664120,4096
1625724847,1004214262,664128,4096
1625724847,1004214262,664136,4096
1625724847,1010615543,9466656,4096
1625724847,1010616616,9466664,4096
1625724847,1010616616,9466672,4096
1625724847,1010616616,9466680,4096
1625724847,1011517283,9466688,4096
1625724847,1011517283,9466696,4096
1625724847,1011517283,9466704,4096
1625724847,1011517283,9466712,4096
1625724847,1011518356,9466720,4096
1625724847,1011518356,9466728,4096
1625724847,1011518356,9466736,4096
1625724847,1011518356,9466744,4096
1625724847,1011518356,9466752,4096
1625724847,1011518356,9466760,4096
1625724847,1011518356,9466768,4096
1625724847,1011518356,9466776,4096
1625724847,1011519430,9466784,4096
1625724847,1011519430,9466792,4096
1625724847,1011613898,9466800,4096
1625724847,1011613898,9466808,4096
1625724847,1011613898,9466816,4096
1625724847,1011613898,9466824,4096
1625724847,1011613898,9466832,4096
1625724847,1011614971,9466840,4096
1625724847,1011614971,9466848,4096
1625724847,1011614971,9466856,4096
1625724847,1011614971,9466864,4096
1625724847,1011614971,9466872,4096
1625724847,1011614971,9466880,4096
1625724847,1011614971,9466888,4096
1625724847,1011614971,9466896,4096
1625724847,1011614971,9466904,4096
1625724847,1012169971,9466912,4096
1625724847,1012169971,9466920,4096
1625724847,1012169971,9466928,4096
1625724847,1012169971,9466936,2560
1625724847,285364310,28120768,4096
1625724847,285365384,28120776,4096
1625724847,285365384,28120784,4096
1625724847,285365384,28120792,4096
1625724847,285365384,28120800,4096
1625724847,285365384,28120808,4096
1625724847,285365384,28120816,4096
1625724847,285365384,28120824,4096
1625724847,285366457,28120832,4096
1625724847,285366457,28120840,4096
1625724847,285366457,28120848,4096
1625724847,285366457,28120856,4096
1625724847,285366457,28120864,4096
1625724847,285366457,28120872,4096
1625724847,285366457,28120880,4096
1625724847,285366457,28120888,4096
1625724847,291265340,9933216,4096
1625724847,291266413,9933224,4096
1625724847,291266413,9933232,4096
1625724847,291266413,9933240,4096
1625724847,291266413,9933248,4096
1625724847,291266413,9933256,4096
1625724847,291266413,9933264,4096
1625724847,291266413,9933272,4096
1625724847,680402649,48935640,4096
1625724847,681081101,2248656,4096
1625724847,681082174,2248664,4096
1625724847,681082174,2248672,4096
1625724847,681082174,2248680,4096
1625724847,681713392,2248688,4096
1625724847,681714466,2248696,4096
1625724847,681714466,2248704,4096
1625724847,681714466,2248712,4096
1625724847,681714466,2248720,4096
1625724847,681714466,2248728,4096
1625724847,681714466,2248736,2560
1625724847,708313649,63697146,4096
1625724847,708313649,63697154,4096
1625724847,708313649,63697162,4096
1625724847,708314722,63697170,4096
1625724847,708314722,63697178,4096
1625724847,708314722,63697186,4096
1625724847,708314722,63697194,4096
1625724847,708314722,63697202,4096
1625724847,823218942,6769576,4096
1625724847,875342734,48935648,4096
1625724847,876185432,2228848,4096
1625724847,876185432,2228856,4096
1625724847,876185432,2228864,4096
1625724847,876185432,2228872,4096
1625724847,876940102,2228880,4096
1625724847,876940102,2228888,4096
1625724847,876940102,2228896,4096
1625724847,876940102,2228904,4096
1625724847,876941176,2228912,4096
1625724847,876941176,2228920,1024
1625724847,969208501,6769592,4096
1625724848,155002478,664336,4096
1625724848,155002478,664344,4096
1625724848,155002478,664352,4096
1625724848,155002478,664360,4096
1625724848,155002478,664368,4096
1625724848,155002478,664376,4096
1625724848,155003551,664384,4096
1625724848,155003551,664392,4096
1625724848,165212536,48935656,4096
1625724848,165763242,3420880,3072
1625724848,234465095,6769720,4096
1625724848,238616319,664400,4096
1625724848,238616319,664408,4096
1625724848,238616319,664416,4096
1625724848,238616319,664424,4096
1625724848,238616319,664432,4096
1625724848,238616319,664440,4096
1625724848,238617393,664448,4096
1625724848,238617393,664456,4096
1625724848,243158298,2231472,4096
1625724848,243158298,2231480,4096
1625724848,243158298,2231488,4096
1625724848,243158298,2231496,4096
1625724848,243900086,2231504,4096
1625724848,243901160,2231512,4096
1625724848,243901160,2231520,4096
1625724848,243901160,2231528,4096
1625724848,243901160,2231536,4096
1625724848,243901160,2231544,1024
1625724848,257605461,63737059,4096
1625724848,257605461,63737067,4096
1625724848,257605461,63737075,4096
1625724848,257606534,63737083,4096
1625724848,258353690,63737091,4096
1625724848,258353690,63737099,4096
1625724848,258354764,63737107,4096
1625724848,258354764,63737115,4096
1625724848,258904396,63737123,4096
1625724848,258904396,63737131,4096
1625724848,258904396,63737139,4096
1625724848,258905469,63737147,4096
1625724848,259456175,63737155,4096
1625724848,259456175,63737163,4096
1625724848,259456175,63737171,4096
1625724848,259456175,63737179,4096
1625724848,324210768,6771936,4096
1625724848,378001706,48935672,4096
1625724848,379400477,596880,4096
1625724848,379401550,596888,4096
1625724848,379401550,596896,512
1625724848,390627140,63696274,4096
1625724848,390627140,63696282,4096
1625724848,390628213,63696290,4096
1625724848,390628213,63696298,4096
1625724848,390628213,63696306,4096
1625724848,390628213,63696314,4096
1625724848,390628213,63696322,4096
1625724848,390628213,63696330,4096
1625724848,451914328,6772040,4096
1625724848,453152074,1411755,4096
1625724848,453153147,1411763,4096
1625724848,453153147,1411771,4096
1625724848,453153147,1411779,4096
1625724848,454083872,63723562,4096
1625724848,454083872,63723570,4096
1625724848,454083872,63723578,4096
1625724848,454083872,63723586,4096
1625724848,454084945,63723594,4096
1625724848,454084945,63723602,4096
1625724848,454084945,63723610,4096
1625724848,454084945,63723618,4096
1625724848,454718310,63722338,4096
1625724848,454719384,63722346,4096
1625724848,454719384,63722354,4096
1625724848,454719384,63722362,4096
1625724848,454719384,63722370,4096
1625724848,454719384,63722378,4096
1625724848,454720457,63722386,4096
1625724848,454720457,63722394,4096
1625724848,468753249,3440312,4096
1625724848,537991852,6772128,4096
1625724848,542751751,664464,4096
1625724848,542751751,664472,4096
1625724848,542751751,664480,4096
1625724848,542751751,664488,4096
1625724848,542751751,664496,4096
1625724848,542752825,664504,4096
1625724848,542752825,664512,4096
1625724848,542752825,664520,4096
1625724848,54595876,6769600,4096
1625724848,547419329,48935680,4096
1625724848,548310334,69089464,4096
1625724848,548310334,69089472,4096
1625724848,548310334,69089480,4096
1625724848,548310334,69089488,4096
1625724848,549257161,69089496,4096
1625724848,549258235,69089504,4096
1625724848,549258235,69089512,4096
1625724848,549258235,69089520,4096
1625724848,549258235,69089528,4096
1625724848,549258235,69089536,4096
1625724848,549258235,69089544,4096
1625724848,549258235,69089552,4096
1625724848,549258235,69089560,4096
1625724848,549259308,69089568,4096
1625724848,549259308,69089576,4096
1625724848,549259308,69089584,4096
1625724848,549259308,69089592,4096
1625724848,549259308,69089600,4096
1625724848,549360217,69089608,4096
1625724848,549360217,69089616,4096
1625724848,549361291,69089624,4096
1625724848,549361291,69089632,4096
1625724848,549361291,69089640,4096
1625724848,549361291,69089648,4096
1625724848,549361291,69089656,4096
1625724848,549361291,69089664,4096
1625724848,549361291,69089672,4096
1625724848,549361291,69089680,4096
1625724848,549361291,69089688,4096
1625724848,549362364,69089696,4096
1625724848,549362364,69089704,4096
1625724848,549362364,69089712,4096
1625724848,550009685,69089720,4096
1625724848,550009685,69089728,4096
1625724848,550009685,69089736,4096
1625724848,550009685,69089744,4096
1625724848,550009685,69089752,4096
1625724848,550010758,69089760,4096
1625724848,550010758,69089768,4096
1625724848,550010758,69089776,4096
1625724848,550010758,69089784,4096
1625724848,550010758,69089792,4096
1625724848,550010758,69089800,4096
1625724848,550010758,69089808,4096
1625724848,550010758,69089816,4096
1625724848,550011832,69089824,4096
1625724848,550011832,69089832,4096
1625724848,550011832,69089840,4096
1625724848,550871705,69089848,4096
1625724848,550871705,69089856,4096
1625724848,550871705,69089864,4096
1625724848,550871705,69089872,4096
1625724848,550872779,69089880,4096
1625724848,550872779,69089888,4096
1625724848,550872779,69089896,4096
1625724848,550872779,69089904,4096
1625724848,550872779,69089912,4096
1625724848,550872779,69089920,4096
1625724848,550872779,69089928,4096
1625724848,550872779,69089936,4096
1625724848,550872779,69089944,4096
1625724848,550873852,69089952,4096
1625724848,550873852,69089960,4096
1625724848,550873852,69089968,4096
1625724848,550997305,69089976,4096
1625724848,550997305,69089984,4096
1625724848,550997305,69089992,4096
1625724848,550998378,69090000,4096
1625724848,550998378,69090008,4096
1625724848,550998378,69090016,4096
1625724848,550998378,69090024,4096
1625724848,550998378,69090032,4096
1625724848,550998378,69090040,4096
1625724848,550998378,69090048,4096
1625724848,550998378,69090056,4096
1625724848,550999452,69090064,4096
1625724848,550999452,69090072,4096
1625724848,550999452,69090080,4096
1625724848,550999452,69090088,4096
1625724848,550999452,69090096,4096
1625724848,555401875,69090104,4096
1625724848,555402949,69090112,4096
1625724848,555402949,69090120,4096
1625724848,555402949,69090128,4096
1625724848,555402949,69090136,4096
1625724848,555402949,69090144,4096
1625724848,555402949,69090152,4096
1625724848,555402949,69090160,4096
1625724848,555402949,69090168,4096
1625724848,555402949,69090176,4096
1625724848,555404022,69090184,4096
1625724848,555404022,69090192,4096
1625724848,555404022,69090200,4096
1625724848,555404022,69090208,4096
1625724848,555404022,69090216,4096
1625724848,555404022,69090224,4096
1625724848,555530695,69090232,4096
1625724848,555530695,69090240,4096
1625724848,555530695,69090248,4096
1625724848,555530695,69090256,4096
1625724848,555530695,69090264,4096
1625724848,555530695,69090272,4096
1625724848,555530695,69090280,4096
1625724848,555531769,69090288,4096
1625724848,555531769,69090296,4096
1625724848,555531769,69090304,4096
1625724848,555531769,69090312,4096
1625724848,555531769,69090320,4096
1625724848,555531769,69090328,4096
1625724848,555531769,69090336,4096
1625724848,555531769,69090344,4096
1625724848,555531769,69090352,4096
1625724848,559691581,69090360,4096
1625724848,559691581,69090368,4096
1625724848,559692655,69090376,4096
1625724848,559692655,69090384,4096
1625724848,559692655,69090392,4096
1625724848,559692655,69090400,4096
1625724848,559692655,69090408,4096
1625724848,559692655,69090416,4096
1625724848,559692655,69090424,4096
1625724848,559692655,69090432,4096
1625724848,559692655,69090440,4096
1625724848,559693728,69090448,4096
1625724848,559693728,69090456,4096
1625724848,559693728,69090464,4096
1625724848,559693728,69090472,4096
1625724848,559693728,69090480,4096
1625724848,559817181,69090488,4096
1625724848,559817181,69090496,4096
1625724848,559817181,69090504,4096
1625724848,559817181,69090512,4096
1625724848,559817181,69090520,4096
1625724848,559817181,69090528,4096
1625724848,559817181,69090536,4096
1625724848,559817181,69090544,4096
1625724848,559817181,69090552,4096
1625724848,559818254,69090560,4096
1625724848,559818254,69090568,4096
1625724848,559818254,69090576,4096
1625724848,559818254,69090584,4096
1625724848,559818254,69090592,4096
1625724848,559818254,69090600,4096
1625724848,559818254,69090608,4096
1625724848,563974846,69090616,4096
1625724848,563974846,69090624,4096
1625724848,563974846,69090632,4096
1625724848,563975920,69090640,4096
1625724848,563975920,69090648,4096
1625724848,563975920,69090656,4096
1625724848,563975920,69090664,4096
1625724848,563975920,69090672,4096
1625724848,563975920,69090680,4096
1625724848,563975920,69090688,4096
1625724848,563975920,69090696,4096
1625724848,563976993,69090704,4096
1625724848,563976993,69090712,4096
1625724848,563976993,69090720,4096
1625724848,563976993,69090728,4096
1625724848,563976993,69090736,4096
1625724848,564100446,69090744,4096
1625724848,564100446,69090752,4096
1625724848,564100446,69090760,4096
1625724848,564100446,69090768,4096
1625724848,564100446,69090776,4096
1625724848,564100446,69090784,4096
1625724848,564101519,69090792,4096
1625724848,564101519,69090800,4096
1625724848,564101519,69090808,4096
1625724848,564101519,69090816,4096
1625724848,564101519,69090824,4096
1625724848,564101519,69090832,4096
1625724848,564101519,69090840,4096
1625724848,564101519,69090848,4096
1625724848,564101519,69090856,4096
1625724848,564102593,69090864,4096
1625724848,568624175,69090872,4096
1625724848,568625248,69090880,4096
1625724848,568625248,69090888,4096
1625724848,568625248,69090896,4096
1625724848,568625248,69090904,4096
1625724848,568625248,69090912,4096
1625724848,568625248,69090920,4096
1625724848,568625248,69090928,4096
1625724848,568625248,69090936,4096
1625724848,568625248,69090944,4096
1625724848,568626322,69090952,4096
1625724848,568626322,69090960,4096
1625724848,568626322,69090968,4096
1625724848,568626322,69090976,4096
1625724848,568626322,69090984,4096
1625724848,568626322,69090992,4096
1625724848,568743333,69091000,4096
1625724848,568743333,69091008,4096
1625724848,568743333,69091016,4096
1625724848,568743333,69091024,4096
1625724848,568743333,69091032,4096
1625724848,568743333,69091040,4096
1625724848,568743333,69091048,4096
1625724848,568743333,69091056,4096
1625724848,568743333,69091064,4096
1625724848,568744407,69091072,4096
1625724848,568744407,69091080,4096
1625724848,568744407,69091088,4096
1625724848,568744407,69091096,4096
1625724848,568744407,69091104,4096
1625724848,568744407,69091112,4096
1625724848,568744407,69091120,4096
1625724848,572938571,69091128,4096
1625724848,572938571,69091136,4096
1625724848,572938571,69091144,4096
1625724848,572938571,69091152,4096
1625724848,572938571,69091160,4096
1625724848,572938571,69091168,4096
1625724848,572938571,69091176,4096
1625724848,572939645,69091184,4096
1625724848,572939645,69091192,4096
1625724848,572939645,69091200,4096
1625724848,572939645,69091208,4096
1625724848,572939645,69091216,4096
1625724848,572939645,69091224,4096
1625724848,572939645,69091232,4096
1625724848,572939645,69091240,4096
1625724848,572939645,69091248,4096
1625724848,573064171,69091256,4096
1625724848,573064171,69091264,4096
1625724848,573064171,69091272,4096
1625724848,573064171,69091280,4096
1625724848,573064171,69091288,4096
1625724848,573064171,69091296,4096
1625724848,573064171,69091304,4096
1625724848,573064171,69091312,4096
1625724848,573064171,69091320,4096
1625724848,573065244,69091328,4096
1625724848,573065244,69091336,4096
1625724848,573065244,69091344,4096
1625724848,573065244,69091352,4096
1625724848,573065244,69091360,4096
1625724848,573065244,69091368,4096
1625724848,573065244,69091376,4096
1625724848,577242233,69091384,4096
1625724848,577242233,69091392,4096
1625724848,577242233,69091400,4096
1625724848,577242233,69091408,4096
1625724848,577242233,69091416,4096
1625724848,577242233,69091424,4096
1625724848,577243306,69091432,4096
1625724848,577243306,69091440,4096
1625724848,577243306,69091448,4096
1625724848,577243306,69091456,4096
1625724848,577243306,69091464,4096
1625724848,577243306,69091472,4096
1625724848,577243306,69091480,4096
1625724848,577243306,69091488,4096
1625724848,577243306,69091496,4096
1625724848,577244380,69091504,4096
1625724848,577366759,69091512,4096
1625724848,577366759,69091520,4096
1625724848,577366759,69091528,4096
1625724848,577367832,69091536,4096
1625724848,577367832,69091544,4096
1625724848,577367832,69091552,4096
1625724848,577367832,69091560,4096
1625724848,577367832,69091568,4096
1625724848,577367832,69091576,4096
1625724848,577367832,69091584,4096
1625724848,577367832,69091592,4096
1625724848,577367832,69091600,4096
1625724848,577368906,69091608,4096
1625724848,577368906,69091616,4096
1625724848,577368906,69091624,4096
1625724848,577368906,69091632,4096
1625724848,581559850,69091640,4096
1625724848,581559850,69091648,4096
1625724848,581559850,69091656,4096
1625724848,581560923,69091664,4096
1625724848,581560923,69091672,4096
1625724848,581560923,69091680,4096
1625724848,581560923,69091688,4096
1625724848,581560923,69091696,4096
1625724848,581560923,69091704,4096
1625724848,581560923,69091712,4096
1625724848,581560923,69091720,4096
1625724848,581560923,69091728,4096
1625724848,581561997,69091736,4096
1625724848,581561997,69091744,4096
1625724848,581561997,69091752,4096
1625724848,581561997,69091760,4096
1625724848,581685449,69091768,4096
1625724848,581685449,69091776,4096
1625724848,581685449,69091784,4096
1625724848,581685449,69091792,4096
1625724848,581685449,69091800,4096
1625724848,581685449,69091808,4096
1625724848,581685449,69091816,4096
1625724848,581685449,69091824,4096
1625724848,581685449,69091832,4096
1625724848,581685449,69091840,4096
1625724848,581686523,69091848,4096
1625724848,581686523,69091856,4096
1625724848,581686523,69091864,4096
1625724848,581686523,69091872,4096
1625724848,581686523,69091880,4096
1625724848,581686523,69091888,4096
1625724848,594258281,69091896,4096
1625724848,594259355,69091904,4096
1625724848,594259355,69091912,4096
1625724848,594259355,69091920,4096
1625724848,594259355,69091928,4096
1625724848,594259355,69091936,4096
1625724848,594260428,69091944,4096
1625724848,594260428,69091952,4096
1625724848,594260428,69091960,4096
1625724848,594260428,69091968,4096
1625724848,594260428,69091976,4096
1625724848,594260428,69091984,4096
1625724848,594260428,69091992,4096
1625724848,594260428,69092000,4096
1625724848,594261502,69092008,4096
1625724848,594261502,69092016,4096
1625724848,594379587,69092024,4096
1625724848,594379587,69092032,4096
1625724848,594379587,69092040,4096
1625724848,594379587,69092048,4096
1625724848,594379587,69092056,4096
1625724848,594379587,69092064,4096
1625724848,594380660,69092072,4096
1625724848,594380660,69092080,4096
1625724848,594380660,69092088,4096
1625724848,594380660,69092096,4096
1625724848,594380660,69092104,4096
1625724848,594380660,69092112,4096
1625724848,594380660,69092120,4096
1625724848,594380660,69092128,4096
1625724848,594381734,69092136,4096
1625724848,594381734,69092144,4096
1625724848,598286053,69092152,4096
1625724848,598286053,69092160,4096
1625724848,598286053,69092168,4096
1625724848,598286053,69092176,4096
1625724848,598286053,69092184,4096
1625724848,598287127,69092192,4096
1625724848,598287127,69092200,4096
1625724848,598287127,69092208,4096
1625724848,598287127,69092216,4096
1625724848,598287127,69092224,4096
1625724848,598287127,69092232,4096
1625724848,598287127,69092240,4096
1625724848,598287127,69092248,4096
1625724848,598287127,69092256,4096
1625724848,598288200,69092264,4096
1625724848,598288200,69092272,4096
1625724848,598412726,69092280,4096
1625724848,598412726,69092288,4096
1625724848,598412726,69092296,4096
1625724848,598412726,69092304,4096
1625724848,598412726,69092312,4096
1625724848,598413800,69092320,4096
1625724848,598413800,69092328,4096
1625724848,598413800,69092336,4096
1625724848,598413800,69092344,4096
1625724848,598413800,69092352,4096
1625724848,598413800,69092360,4096
1625724848,598413800,69092368,4096
1625724848,598413800,69092376,4096
1625724848,598413800,69092384,4096
1625724848,598414873,69092392,4096
1625724848,598414873,69092400,4096
1625724848,602645537,69092408,4096
1625724848,602645537,69092416,4096
1625724848,602645537,69092424,4096
1625724848,602645537,69092432,4096
1625724848,602645537,69092440,4096
1625724848,602645537,69092448,4096
1625724848,602645537,69092456,4096
1625724848,602646610,69092464,4096
1625724848,602646610,69092472,4096
1625724848,602646610,69092480,4096
1625724848,602646610,69092488,4096
1625724848,602646610,69092496,4096
1625724848,602646610,69092504,4096
1625724848,602646610,69092512,4096
1625724848,602646610,69092520,4096
1625724848,602647684,69092528,4096
1625724848,602764695,69092536,4096
1625724848,602764695,69092544,4096
1625724848,602765769,69092552,4096
1625724848,602765769,69092560,4096
1625724848,602765769,69092568,4096
1625724848,602765769,69092576,4096
1625724848,602765769,69092584,4096
1625724848,602765769,69092592,4096
1625724848,602765769,69092600,4096
1625724848,602765769,69092608,4096
1625724848,602765769,69092616,4096
1625724848,602766842,69092624,4096
1625724848,602766842,69092632,4096
1625724848,602766842,69092640,4096
1625724848,602766842,69092648,4096
1625724848,602766842,69092656,4096
1625724848,607289498,69092664,4096
1625724848,607289498,69092672,4096
1625724848,607289498,69092680,4096
1625724848,607290571,69092688,4096
1625724848,607290571,69092696,4096
1625724848,607290571,69092704,4096
1625724848,607290571,69092712,4096
1625724848,607290571,69092720,4096
1625724848,607290571,69092728,4096
1625724848,607290571,69092736,4096
1625724848,607290571,69092744,4096
1625724848,607291645,69092752,4096
1625724848,607291645,69092760,4096
1625724848,607291645,69092768,4096
1625724848,607291645,69092776,4096
1625724848,607291645,69092784,4096
1625724848,607415097,69092792,4096
1625724848,607415097,69092800,4096
1625724848,607415097,69092808,4096
1625724848,607415097,69092816,4096
1625724848,607415097,69092824,4096
1625724848,607415097,69092832,4096
1625724848,607416171,69092840,4096
1625724848,607416171,69092848,4096
1625724848,607416171,69092856,4096
1625724848,607416171,69092864,4096
1625724848,607416171,69092872,4096
1625724848,607416171,69092880,4096
1625724848,607416171,69092888,4096
1625724848,607416171,69092896,4096
1625724848,607416171,69092904,4096
1625724848,607417244,69092912,4096
1625724848,611883004,69092920,4096
1625724848,611883004,69092928,4096
1625724848,611883004,69092936,4096
1625724848,611884078,69092944,4096
1625724848,611884078,69092952,4096
1625724848,611884078,69092960,4096
1625724848,611884078,69092968,4096
1625724848,611884078,69092976,4096
1625724848,611884078,69092984,4096
1625724848,611884078,69092992,4096
1625724848,611884078,69093000,4096
1625724848,611885151,69093008,4096
1625724848,611885151,69093016,4096
1625724848,611885151,69093024,4096
1625724848,611885151,69093032,4096
1625724848,611885151,69093040,4096
1625724848,611998942,69093048,4096
1625724848,611998942,69093056,4096
1625724848,612000016,69093064,4096
1625724848,612000016,69093072,4096
1625724848,612000016,69093080,4096
1625724848,612000016,69093088,4096
1625724848,612000016,69093096,4096
1625724848,612000016,69093104,4096
1625724848,612000016,69093112,4096
1625724848,612000016,69093120,4096
1625724848,612000016,69093128,4096
1625724848,612001089,69093136,4096
1625724848,612001089,69093144,4096
1625724848,612001089,69093152,4096
1625724848,612001089,69093160,4096
1625724848,612001089,69093168,4096
1625724848,616290795,69093176,4096
1625724848,616290795,69093184,4096
1625724848,616290795,69093192,4096
1625724848,616290795,69093200,4096
1625724848,616290795,69093208,4096
1625724848,616290795,69093216,4096
1625724848,616291869,69093224,4096
1625724848,616291869,69093232,4096
1625724848,616291869,69093240,4096
1625724848,616291869,69093248,4096
1625724848,616291869,69093256,4096
1625724848,616291869,69093264,4096
1625724848,616291869,69093272,4096
1625724848,616291869,69093280,4096
1625724848,616292942,69093288,4096
1625724848,616292942,69093296,4096
1625724848,616415321,69093304,4096
1625724848,616416395,69093312,4096
1625724848,616416395,69093320,4096
1625724848,616416395,69093328,4096
1625724848,616416395,69093336,4096
1625724848,616416395,69093344,4096
1625724848,616416395,69093352,4096
1625724848,616416395,69093360,4096
1625724848,616416395,69093368,4096
1625724848,616416395,69093376,4096
1625724848,616417468,69093384,4096
1625724848,616417468,69093392,4096
1625724848,616417468,69093400,4096
1625724848,616417468,69093408,4096
1625724848,616417468,69093416,4096
1625724848,616417468,69093424,4096
1625724848,620614853,69093432,4096
1625724848,620614853,69093440,4096
1625724848,620614853,69093448,4096
1625724848,620614853,69093456,4096
1625724848,620614853,69093464,4096
1625724848,620614853,69093472,4096
1625724848,620615927,69093480,4096
1625724848,620615927,69093488,4096
1625724848,620615927,69093496,4096
1625724848,620615927,69093504,4096
1625724848,620615927,69093512,4096
1625724848,620615927,69093520,4096
1625724848,620615927,69093528,4096
1625724848,620615927,69093536,4096
1625724848,620617000,69093544,4096
1625724848,620617000,69093552,4096
1625724848,620617000,69093560,2560
1625724849,123292075,6773920,4096
1625724849,24965916,848152,4096
1625724849,24965916,848160,4096
1625724849,24966989,848168,4096
1625724849,24966989,848176,4096
1625724849,24966989,848184,4096
1625724849,24966989,848192,4096
1625724849,26732897,1634616,4096
1625724849,26733970,1634624,4096
1625724849,26733970,1634632,4096
1625724849,26733970,1634640,4096
1625724849,26733970,1634648,4096
1625724849,26733970,1634656,4096
1625724849,26733970,1634664,4096
1625724849,26733970,1634672,4096
1625724849,27404908,1634680,4096
1625724849,27404908,1634688,4096
1625724849,27404908,1634696,4096
1625724849,27405981,1634704,4096
1625724849,27405981,1634712,4096
1625724849,27405981,1634720,4096
1625724849,27405981,1634728,4096
1625724849,27405981,1634736,4096
1625724849,27906232,1634744,4096
1625724849,27906232,1634752,4096
1625724849,27906232,1634760,4096
1625724849,27906232,1634768,4096
1625724849,27906232,1634776,4096
1625724849,27906232,1634784,4096
1625724849,27906232,1634792,4096
1625724849,27907306,1634800,4096
1625724849,283626814,27665056,4096
1625724849,283627888,27665064,4096
1625724849,283627888,27665072,4096
1625724849,283627888,27665080,4096
1625724849,283627888,27665088,4096
1625724849,283627888,27665096,4096
1625724849,283627888,27665104,4096
1625724849,283627888,27665112,4096
1625724849,283628961,27665120,4096
1625724849,283628961,27665128,4096
1625724849,283628961,27665136,4096
1625724849,283628961,27665144,4096
1625724849,28401116,1634808,4096
1625724849,28401116,1634816,4096
1625724849,28402189,1634824,4096
1625724849,28402189,1634832,4096
1625724849,28402189,1634840,4096
1625724849,28402189,1634848,4096
1625724849,28402189,1634856,4096
1625724849,28402189,1634864,4096
1625724849,28902440,1634872,4096
1625724849,28902440,1634880,4096
1625724849,28903514,1634888,4096
1625724849,28903514,1634896,4096
1625724849,28903514,1634904,4096
1625724849,28903514,1634912,4096
1625724849,28903514,1634920,4096
1625724849,28903514,1634928,4096
1625724849,29880399,1633272,4096
1625724849,29880399,1633280,4096
1625724849,29880399,1633288,4096
1625724849,29880399,1633296,4096
1625724849,29880399,1633304,4096
1625724849,29880399,1633312,4096
1625724849,29880399,1633320,4096
1625724849,29881472,1633328,4096
1625724849,30522352,1624624,4096
1625724849,30522352,1624632,4096
1625724849,30522352,1624640,4096
1625724849,30522352,1624648,4096
1625724849,30522352,1624656,4096
1625724849,30522352,1624664,4096
1625724849,30522352,1624672,4096
1625724849,30523425,1624680,4096
1625724849,31954401,832104,4096
1625724849,31955474,832112,4096
1625724849,31955474,832120,4096
1625724849,31955474,832128,4096
1625724849,31955474,832136,4096
1625724849,31955474,832144,4096
1625724849,31955474,832152,4096
1625724849,31955474,832160,4096
1625724849,32505106,841376,4096
1625724849,32505106,841384,4096
1625724849,32505106,841392,4096
1625724849,32505106,841400,4096
1625724849,33624767,846432,4096
1625724849,33625840,846440,4096
1625724849,33625840,846448,4096
1625724849,33625840,846456,4096
1625724849,33625840,846464,4096
1625724849,33625840,846472,4096
1625724849,33625840,846480,4096
1625724849,33625840,846488,4096
1625724850,1053988377,664144,4096
1625724850,1053989451,664152,4096
1625724850,1053989451,664160,4096
1625724850,1053989451,664168,4096
1625724850,1053989451,664176,4096
1625724850,1053989451,664184,4096
1625724850,1053989451,664192,4096
1625724850,1053989451,664200,4096
1625724850,1059861496,988696,4096
1625724850,1059861496,988704,2048
1625724850,597660703,824032,4096
1625724850,597660703,824040,4096
1625724850,597661777,824048,512
1625724850,694422773,6776048,4096
1625724850,737802908,48935688,4096
1625724850,738657414,1979736,4096
1625724850,738657414,1979744,4096
1625724850,738657414,1979752,4096
1625724850,738658487,1979760,4096
1625724850,739319763,1979768,4096
1625724850,739320837,1979776,4096
1625724850,739320837,1979784,4096
1625724850,739320837,1979792,4096
1625724850,739320837,1979800,3072
1625724850,831335889,6776176,4096
1625724850,875799186,48935696,4096
1625724850,876571032,61029272,4096
1625724850,876571032,61029280,4096
1625724850,876571032,61029288,4096
1625724850,876572106,61029296,4096
1625724850,877397627,61029304,4096
1625724850,877397627,61029312,4096
1625724850,877397627,61029320,4096
1625724850,877397627,61029328,4096
1625724850,877397627,61029336,4096
1625724850,877398701,61029344,4096
1625724850,877398701,61029352,4096
1625724850,877398701,61029360,4096
1625724850,877398701,61029368,4096
1625724850,877398701,61029376,4096
1625724850,877398701,61029384,4096
1625724850,877398701,61029392,4096
1625724850,877398701,61029400,4096
1625724850,877399774,61029408,4096
1625724850,877502830,61029416,4096
1625724850,877502830,61029424,4096
1625724850,877502830,61029432,4096
1625724850,877502830,61029440,4096
1625724850,877502830,61029448,4096
1625724850,877502830,61029456,4096
1625724850,877502830,61029464,4096
1625724850,877503904,61029472,4096
1625724850,877503904,61029480,4096
1625724850,877503904,61029488,4096
1625724850,877503904,61029496,4096
1625724850,877503904,61029504,4096
1625724850,877503904,61029512,4096
1625724850,877503904,61029520,4096
1625724850,878222075,61029528,4096
1625724850,878222075,61029536,4096
1625724850,878223149,61029544,4096
1625724850,878223149,61029552,3584
1625724850,944952982,6776224,4096
1625724851,195782810,6782592,4096
1625724851,215566341,663696,4096
1625724851,215567415,663704,4096
1625724851,215567415,663712,4096
1625724851,215567415,663720,4096
1625724851,215567415,663728,4096
1625724851,215567415,663736,4096
1625724851,215567415,663744,4096
1625724851,215567415,663752,4096
1625724851,219772314,909288,4096
1625724851,219772314,909296,4096
1625724851,219772314,909304,1024
1625724851,25181116,63737283,4096
1625724851,25181116,63737291,4096
1625724851,25181116,63737299,4096
1625724851,25182190,63737307,4096
1625724851,276821325,69816928,4096
1625724851,276821325,69816936,4096
1625724851,276822398,69816944,4096
1625724851,276822398,69816952,4096
1625724851,284699741,9873440,4096
1625724851,284700815,9873448,4096
1625724851,284700815,9873456,4096
1625724851,284700815,9873464,4096
1625724851,284700815,9873472,4096
1625724851,284700815,9873480,4096
1625724851,284700815,9873488,4096
1625724851,284700815,9873496,4096
1625724851,284701888,9873504,4096
1625724851,284701888,9873512,4096
1625724851,284701888,9873520,4096
1625724851,284701888,9873528,4096
1625724851,298398675,68806176,4096
1625724851,298399748,68806184,4096
1625724851,298399748,68806192,4096
1625724851,298399748,68806200,4096
1625724851,298399748,68806208,4096
1625724851,298399748,68806216,4096
1625724851,298399748,68806224,4096
1625724851,298399748,68806232,4096
1625724851,298400822,68806240,4096
1625724851,298400822,68806248,4096
1625724851,298690667,68806256,4096
1625724851,298690667,68806264,4096
1625724851,298690667,68806272,4096
1625724851,298690667,68806280,4096
1625724851,298690667,68806288,4096
1625724851,298691740,68806296,4096
1625724851,298691740,68806304,4096
1625724851,298691740,68806312,4096
1625724851,298691740,68806320,4096
1625724851,298691740,68806328,4096
1625724851,298793723,27658880,4096
1625724851,298793723,27658888,4096
1625724851,298794796,27658896,4096
1625724851,298794796,27658904,4096
1625724851,298794796,27658912,4096
1625724851,298794796,27658920,4096
1625724851,298794796,27658928,4096
1625724851,298794796,27658936,4096
1625724851,298794796,27658944,4096
1625724851,298794796,27658952,4096
1625724851,298794796,27658960,4096
1625724851,298795870,27658968,4096
1625724851,299255328,27664928,4096
1625724851,299255328,27664936,4096
1625724851,299255328,27664944,4096
1625724851,299255328,27664952,4096
1625724851,299255328,27664960,4096
1625724851,299255328,27664968,4096
1625724851,299256401,27664976,4096
1625724851,299256401,27664984,4096
1625724851,299256401,27664992,4096
1625724851,299256401,27665000,4096
1625724851,299256401,27665008,4096
1625724851,299256401,27665016,4096
1625724851,299555908,67329216,4096
1625724851,299555908,67329224,4096
1625724851,299555908,67329232,4096
1625724851,299556981,67329240,4096
1625724851,299556981,67329248,4096
1625724851,299556981,67329256,4096
1625724851,299556981,67329264,4096
1625724851,299556981,67329272,4096
1625724851,299556981,67329280,4096
1625724851,299556981,67329288,4096
1625724851,299556981,67329296,4096
1625724851,299556981,67329304,4096
1625724851,299558055,67329312,4096
1625724851,299558055,67329320,4096
1625724851,299558055,67329328,4096
1625724851,299558055,67329336,4096
1625724851,303824144,6789312,4096
1625724851,307791800,68775872,4096
1625724851,307791800,68775880,4096
1625724851,307791800,68775888,4096
1625724851,307791800,68775896,4096
1625724851,307929208,68775968,4096
1625724851,307929208,68775976,4096
1625724851,307929208,68775984,4096
1625724851,307930281,68775992,4096
1625724851,339095060,629648,4096
1625724851,339095060,629656,4096
1625724851,339095060,629664,4096
1625724851,339095060,629672,4096
1625724851,339095060,629680,4096
1625724851,339096133,629688,4096
1625724851,339096133,629696,4096
1625724851,339096133,629704,4096
1625724851,342966101,48935704,4096
1625724851,343721845,68857096,4096
1625724851,343721845,68857104,4096
1625724851,343721845,68857112,4096
1625724851,343721845,68857120,4096
1625724851,344332666,68857128,4096
1625724851,344332666,68857136,4096
1625724851,344332666,68857144,4096
1625724851,344333740,68857152,512
1625724851,414801500,6789320,4096
1625724851,434474461,665232,4096
1625724851,434474461,665240,4096
1625724851,434474461,665248,4096
1625724851,434474461,665256,4096
1625724851,434474461,665264,4096
1625724851,434475535,665272,4096
1625724851,434475535,665280,4096
1625724851,434475535,665288,4096
1625724851,438872591,2219664,4096
1625724851,438873664,2219672,4096
1625724851,438873664,2219680,4096
1625724851,438873664,2219688,4096
1625724851,439546749,2219696,4096
1625724851,439546749,2219704,4096
1625724851,439546749,2219712,4096
1625724851,439547822,2219720,4096
1625724851,439547822,2219728,2048
1625724851,46606029,6776256,4096
1625724851,548451177,6789328,4096
1625724851,588382156,665296,4096
1625724851,588382156,665304,4096
1625724851,588383230,665312,4096
1625724851,588383230,665320,4096
1625724851,588383230,665328,4096
1625724851,588383230,665336,4096
1625724851,588383230,665344,4096
1625724851,588383230,665352,4096
1625724851,593716378,3071056,4096
1625724851,593716378,3071064,4096
1625724851,593716378,3071072,4096
1625724851,593717451,3071080,4096
1625724851,594532238,3071088,4096
1625724851,594533311,3071096,4096
1625724851,594533311,3071104,4096
1625724851,594533311,3071112,4096
1625724851,594533311,3071120,4096
1625724851,594533311,3071128,4096
1625724851,594533311,3071136,4096
1625724851,594533311,3071144,4096
1625724851,594533311,3071152,4096
1625724851,594534385,3071160,4096
1625724851,594534385,3071168,4096
1625724851,594534385,3071176,4096
1625724851,594534385,3071184,4096
1625724851,594534385,3071192,4096
1625724851,594627779,3071200,4096
1625724851,594627779,3071208,4096
1625724851,594627779,3071216,4096
1625724851,594628853,3071224,4096
1625724851,594628853,3071232,4096
1625724851,594628853,3071240,4096
1625724851,594628853,3071248,4096
1625724851,594628853,3071256,4096
1625724851,594628853,3071264,4096
1625724851,594628853,3071272,4096
1625724851,594628853,3071280,4096
1625724851,594629926,3071288,4096
1625724851,594629926,3071296,4096
1625724851,594629926,3071304,4096
1625724851,595162382,3071312,4096
1625724851,595163456,3071320,4096
1625724851,595163456,3071328,4096
1625724851,595163456,3071336,4096
1625724851,595163456,3071344,4096
1625724851,595163456,3071352,512
1625724851,68239201,10508744,4096
1625724851,68240275,10508752,4096
1625724851,68240275,10508760,4096
1625724851,68240275,10508768,4096
1625724851,68825332,10508776,4096
1625724851,68826406,10508784,4096
1625724851,68826406,10508792,2048
1625724851,693589450,6789336,4096
1625724851,847425221,665360,4096
1625724851,847426294,665368,4096
1625724851,847426294,665376,4096
1625724851,847426294,665384,4096
1625724851,847426294,665392,4096
1625724851,847426294,665400,4096
1625724851,847427368,665408,4096
1625724851,847427368,665416,4096
1625724851,853412130,5255896,4096
1625724851,854341781,28154696,4096
1625724851,854341781,28154704,4096
1625724851,854341781,28154712,4096
1625724851,854342855,28154720,4096
1625724851,855188773,28154728,4096
1625724851,855188773,28154736,4096
1625724851,855189846,28154744,4096
1625724851,855189846,28154752,4096
1625724851,855189846,28154760,4096
1625724851,855189846,28154768,4096
1625724851,855189846,28154776,4096
1625724851,855189846,28154784,4096
1625724851,855189846,28154792,4096
1625724851,855189846,28154800,4096
1625724851,855190920,28154808,4096
1625724851,855190920,28154816,4096
1625724851,855190920,28154824,4096
1625724851,855190920,28154832,4096
1625724851,855283241,28154840,4096
1625724851,855284314,28154848,4096
1625724851,855284314,28154856,4096
1625724851,855284314,28154864,4096
1625724851,855284314,28154872,4096
1625724851,855284314,28154880,4096
1625724851,855284314,28154888,4096
1625724851,855284314,28154896,4096
1625724851,855285388,28154904,4096
1625724851,855285388,28154912,4096
1625724851,855285388,28154920,4096
1625724851,855285388,28154928,4096
1625724851,855285388,28154936,4096
1625724851,855285388,28154944,4096
1625724851,855880107,28154952,4096
1625724851,855880107,28154960,4096
1625724851,855880107,28154968,4096
1625724851,855880107,28154976,4096
1625724851,855880107,28154984,4096
1625724851,855881180,28154992,4096
1625724851,855881180,28155000,4096
1625724851,855881180,28155008,4096
1625724851,855881180,28155016,4096
1625724851,855881180,28155024,4096
1625724851,855881180,28155032,4096
1625724851,855881180,28155040,4096
1625724851,855881180,28155048,4096
1625724851,855881180,28155056,4096
1625724851,855882254,28155064,4096
1625724851,855882254,28155072,4096
1625724851,856496296,28155080,4096
1625724851,856497369,28155088,4096
1625724851,856497369,28155096,4096
1625724851,856497369,28155104,4096
1625724851,856497369,28155112,4096
1625724851,856497369,28155120,4096
1625724851,856497369,28155128,4096
1625724851,856497369,28155136,4096
1625724851,856497369,28155144,4096
1625724851,856498443,28155152,4096
1625724851,856498443,28155160,4096
1625724851,856498443,28155168,4096
1625724851,856498443,28155176,4096
1625724851,856498443,28155184,4096
1625724851,856498443,28155192,4096
1625724851,856498443,28155200,4096
1625724851,856610087,28155208,4096
1625724851,856610087,28155216,4096
1625724851,856610087,28155224,4096
1625724851,856610087,28155232,4096
1625724851,856611160,28155240,4096
1625724851,856611160,28155248,4096
1625724851,856611160,28155256,4096
1625724851,856611160,28155264,4096
1625724851,856611160,28155272,4096
1625724851,856611160,28155280,4096
1625724851,856611160,28155288,4096
1625724851,856611160,28155296,4096
1625724851,856612234,28155304,4096
1625724851,856612234,28155312,4096
1625724851,856612234,28155320,4096
1625724851,856612234,28155328,4096
1625724851,860822501,28155336,4096
1625724851,860823574,28155344,4096
1625724851,860823574,28155352,4096
1625724851,860823574,28155360,4096
1625724851,860823574,28155368,4096
1625724851,860823574,28155376,4096
1625724851,860823574,28155384,4096
1625724851,860823574,28155392,4096
1625724851,860824648,28155400,4096
1625724851,860824648,28155408,4096
1625724851,860824648,28155416,4096
1625724851,860824648,28155424,4096
1625724851,860824648,28155432,4096
1625724851,860824648,28155440,4096
1625724851,860824648,28155448,4096
1625724851,860824648,28155456,4096
1625724851,860937365,28155464,4096
1625724851,860937365,28155472,4096
1625724851,860937365,28155480,4096
1625724851,860937365,28155488,4096
1625724851,860937365,28155496,4096
1625724851,860937365,28155504,4096
1625724851,860937365,28155512,4096
1625724851,860937365,28155520,4096
1625724851,860938439,28155528,4096
1625724851,860938439,28155536,4096
1625724851,860938439,28155544,4096
1625724851,860938439,28155552,4096
1625724851,860938439,28155560,4096
1625724851,860938439,28155568,4096
1625724851,860938439,28155576,4096
1625724851,860938439,28155584,4096
1625724851,864937226,28155592,4096
1625724851,864938300,28155600,4096
1625724851,864938300,28155608,4096
1625724851,864938300,28155616,4096
1625724851,864938300,28155624,4096
1625724851,864938300,28155632,4096
1625724851,864938300,28155640,4096
1625724851,864938300,28155648,4096
1625724851,864938300,28155656,4096
1625724851,864939373,28155664,4096
1625724851,864939373,28155672,4096
1625724851,864939373,28155680,4096
1625724851,864939373,28155688,4096
1625724851,864939373,28155696,4096
1625724851,864939373,28155704,4096
1625724851,864939373,28155712,4096
1625724851,865066046,28155720,4096
1625724851,865066046,28155728,4096
1625724851,865066046,28155736,4096
1625724851,865066046,28155744,4096
1625724851,865066046,28155752,4096
1625724851,865066046,28155760,4096
1625724851,865067120,28155768,4096
1625724851,865067120,28155776,4096
1625724851,865067120,28155784,4096
1625724851,865067120,28155792,4096
1625724851,865067120,28155800,4096
1625724851,865067120,28155808,4096
1625724851,865067120,28155816,4096
1625724851,865067120,28155824,4096
1625724851,865067120,28155832,4096
1625724851,865068193,28155840,4096
1625724851,869026188,28155848,4096
1625724851,869026188,28155856,4096
1625724851,869026188,28155864,4096
1625724851,869027261,28155872,4096
1625724851,869027261,28155880,4096
1625724851,869027261,28155888,4096
1625724851,869027261,28155896,4096
1625724851,869027261,28155904,4096
1625724851,869027261,28155912,4096
1625724851,869027261,28155920,4096
1625724851,869027261,28155928,4096
1625724851,869028335,28155936,4096
1625724851,869028335,28155944,4096
1625724851,869028335,28155952,4096
1625724851,869028335,28155960,4096
1625724851,869028335,28155968,4096
1625724851,869152861,28155976,4096
1625724851,869152861,28155984,4096
1625724851,869152861,28155992,4096
1625724851,869152861,28156000,4096
1625724851,869152861,28156008,4096
1625724851,869152861,28156016,4096
1625724851,869152861,28156024,4096
1625724851,869152861,28156032,4096
1625724851,869152861,28156040,4096
1625724851,869153934,28156048,4096
1625724851,869153934,28156056,4096
1625724851,869153934,28156064,4096
1625724851,869153934,28156072,4096
1625724851,869153934,28156080,4096
1625724851,869153934,28156088,4096
1625724851,869153934,28156096,4096
1625724851,873281542,28156104,4096
1625724851,873281542,28156112,4096
1625724851,873281542,28156120,4096
1625724851,873281542,28156128,4096
1625724851,873281542,28156136,4096
1625724851,873281542,28156144,4096
1625724851,873282615,28156152,4096
1625724851,873282615,28156160,4096
1625724851,873282615,28156168,4096
1625724851,873282615,28156176,4096
1625724851,873282615,28156184,4096
1625724851,873282615,28156192,4096
1625724851,873282615,28156200,4096
1625724851,873282615,28156208,4096
1625724851,873282615,28156216,4096
1625724851,873283689,28156224,4096
1625724851,873407141,28156232,4096
1625724851,873407141,28156240,4096
1625724851,873407141,28156248,4096
1625724851,873407141,28156256,4096
1625724851,873407141,28156264,4096
1625724851,873407141,28156272,4096
1625724851,873407141,28156280,4096
1625724851,873408215,28156288,4096
1625724851,873408215,28156296,4096
1625724851,873408215,28156304,4096
1625724851,873408215,28156312,4096
1625724851,873408215,28156320,4096
1625724851,873408215,28156328,4096
1625724851,873408215,28156336,4096
1625724851,873408215,28156344,4096
1625724851,873408215,28156352,4096
1625724851,877410223,28156360,4096
1625724851,877410223,28156368,4096
1625724851,877410223,28156376,4096
1625724851,877410223,28156384,4096
1625724851,877410223,28156392,4096
1625724851,877410223,28156400,4096
1625724851,877411296,28156408,4096
1625724851,877411296,28156416,4096
1625724851,877411296,28156424,4096
1625724851,877411296,28156432,4096
1625724851,877411296,28156440,4096
1625724851,877411296,28156448,4096
1625724851,877411296,28156456,4096
1625724851,877411296,28156464,4096
1625724851,877411296,28156472,4096
1625724851,877412370,28156480,4096
1625724851,877534749,28156488,4096
1625724851,877534749,28156496,4096
1625724851,877534749,28156504,4096
1625724851,877535822,28156512,4096
1625724851,877535822,28156520,4096
1625724851,877535822,28156528,4096
1625724851,877535822,28156536,4096
1625724851,877535822,28156544,4096
1625724851,877535822,28156552,4096
1625724851,877535822,28156560,4096
1625724851,877536896,28156568,4096
1625724851,877536896,28156576,4096
1625724851,877536896,28156584,4096
1625724851,877536896,28156592,4096
1625724851,877536896,28156600,4096
1625724851,877536896,28156608,4096
1625724851,881523875,28156616,4096
1625724851,881523875,28156624,4096
1625724851,881523875,28156632,4096
1625724851,881523875,28156640,4096
1625724851,881524948,28156648,4096
1625724851,881524948,28156656,4096
1625724851,881524948,28156664,4096
1625724851,881524948,28156672,4096
1625724851,881524948,28156680,4096
1625724851,881524948,28156688,4096
1625724851,881524948,28156696,4096
1625724851,881524948,28156704,4096
1625724851,881526022,28156712,4096
1625724851,881526022,28156720,4096
1625724851,881526022,28156728,4096
1625724851,881526022,28156736,4096
1625724851,881651621,28156744,4096
1625724851,881652695,28156752,4096
1625724851,881652695,28156760,4096
1625724851,881652695,28156768,4096
1625724851,881652695,28156776,4096
1625724851,881652695,28156784,4096
1625724851,881652695,28156792,4096
1625724851,881652695,28156800,4096
1625724851,881652695,28156808,4096
1625724851,881653768,28156816,4096
1625724851,881653768,28156824,4096
1625724851,881653768,28156832,4096
1625724851,881653768,28156840,4096
1625724851,881653768,28156848,4096
1625724851,881653768,28156856,4096
1625724851,881653768,28156864,4096
1625724851,885995002,28156872,4096
1625724851,885995002,28156880,4096
1625724851,885995002,28156888,4096
1625724851,885996076,28156896,4096
1625724851,885996076,28156904,4096
1625724851,885996076,28156912,4096
1625724851,885996076,28156920,4096
1625724851,885996076,28156928,4096
1625724851,885996076,28156936,4096
1625724851,885996076,28156944,4096
1625724851,885996076,28156952,4096
1625724851,885997149,28156960,4096
1625724851,885997149,28156968,4096
1625724851,885997149,28156976,4096
1625724851,885997149,28156984,4096
1625724851,885997149,28156992,4096
1625724851,886113087,28157000,4096
1625724851,886114161,28157008,4096
1625724851,886114161,28157016,4096
1625724851,886114161,28157024,4096
1625724851,886114161,28157032,4096
1625724851,886114161,28157040,4096
1625724851,886114161,28157048,4096
1625724851,886114161,28157056,4096
1625724851,886114161,28157064,4096
1625724851,886115234,28157072,4096
1625724851,886115234,28157080,4096
1625724851,886115234,28157088,4096
1625724851,886115234,28157096,4096
1625724851,886115234,28157104,4096
1625724851,886115234,28157112,4096
1625724851,886115234,28157120,4096
1625724851,890401720,28157128,4096
1625724851,890402793,28157136,4096
1625724851,890402793,28157144,4096
1625724851,890402793,28157152,4096
1625724851,890402793,28157160,4096
1625724851,890402793,28157168,4096
1625724851,890402793,28157176,4096
1625724851,890402793,28157184,4096
1625724851,890403867,28157192,4096
1625724851,890403867,28157200,4096
1625724851,890403867,28157208,4096
1625724851,890403867,28157216,4096
1625724851,890403867,28157224,4096
1625724851,890403867,28157232,4096
1625724851,890403867,28157240,4096
1625724851,890403867,28157248,4096
1625724851,890518731,28157256,4096
1625724851,890518731,28157264,4096
1625724851,890518731,28157272,4096
1625724851,890518731,28157280,4096
1625724851,890519805,28157288,4096
1625724851,890519805,28157296,4096
1625724851,890519805,28157304,4096
1625724851,890519805,28157312,4096
1625724851,890519805,28157320,4096
1625724851,890519805,28157328,4096
1625724851,890519805,28157336,4096
1625724851,890519805,28157344,4096
1625724851,890520878,28157352,4096
1625724851,890520878,28157360,4096
1625724851,890520878,28157368,4096
1625724851,890520878,28157376,4096
1625724851,894333950,28157384,4096
1625724851,894333950,28157392,4096
1625724851,894333950,28157400,4096
1625724851,894335024,28157408,4096
1625724851,894335024,28157416,4096
1625724851,894335024,28157424,4096
1625724851,894335024,28157432,4096
1625724851,894335024,28157440,4096
1625724851,894335024,28157448,4096
1625724851,894335024,28157456,4096
1625724851,894335024,28157464,4096
1625724851,894336097,28157472,4096
1625724851,894336097,28157480,4096
1625724851,894336097,28157488,4096
1625724851,894336097,28157496,4096
1625724851,894336097,28157504,4096
1625724851,894447741,28157512,4096
1625724851,894447741,28157520,4096
1625724851,894447741,28157528,4096
1625724851,894447741,28157536,4096
1625724851,894447741,28157544,4096
1625724851,894448815,28157552,4096
1625724851,894448815,28157560,4096
1625724851,894448815,28157568,4096
1625724851,894448815,28157576,4096
1625724851,894448815,28157584,4096
1625724851,894448815,28157592,4096
1625724851,894448815,28157600,4096
1625724851,894448815,28157608,4096
1625724851,894448815,28157616,4096
1625724851,894449888,28157624,4096
1625724851,894449888,28157632,4096
1625724851,898712757,28157640,4096
1625724851,898712757,28157648,4096
1625724851,898712757,28157656,4096
1625724851,898712757,28157664,4096
1625724851,898713830,28157672,4096
1625724851,898713830,28157680,4096
1625724851,898713830,28157688,4096
1625724851,898713830,28157696,4096
1625724851,898713830,28157704,4096
1625724851,898713830,28157712,4096
1625724851,898713830,28157720,4096
1625724851,898713830,28157728,4096
1625724851,898714904,28157736,4096
1625724851,898714904,28157744,4096
1625724851,898714904,28157752,4096
1625724851,898714904,28157760,4096
1625724851,898829768,28157768,4096
1625724851,898829768,28157776,4096
1625724851,898830842,28157784,4096
1625724851,898830842,28157792,4096
1625724851,898830842,28157800,4096
1625724851,898830842,28157808,4096
1625724851,898830842,28157816,4096
1625724851,898830842,28157824,4096
1625724851,898830842,28157832,4096
1625724851,898830842,28157840,4096
1625724851,898831915,28157848,4096
1625724851,898831915,28157856,4096
1625724851,898831915,28157864,4096
1625724851,898831915,28157872,4096
1625724851,898831915,28157880,4096
1625724851,898831915,28157888,4096
1625724851,902851099,28157896,4096
1625724851,902851099,28157904,4096
1625724851,902851099,28157912,4096
1625724851,902851099,28157920,4096
1625724851,902851099,28157928,4096
1625724851,902851099,28157936,4096
1625724851,902851099,28157944,4096
1625724851,902851099,28157952,4096
1625724851,902852173,28157960,4096
1625724851,902852173,28157968,4096
1625724851,902852173,28157976,4096
1625724851,902852173,28157984,4096
1625724851,902852173,28157992,4096
1625724851,902852173,28158000,4096
1625724851,902852173,28158008,4096
1625724851,902852173,28158016,4096
1625724851,902963817,28158024,4096
1625724851,902964890,28158032,4096
1625724851,902964890,28158040,4096
1625724851,902964890,28158048,4096
1625724851,902964890,28158056,4096
1625724851,902964890,28158064,4096
1625724851,902964890,28158072,4096
1625724851,902964890,28158080,4096
1625724851,902964890,28158088,4096
1625724851,902964890,28158096,4096
1625724851,902965964,28158104,4096
1625724851,902965964,28158112,4096
1625724851,902965964,28158120,4096
1625724851,902965964,28158128,4096
1625724851,902965964,28158136,4096
1625724851,902965964,28158144,4096
1625724851,907004471,28158152,4096
1625724851,907004471,28158160,4096
1625724851,907005544,28158168,4096
1625724851,907005544,28158176,4096
1625724851,907005544,28158184,4096
1625724851,907005544,28158192,4096
1625724851,907005544,28158200,4096
1625724851,907005544,28158208,4096
1625724851,907005544,28158216,4096
1625724851,907005544,28158224,4096
1625724851,907005544,28158232,4096
1625724851,907006618,28158240,4096
1625724851,907006618,28158248,4096
1625724851,907006618,28158256,4096
1625724851,907006618,28158264,4096
1625724851,907006618,28158272,4096
1625724851,907118262,28158280,4096
1625724851,907118262,28158288,4096
1625724851,907118262,28158296,4096
1625724851,907118262,28158304,4096
1625724851,907118262,28158312,4096
1625724851,907119335,28158320,4096
1625724851,907119335,28158328,4096
1625724851,907119335,28158336,4096
1625724851,907119335,28158344,4096
1625724851,907119335,28158352,4096
1625724851,907119335,28158360,4096
1625724851,907119335,28158368,4096
1625724851,907119335,28158376,4096
1625724851,907120409,28158384,4096
1625724851,907120409,28158392,4096
1625724851,907120409,28158400,4096
1625724851,911071962,28158408,4096
1625724851,911071962,28158416,4096
1625724851,911071962,28158424,4096
1625724851,911071962,28158432,4096
1625724851,911073036,28158440,4096
1625724851,911073036,28158448,4096
1625724851,911073036,28158456,4096
1625724851,911073036,28158464,4096
1625724851,911073036,28158472,4096
1625724851,911073036,28158480,4096
1625724851,911073036,28158488,4096
1625724851,911073036,28158496,4096
1625724851,911074109,28158504,4096
1625724851,911074109,28158512,4096
1625724851,911074109,28158520,4096
1625724851,911074109,28158528,2560
1625724851,911187900,28158533,4096
1625724851,911188974,28158541,4096
1625724851,911188974,28158549,4096
1625724851,911188974,28158557,4096
1625724851,911188974,28158565,4096
1625724851,911188974,28158573,4096
1625724851,911188974,28158581,4096
1625724851,911188974,28158589,4096
1625724851,911188974,28158597,4096
1625724851,911190047,28158605,4096
1625724851,911190047,28158613,4096
1625724851,911190047,28158621,4096
1625724851,911190047,28158629,4096
1625724851,911190047,28158637,4096
1625724851,911190047,28158645,4096
1625724851,911190047,28158653,2560
1625724853,1004935009,48935712,4096
1625724853,1005638151,2674016,4096
1625724853,1005638151,2674024,4096
1625724853,1005638151,2674032,4096
1625724853,1005638151,2674040,4096
1625724853,1006223209,2674048,4096
1625724853,1006224282,2674056,3072
1625724853,1037101363,63721842,4096
1625724853,1037101363,63721850,4096
1625724853,1037101363,63721858,4096
1625724853,1037101363,63721866,4096
1625724853,1037101363,63721874,4096
1625724853,1037101363,63721882,4096
1625724853,1037102436,63721890,4096
1625724853,1037102436,63721898,4096
1625724853,1037778741,67577954,4096
1625724853,1037779815,67577962,4096
1625724853,1037779815,67577970,4096
1625724853,1037779815,67577978,4096
1625724853,1037779815,67577986,4096
1625724853,1037779815,67577994,4096
1625724853,1037779815,67578002,4096
1625724853,1038514089,67578970,4096
1625724853,1038515162,67578978,4096
1625724853,1038515162,67578986,4096
1625724853,1038515162,67578994,4096
1625724853,1038515162,67579002,4096
1625724853,1038515162,67579010,4096
1625724853,1038515162,67579018,4096
1625724853,1038515162,67579026,4096
1625724853,273602399,68734464,4096
1625724853,273603472,68734472,4096
1625724853,273603472,68734480,4096
1625724853,273603472,68734488,4096
1625724853,273603472,68734496,4096
1625724853,273603472,68734504,4096
1625724853,273603472,68734512,4096
1625724853,273603472,68734520,4096
1625724853,273603472,68734528,4096
1625724853,273604546,68734536,4096
1625724853,273604546,68734544,4096
1625724853,273604546,68734552,4096
1625724853,273604546,68734560,4096
1625724853,273604546,68734568,4096
1625724853,273604546,68734576,4096
1625724853,273604546,68734584,4096
1625724853,273641045,69826464,4096
1625724853,273641045,69826472,4096
1625724853,273641045,69826480,4096
1625724853,273641045,69826488,4096
1625724853,273767718,64710400,4096
1625724853,273767718,64710408,4096
1625724853,273768791,64710416,4096
1625724853,273768791,64710424,4096
1625724853,273768791,64710432,4096
1625724853,273768791,64710440,4096
1625724853,273768791,64710448,4096
1625724853,273768791,64710456,4096
1625724853,273768791,64710464,4096
1625724853,273768791,64710472,4096
1625724853,273768791,64710480,4096
1625724853,273769865,64710488,4096
1625724853,273769865,64710496,4096
1625724853,273769865,64710504,4096
1625724853,273769865,64710512,4096
1625724853,273769865,64710520,4096
1625724853,295023018,64822184,512
1625724853,356674123,3156708,4096
1625724853,356674123,3156716,4096
1625724853,356675196,3156724,4096
1625724853,356675196,3156732,4096
1625724853,357193697,3156740,4096
1625724853,357193697,3156748,4096
1625724853,357194770,3156756,4096
1625724853,357194770,3156764,4096
1625724853,357654228,3156772,4096
1625724853,357654228,3156780,4096
1625724853,357654228,3156788,4096
1625724853,357654228,3156796,4096
1625724853,358093290,3156804,4096
1625724853,358093290,3156812,4096
1625724853,358093290,3156820,4096
1625724853,358093290,3156828,4096
1625724853,358530204,3156836,4096
1625724853,358530204,3156844,4096
1625724853,358530204,3156852,4096
1625724853,358531278,3156860,4096
1625724853,358967119,3156868,4096
1625724853,358967119,3156876,4096
1625724853,358967119,3156884,4096
1625724853,358967119,3156892,4096
1625724853,359406180,3156900,4096
1625724853,359406180,3156908,4096
1625724853,359406180,3156916,4096
1625724853,359407254,3156924,4096
1625724853,359842021,3156932,4096
1625724853,359843095,3156940,4096
1625724853,359843095,3156948,4096
1625724853,359843095,3156956,4096
1625724853,360284303,3156964,4096
1625724853,360284303,3156972,4096
1625724853,360284303,3156980,4096
1625724853,360284303,3156988,4096
1625724853,360721218,3156996,4096
1625724853,360721218,3157004,4096
1625724853,360721218,3157012,4096
1625724853,360722291,3157020,4096
1625724853,361157059,3157028,4096
1625724853,361157059,3157036,4096
1625724853,361157059,3157044,4096
1625724853,361157059,3157052,4096
1625724853,361599341,3157060,4096
1625724853,361599341,3157068,4096
1625724853,361600414,3157076,4096
1625724853,361600414,3157084,4096
1625724853,362036255,3157092,4096
1625724853,362036255,3157100,4096
1625724853,362036255,3157108,4096
1625724853,362037329,3157116,4096
1625724853,362476390,3157124,4096
1625724853,362476390,3157132,4096
1625724853,362477464,3157140,4096
1625724853,362477464,3157148,4096
1625724853,362913305,3157156,4096
1625724853,362913305,3157164,4096
1625724853,362913305,3157172,4096
1625724853,362913305,3157180,4096
1625724853,363350219,3157188,4096
1625724853,363350219,3157196,4096
1625724853,363350219,3157204,4096
1625724853,363350219,3157212,4096
1625724853,363792501,3157220,4096
1625724853,363792501,3157228,4096
1625724853,363792501,3157236,4096
1625724853,363793575,3157244,4096
1625724853,364229416,3157252,4096
1625724853,364229416,3157260,4096
1625724853,364229416,3157268,4096
1625724853,364229416,3157276,4096
1625724853,364686727,3157284,4096
1625724853,364686727,3157292,4096
1625724853,364686727,3157300,4096
1625724853,364686727,3157308,4096
1625724853,365123641,3157316,4096
1625724853,365123641,3157324,4096
1625724853,365123641,3157332,4096
1625724853,365123641,3157340,4096
1625724853,365566997,3157348,4096
1625724853,365566997,3157356,4096
1625724853,365566997,3157364,4096
1625724853,365566997,3157372,4096
1625724853,366004985,3157380,4096
1625724853,366004985,3157388,4096
1625724853,366004985,3157396,4096
1625724853,366004985,3157404,4096
1625724853,366440826,3157412,4096
1625724853,366440826,3157420,4096
1625724853,366440826,3157428,4096
1625724853,366440826,3157436,4096
1625724853,366880961,3157444,4096
1625724853,366882034,3157452,4096
1625724853,366882034,3157460,4096
1625724853,366882034,3157468,4096
1625724853,423284798,60240960,4096
1625724853,423284798,60240968,4096
1625724853,423284798,60240976,4096
1625724853,423285871,60240984,4096
1625724853,423285871,60240992,4096
1625724853,423285871,60241000,4096
1625724853,423855900,60240960,4096
1625724853,423856973,60240968,4096
1625724853,423856973,60240976,4096
1625724853,423856973,60240984,4096
1625724853,423856973,60240992,4096
1625724853,423856973,60241000,4096
1625724853,424594468,60240960,4096
1625724853,424594468,60240968,4096
1625724853,424594468,60240976,4096
1625724853,424595541,60240984,4096
1625724853,424595541,60240992,4096
1625724853,424595541,60241000,4096
1625724853,425254670,60241008,4096
1625724853,425255744,60241016,4096
1625724853,425255744,60241024,4096
1625724853,425255744,60241032,4096
1625724853,425255744,60241040,4096
1625724853,425255744,60241048,4096
1625724853,425255744,60241056,4096
1625724853,425952445,60241008,4096
1625724853,425952445,60241016,4096
1625724853,425952445,60241024,4096
1625724853,425952445,60241032,4096
1625724853,425953519,60241040,4096
1625724853,425953519,60241048,4096
1625724853,425953519,60241056,4096
1625724853,426791922,60241008,4096
1625724853,426791922,60241016,4096
1625724853,426791922,60241024,4096
1625724853,426791922,60241032,4096
1625724853,426792996,60241040,4096
1625724853,426792996,60241048,4096
1625724853,426792996,60241056,4096
1625724853,427220249,60241064,4096
1625724853,427220249,60241072,4096
1625724853,427220249,60241080,4096
1625724853,427220249,60241088,4096
1625724853,427220249,60241096,4096
1625724853,427220249,60241104,4096
1625724853,427221322,60241112,4096
1625724853,428033962,60241064,4096
1625724853,428033962,60241072,4096
1625724853,428033962,60241080,4096
1625724853,428033962,60241088,4096
1625724853,428033962,60241096,4096
1625724853,428035035,60241104,4096
1625724853,428035035,60241112,4096
1625724853,428526698,60241120,4096
1625724853,428527772,60241128,4096
1625724853,428527772,60241136,4096
1625724853,428527772,60241144,4096
1625724853,428527772,60241152,4096
1625724853,428527772,60241160,4096
1625724853,428527772,60241168,4096
1625724853,429264193,60241120,4096
1625724853,429264193,60241128,4096
1625724853,429264193,60241136,4096
1625724853,429264193,60241144,4096
1625724853,429264193,60241152,4096
1625724853,429264193,60241160,4096
1625724853,429265266,60241168,4096
1625724853,429985585,60241120,4096
1625724853,429986658,60241128,4096
1625724853,429986658,60241136,4096
1625724853,429986658,60241144,4096
1625724853,429986658,60241152,4096
1625724853,429986658,60241160,4096
1625724853,429986658,60241168,4096
1625724853,430431087,60241176,4096
1625724853,430431087,60241184,4096
1625724853,430432161,60241192,4096
1625724853,430432161,60241200,4096
1625724853,430432161,60241208,4096
1625724853,430432161,60241216,4096
1625724853,431206154,60241176,4096
1625724853,431206154,60241184,4096
1625724853,431206154,60241192,4096
1625724853,431206154,60241200,4096
1625724853,431206154,60241208,4096
1625724853,431206154,60241216,4096
1625724853,431679568,60241224,4096
1625724853,431679568,60241232,4096
1625724853,431679568,60241240,4096
1625724853,431679568,60241248,4096
1625724853,431679568,60241256,4096
1625724853,431679568,60241264,4096
1625724853,432409548,60241224,4096
1625724853,432409548,60241232,4096
1625724853,432409548,60241240,4096
1625724853,432409548,60241248,4096
1625724853,432409548,60241256,4096
1625724853,432410621,60241264,4096
1625724853,433123425,60241224,4096
1625724853,433123425,60241232,4096
1625724853,433123425,60241240,4096
1625724853,433123425,60241248,4096
1625724853,433124499,60241256,4096
1625724853,433124499,60241264,4096
1625724853,433571075,60241272,4096
1625724853,433572148,60241280,4096
1625724853,433572148,60241288,4096
1625724853,433572148,60241296,4096
1625724853,433572148,60241304,4096
1625724853,433572148,60241312,4096
1625724853,434330039,60241272,4096
1625724853,434330039,60241280,4096
1625724853,434331113,60241288,4096
1625724853,434331113,60241296,4096
1625724853,434331113,60241304,4096
1625724853,434331113,60241312,4096
1625724853,435051431,60241272,4096
1625724853,435052505,60241280,4096
1625724853,435052505,60241288,4096
1625724853,435052505,60241296,4096
1625724853,435052505,60241304,4096
1625724853,435052505,60241312,4096
1625724853,435467949,60241320,4096
1625724853,435467949,60241328,4096
1625724853,435467949,60241336,4096
1625724853,435467949,60241344,4096
1625724853,435467949,60241352,4096
1625724853,435467949,60241360,4096
1625724853,436233355,60241320,4096
1625724853,436233355,60241328,4096
1625724853,436233355,60241336,4096
1625724853,436233355,60241344,4096
1625724853,436233355,60241352,4096
1625724853,436234428,60241360,4096
1625724853,436699254,60241368,4096
1625724853,436699254,60241376,4096
1625724853,436699254,60241384,4096
1625724853,436699254,60241392,4096
1625724853,436699254,60241400,4096
1625724853,436699254,60241408,4096
1625724853,437436748,60241368,4096
1625724853,437436748,60241376,4096
1625724853,437436748,60241384,4096
1625724853,437436748,60241392,4096
1625724853,437436748,60241400,4096
1625724853,437437822,60241408,4096
1625724853,438134523,60241368,4096
1625724853,438134523,60241376,4096
1625724853,438134523,60241384,4096
1625724853,438134523,60241392,4096
1625724853,438135597,60241400,4096
1625724853,438135597,60241408,4096
1625724853,438564997,60241416,4096
1625724853,438564997,60241424,4096
1625724853,438564997,60241432,4096
1625724853,438564997,60241440,4096
1625724853,438566070,60241448,4096
1625724853,438566070,60241456,4096
1625724853,439284242,60241416,4096
1625724853,439284242,60241424,4096
1625724853,439284242,60241432,4096
1625724853,439284242,60241440,4096
1625724853,439284242,60241448,4096
1625724853,439284242,60241456,4096
1625724853,439787713,60241464,4096
1625724853,439787713,60241472,4096
1625724853,439788787,60241480,4096
1625724853,439788787,60241488,4096
1625724853,439788787,60241496,4096
1625724853,439788787,60241504,4096
1625724853,439788787,60241512,4096
1625724853,440498370,60241464,4096
1625724853,440498370,60241472,4096
1625724853,440498370,60241480,4096
1625724853,440498370,60241488,4096
1625724853,440498370,60241496,4096
1625724853,440499444,60241504,4096
1625724853,440499444,60241512,4096
1625724853,441229424,60241464,4096
1625724853,441229424,60241472,4096
1625724853,441229424,60241480,4096
1625724853,441230497,60241488,4096
1625724853,441230497,60241496,4096
1625724853,441230497,60241504,4096
1625724853,441230497,60241512,4096
1625724853,441672779,60241520,4096
1625724853,441672779,60241528,4096
1625724853,441672779,60241536,4096
1625724853,442332982,60241520,4096
1625724853,442334055,60241528,4096
1625724853,442334055,60241536,4096
1625724853,442952391,60241520,4096
1625724853,442952391,60241528,4096
1625724853,442952391,60241536,4096
1625724853,443345292,60241544,4096
1625724853,443345292,60241552,4096
1625724853,443345292,60241560,4096
1625724853,443346366,60241568,4096
1625724853,443346366,60241576,4096
1625724853,443346366,60241584,4096
1625724853,444082787,60241544,4096
1625724853,444082787,60241552,4096
1625724853,444082787,60241560,4096
1625724853,444082787,60241568,4096
1625724853,444082787,60241576,4096
1625724853,444082787,60241584,4096
1625724853,444543318,60241592,4096
1625724853,444543318,60241600,4096
1625724853,444543318,60241608,4096
1625724853,444543318,60241616,4096
1625724853,444544392,60241624,4096
1625724853,444544392,60241632,4096
1625724853,445246461,60241592,4096
1625724853,445246461,60241600,4096
1625724853,445246461,60241608,4096
1625724853,445246461,60241616,4096
1625724853,445247534,60241624,4096
1625724853,445247534,60241632,4096
1625724853,445939942,60241592,4096
1625724853,445939942,60241600,4096
1625724853,445939942,60241608,4096
1625724853,445939942,60241616,4096
1625724853,445941015,60241624,4096
1625724853,445941015,60241632,4096
1625724853,446370415,60241640,4096
1625724853,446371489,60241648,4096
1625724853,446371489,60241656,4096
1625724853,446371489,60241664,4096
1625724853,446371489,60241672,4096
1625724853,446371489,60241680,4096
1625724853,447124012,60241640,4096
1625724853,447125086,60241648,4096
1625724853,447125086,60241656,4096
1625724853,447125086,60241664,4096
1625724853,447125086,60241672,4096
1625724853,447125086,60241680,4096
1625724853,447606014,60241688,4096
1625724853,447606014,60241696,4096
1625724853,447606014,60241704,4096
1625724853,447607087,60241712,4096
1625724853,447607087,60241720,4096
1625724853,447607087,60241728,4096
1625724853,448300568,60241688,4096
1625724853,448300568,60241696,4096
1625724853,448300568,60241704,4096
1625724853,448300568,60241712,4096
1625724853,448300568,60241720,4096
1625724853,448300568,60241728,4096
1625724853,449021960,60241688,4096
1625724853,449023034,60241696,4096
1625724853,449023034,60241704,4096
1625724853,449023034,60241712,4096
1625724853,449023034,60241720,4096
1625724853,449023034,60241728,4096
1625724853,449472830,60241736,4096
1625724853,449472830,60241744,4096
1625724853,449472830,60241752,4096
1625724853,449472830,60241760,4096
1625724853,449472830,60241768,4096
1625724853,449472830,60241776,4096
1625724853,450304793,60241736,4096
1625724853,450304793,60241744,4096
1625724853,450305866,60241752,4096
1625724853,450305866,60241760,4096
1625724853,450305866,60241768,4096
1625724853,450305866,60241776,4096
1625724853,450992906,60241736,4096
1625724853,450992906,60241744,4096
1625724853,450993980,60241752,4096
1625724853,450993980,60241760,4096
1625724853,450993980,60241768,4096
1625724853,450993980,60241776,4096
1625724853,451402983,60241784,4096
1625724853,451402983,60241792,4096
1625724853,451402983,60241800,4096
1625724853,451404057,60241808,4096
1625724853,451404057,60241816,4096
1625724853,451404057,60241824,4096
1625724853,452149066,60241784,4096
1625724853,452149066,60241792,4096
1625724853,452150139,60241800,4096
1625724853,452150139,60241808,4096
1625724853,452150139,60241816,4096
1625724853,452150139,60241824,4096
1625724853,452622479,60241832,4096
1625724853,452622479,60241840,4096
1625724853,452623553,60241848,4096
1625724853,452623553,60241856,4096
1625724853,452623553,60241864,4096
1625724853,452623553,60241872,4096
1625724853,452623553,60241880,4096
1625724853,453366415,60241832,4096
1625724853,453366415,60241840,4096
1625724853,453366415,60241848,4096
1625724853,453366415,60241856,4096
1625724853,453366415,60241864,4096
1625724853,453366415,60241872,4096
1625724853,453366415,60241880,4096
1625724853,454131820,60241832,4096
1625724853,454131820,60241840,4096
1625724853,454131820,60241848,4096
1625724853,454132894,60241856,4096
1625724853,454132894,60241864,4096
1625724853,454132894,60241872,4096
1625724853,454132894,60241880,4096
1625724853,454560147,60241888,4096
1625724853,454561220,60241896,4096
1625724853,454561220,60241904,4096
1625724853,454561220,60241912,4096
1625724853,454561220,60241920,4096
1625724853,455322332,60241888,4096
1625724853,455322332,60241896,4096
1625724853,455322332,60241904,4096
1625724853,455323405,60241912,4096
1625724853,455323405,60241920,4096
1625724853,455820436,60241928,4096
1625724853,455820436,60241936,4096
1625724853,455820436,60241944,4096
1625724853,455820436,60241952,4096
1625724853,455820436,60241960,4096
1625724853,455820436,60241968,4096
1625724853,455820436,60241976,4096
1625724853,455821509,60241984,4096
1625724853,456677089,60241928,4096
1625724853,456677089,60241936,4096
1625724853,456677089,60241944,4096
1625724853,456677089,60241952,4096
1625724853,456677089,60241960,4096
1625724853,456677089,60241968,4096
1625724853,456677089,60241976,4096
1625724853,456678162,60241984,4096
1625724853,457306160,60241992,4096
1625724853,457306160,60242000,4096
1625724853,457306160,60242008,4096
1625724853,457306160,60242016,4096
1625724853,457307233,60242024,4096
1625724853,457813925,60242032,4096
1625724853,472334086,60047776,4096
1625724853,472335160,60047784,4096
1625724853,472335160,60047792,4096
1625724853,472335160,60047800,4096
1625724853,472335160,60047808,4096
1625724853,472335160,60047816,4096
1625724853,472335160,60047824,4096
1625724853,472907335,60047776,4096
1625724853,472907335,60047784,4096
1625724853,472907335,60047792,4096
1625724853,472907335,60047800,4096
1625724853,472907335,60047808,4096
1625724853,472907335,60047816,4096
1625724853,472907335,60047824,4096
1625724853,473683476,60047776,4096
1625724853,473683476,60047784,4096
1625724853,473683476,60047792,4096
1625724853,473683476,60047800,4096
1625724853,473683476,60047808,4096
1625724853,473683476,60047816,4096
1625724853,473683476,60047824,4096
1625724853,474388765,60047832,4096
1625724853,474388765,60047840,4096
1625724853,474388765,60047848,4096
1625724853,474389839,60047856,4096
1625724853,474389839,60047864,4096
1625724853,474389839,60047872,4096
1625724853,474389839,60047880,4096
1625724853,475084393,60047832,4096
1625724853,475084393,60047840,4096
1625724853,475084393,60047848,4096
1625724853,475084393,60047856,4096
1625724853,475084393,60047864,4096
1625724853,475084393,60047872,4096
1625724853,475085467,60047880,4096
1625724853,475973251,60047832,4096
1625724853,475973251,60047840,4096
1625724853,475974325,60047848,4096
1625724853,475974325,60047856,4096
1625724853,475974325,60047864,4096
1625724853,475974325,60047872,4096
1625724853,475974325,60047880,4096
1625724853,476401578,60047888,4096
1625724853,476402651,60047896,4096
1625724853,476402651,60047904,4096
1625724853,476402651,60047912,4096
1625724853,476402651,60047920,4096
1625724853,476402651,60047928,4096
1625724853,476402651,60047936,4096
1625724853,477263598,60047888,4096
1625724853,477263598,60047896,4096
1625724853,477263598,60047904,4096
1625724853,477264672,60047912,4096
1625724853,477264672,60047920,4096
1625724853,477264672,60047928,4096
1625724853,477264672,60047936,4096
1625724853,477757408,60047944,4096
1625724853,477757408,60047952,4096
1625724853,477757408,60047960,4096
1625724853,477757408,60047968,4096
1625724853,477757408,60047976,4096
1625724853,477757408,60047984,4096
1625724853,477757408,60047992,4096
1625724853,478542137,60047944,4096
1625724853,478542137,60047952,4096
1625724853,478542137,60047960,4096
1625724853,478543210,60047968,4096
1625724853,478543210,60047976,4096
1625724853,478543210,60047984,4096
1625724853,478543210,60047992,4096
1625724853,479278558,60047944,4096
1625724853,479279631,60047952,4096
1625724853,479279631,60047960,4096
1625724853,479279631,60047968,4096
1625724853,479279631,60047976,4096
1625724853,479279631,60047984,4096
1625724853,479279631,60047992,4096
1625724853,479718693,60048000,4096
1625724853,479719766,60048008,4096
1625724853,479719766,60048016,4096
1625724853,479719766,60048024,4096
1625724853,479719766,60048032,4096
1625724853,479719766,60048040,4096
1625724853,480494833,60048000,4096
1625724853,480494833,60048008,4096
1625724853,480494833,60048016,4096
1625724853,480495907,60048024,4096
1625724853,480495907,60048032,4096
1625724853,480495907,60048040,4096
1625724853,480967173,60048048,4096
1625724853,480967173,60048056,4096
1625724853,480967173,60048064,4096
1625724853,480967173,60048072,4096
1625724853,480968247,60048080,4096
1625724853,480968247,60048088,4096
1625724853,481681051,60048048,4096
1625724853,481681051,60048056,4096
1625724853,481681051,60048064,4096
1625724853,481682124,60048072,4096
1625724853,481682124,60048080,4096
1625724853,481682124,60048088,4096
1625724853,482377752,60048048,4096
1625724853,482377752,60048056,4096
1625724853,482377752,60048064,4096
1625724853,482377752,60048072,4096
1625724853,482377752,60048080,4096
1625724853,482377752,60048088,4096
1625724853,482821108,60048096,4096
1625724853,482821108,60048104,4096
1625724853,482821108,60048112,4096
1625724853,482821108,60048120,4096
1625724853,482822181,60048128,4096
1625724853,482822181,60048136,4096
1625724853,483537132,60048096,4096
1625724853,483537132,60048104,4096
1625724853,483537132,60048112,4096
1625724853,483537132,60048120,4096
1625724853,483537132,60048128,4096
1625724853,483537132,60048136,4096
1625724853,484227393,60048096,4096
1625724853,484228466,60048104,4096
1625724853,484228466,60048112,4096
1625724853,484228466,60048120,4096
1625724853,484228466,60048128,4096
1625724853,484228466,60048136,4096
1625724853,484639617,60048144,4096
1625724853,484639617,60048152,4096
1625724853,484639617,60048160,4096
1625724853,484639617,60048168,4096
1625724853,484639617,60048176,4096
1625724853,484639617,60048184,4096
1625724853,485440448,60048144,4096
1625724853,485440448,60048152,4096
1625724853,485440448,60048160,4096
1625724853,485440448,60048168,4096
1625724853,485441521,60048176,4096
1625724853,485441521,60048184,4096
1625724853,485907420,60048192,4096
1625724853,485907420,60048200,4096
1625724853,485907420,60048208,4096
1625724853,485907420,60048216,4096
1625724853,485907420,60048224,4096
1625724853,485907420,60048232,4096
1625724853,486656723,60048192,4096
1625724853,486656723,60048200,4096
1625724853,486657797,60048208,4096
1625724853,486657797,60048216,4096
1625724853,486657797,60048224,4096
1625724853,486657797,60048232,4096
1625724853,487362013,60048192,4096
1625724853,487362013,60048200,4096
1625724853,487362013,60048208,4096
1625724853,487362013,60048216,4096
1625724853,487363086,60048224,4096
1625724853,487363086,60048232,4096
1625724853,487794633,60048240,4096
1625724853,487794633,60048248,4096
1625724853,487794633,60048256,4096
1625724853,487794633,60048264,4096
1625724853,487795707,60048272,4096
1625724853,487795707,60048280,4096
1625724853,488560039,60048240,4096
1625724853,488560039,60048248,4096
1625724853,488560039,60048256,4096
1625724853,488560039,60048264,4096
1625724853,488561112,60048272,4096
1625724853,488561112,60048280,4096
1625724853,489049555,60048288,4096
1625724853,489049555,60048296,4096
1625724853,489049555,60048304,4096
1625724853,489049555,60048312,4096
1625724853,489049555,60048320,4096
1625724853,489050628,60048328,4096
1625724853,489050628,60048336,4096
1625724853,489761285,60048288,4096
1625724853,489761285,60048296,4096
1625724853,489761285,60048304,4096
1625724853,489761285,60048312,4096
1625724853,489761285,60048320,4096
1625724853,489761285,60048328,4096
1625724853,489761285,60048336,4096
1625724853,490563190,60048288,4096
1625724853,490563190,60048296,4096
1625724853,490563190,60048304,4096
1625724853,490563190,60048312,4096
1625724853,490563190,60048320,4096
1625724853,490564263,60048328,4096
1625724853,490564263,60048336,4096
1625724853,491035530,60048344,4096
1625724853,491035530,60048352,4096
1625724853,491035530,60048360,4096
1625724853,491035530,60048368,4096
1625724853,491036603,60048376,4096
1625724853,491036603,60048384,4096
1625724853,491036603,60048392,4096
1625724853,491803082,60048344,4096
1625724853,491803082,60048352,4096
1625724853,491803082,60048360,4096
1625724853,491804156,60048368,4096
1625724853,491804156,60048376,4096
1625724853,491804156,60048384,4096
1625724853,491804156,60048392,4096
1625724853,492541650,60048344,4096
1625724853,492542724,60048352,4096
1625724853,492542724,60048360,4096
1625724853,492542724,60048368,4096
1625724853,492542724,60048376,4096
1625724853,492542724,60048384,4096
1625724853,492542724,60048392,4096
1625724853,492951727,60048400,4096
1625724853,492951727,60048408,4096
1625724853,492951727,60048416,4096
1625724853,492951727,60048424,4096
1625724853,492951727,60048432,4096
1625724853,493730015,60048400,4096
1625724853,493730015,60048408,4096
1625724853,493730015,60048416,4096
1625724853,493730015,60048424,4096
1625724853,493730015,60048432,4096
1625724853,494186252,60048440,4096
1625724853,494186252,60048448,4096
1625724853,494187326,60048456,4096
1625724853,494187326,60048464,4096
1625724853,494187326,60048472,4096
1625724853,494187326,60048480,4096
1625724853,494909791,60048440,4096
1625724853,494910865,60048448,4096
1625724853,494910865,60048456,4096
1625724853,494910865,60048464,4096
1625724853,494910865,60048472,4096
1625724853,494910865,60048480,4096
1625724853,495606493,60048440,4096
1625724853,495606493,60048448,4096
1625724853,495606493,60048456,4096
1625724853,495606493,60048464,4096
1625724853,495607566,60048472,4096
1625724853,495607566,60048480,4096
1625724853,496033746,60048488,4096
1625724853,496033746,60048496,4096
1625724853,496033746,60048504,4096
1625724853,496033746,60048512,4096
1625724853,496033746,60048520,4096
1625724853,496034819,60048528,4096
1625724853,496784122,60048488,4096
1625724853,496784122,60048496,4096
1625724853,496784122,60048504,4096
1625724853,496784122,60048512,4096
1625724853,496785196,60048520,4096
1625724853,496785196,60048528,4096
1625724853,497266124,60048536,4096
1625724853,497266124,60048544,4096
1625724853,497267197,60048552,4096
1625724853,497267197,60048560,4096
1625724853,497267197,60048568,4096
1625724853,497267197,60048576,4096
1625724853,497969266,60048536,4096
1625724853,497969266,60048544,4096
1625724853,497970340,60048552,4096
1625724853,497970340,60048560,4096
1625724853,497970340,60048568,4096
1625724853,497970340,60048576,4096
1625724853,498684217,60048536,4096
1625724853,498685291,60048544,4096
1625724853,498685291,60048552,4096
1625724853,498685291,60048560,4096
1625724853,498685291,60048568,4096
1625724853,498685291,60048576,4096
1625724853,499132940,60048584,4096
1625724853,499134014,60048592,4096
1625724853,499134014,60048600,4096
1625724853,499134014,60048608,4096
1625724853,499134014,60048616,4096
1625724853,499134014,60048624,4096
1625724853,499969197,60048584,4096
1625724853,499969197,60048592,4096
1625724853,499969197,60048600,4096
1625724853,499970270,60048608,4096
1625724853,499970270,60048616,4096
1625724853,499970270,60048624,4096
1625724853,500659457,60048584,4096
1625724853,500659457,60048592,4096
1625724853,500659457,60048600,4096
1625724853,500659457,60048608,4096
1625724853,500660531,60048616,4096
1625724853,500660531,60048624,4096
1625724853,501072755,60048632,4096
1625724853,501072755,60048640,4096
1625724853,501073828,60048648,4096
1625724853,501073828,60048656,4096
1625724853,501073828,60048664,4096
1625724853,501073828,60048672,4096
1625724853,501839234,60048632,4096
1625724853,501840307,60048640,4096
1625724853,501840307,60048648,4096
1625724853,501840307,60048656,4096
1625724853,501840307,60048664,4096
1625724853,501840307,60048672,4096
1625724853,502297618,60048680,4096
1625724853,502297618,60048688,4096
1625724853,502297618,60048696,4096
1625724853,502297618,60048704,4096
1625724853,502297618,60048712,4096
1625724853,502297618,60048720,4096
1625724853,503014716,60048680,4096
1625724853,503014716,60048688,4096
1625724853,503015790,60048696,4096
1625724853,503015790,60048704,4096
1625724853,503015790,60048712,4096
1625724853,503015790,60048720,4096
1625724853,503742549,60048680,4096
1625724853,503742549,60048688,4096
1625724853,503743623,60048696,4096
1625724853,503743623,60048704,4096
1625724853,503743623,60048712,4096
1625724853,503743623,60048720,4096
1625724853,504186978,60048728,4096
1625724853,504186978,60048736,4096
1625724853,504186978,60048744,4096
1625724853,504186978,60048752,4096
1625724853,504186978,60048760,4096
1625724853,504188052,60048768,4096
1625724853,504188052,60048776,4096
1625724853,504968486,60048728,4096
1625724853,504968486,60048736,4096
1625724853,504968486,60048744,4096
1625724853,504968486,60048752,4096
1625724853,504968486,60048760,4096
1625724853,504969560,60048768,4096
1625724853,504969560,60048776,4096
1625724853,505489134,60048784,4096
1625724853,505489134,60048792,4096
1625724853,505489134,60048800,4096
1625724853,505489134,60048808,4096
1625724853,505490207,60048816,4096
1625724853,505490207,60048824,4096
1625724853,505490207,60048832,4096
1625724853,505490207,60048840,4096
1625724853,506233069,60048784,4096
1625724853,506233069,60048792,4096
1625724853,506233069,60048800,4096
1625724853,506233069,60048808,4096
1625724853,506233069,60048816,4096
1625724853,506234143,60048824,4096
1625724853,506234143,60048832,4096
1625724853,506234143,60048840,4096
1625724853,507090796,60048784,4096
1625724853,507090796,60048792,4096
1625724853,507090796,60048800,4096
1625724853,507090796,60048808,4096
1625724853,507091869,60048816,4096
1625724853,507091869,60048824,4096
1625724853,507091869,60048832,4096
1625724853,507091869,60048840,4096
1625724853,507578165,60048848,4096
1625724853,507578165,60048856,4096
1625724853,507578165,60048864,4096
1625724853,507579238,60048872,4096
1625724853,507579238,60048880,4096
1625724853,507579238,60048888,4096
1625724853,507579238,60048896,4096
1625724853,508340350,60048848,4096
1625724853,508340350,60048856,4096
1625724853,508340350,60048864,4096
1625724853,508340350,60048872,4096
1625724853,508341423,60048880,4096
1625724853,508341423,60048888,4096
1625724853,508341423,60048896,4096
1625724853,509119711,60048848,4096
1625724853,509119711,60048856,4096
1625724853,509119711,60048864,4096
1625724853,509120784,60048872,4096
1625724853,509120784,60048880,4096
1625724853,509120784,60048888,4096
1625724853,509120784,60048896,4096
1625724853,509561993,60048904,4096
1625724853,509561993,60048912,4096
1625724853,509561993,60048920,4096
1625724853,509561993,60048928,4096
1625724853,509561993,60048936,4096
1625724853,509563066,60048944,4096
1625724853,509563066,60048952,4096
1625724853,509563066,60048960,4096
1625724853,510194284,60048968,4096
1625724853,510194284,60048976,4096
1625724853,510194284,60048984,4096
1625724853,510194284,60048992,4096
1625724853,510195358,60049000,4096
1625724853,510195358,60049008,4096
1625724853,510713858,60049016,4096
1625724853,520372138,6765256,4096
1625724853,520840184,6809072,4096
1625724853,521344729,16312512,4096
1625724853,521959844,6809080,4096
1625724853,523836322,6851696,4096
1625724853,524404204,6868384,4096
1625724853,526513631,6778920,4096
1625724853,526978457,6848680,4096
1625724853,527767479,6778928,4096
1625724853,528221570,6848688,4096
1625724853,529224219,6921632,4096
1625724853,531249913,6809104,4096
1625724853,532884854,6828976,4096
1625724853,533391546,6828984,4096
1625724853,538893233,6853912,4096
1625724853,539486879,2857344,4096
1625724853,539942043,6879320,4096
1625724853,540819092,6788520,4096
1625724853,541278550,6880552,4096
1625724853,542714893,6841040,4096
1625724853,543284922,6838376,4096
1625724853,544265027,619336,4096
1625724853,544768499,6885432,4096
1625724853,545379320,6914104,4096
1625724853,545918217,6920560,4096
1625724853,546570905,6921648,4096
1625724853,547158110,508352,4096
1625724853,547805430,6760968,4096
1625724853,548405517,6793976,4096
1625724853,549258949,48945160,4096
1625724853,550185380,6881120,4096
1625724853,551178367,6817472,4096
1625724853,551768792,48942072,4096
1625724853,553911498,6761536,4096
1625724853,554635037,498504,4096
1625724853,555097716,6808504,4096
1625724853,555689214,48951288,4096
1625724853,556247434,6808608,4096
1625724853,556943062,6794048,4096
1625724853,557565692,6794016,4096
1625724853,558214086,6794024,4096
1625724853,558893612,6837600,4096
1625724853,559435729,6767608,4096
1625724853,559984288,480624,4096
1625724853,560451260,480640,4096
1625724853,560955805,6838032,4096
1625724853,561502217,6789256,4096
1625724853,562253667,6837608,4096
1625724853,562808666,6846768,4096
1625724853,563347563,6768248,4096
1625724853,563939062,13095056,4096
1625724853,564403887,15275984,4096
1625724853,564873007,6846776,4096
1625724853,565477387,479480,4096
1625724853,565950801,6829696,4096
1625724853,566690442,6831184,4096
1625724853,567511670,483384,4096
1625724853,568015141,483344,4096
1625724853,568521833,49233168,4096
1625724853,569169154,48945200,4096
1625724853,569775681,2849936,4096
1625724853,570279153,2849928,4096
1625724853,570776183,2849880,4096
1625724853,571294684,6869552,4096
1625724853,571884035,471448,4096
1625724853,572363890,6765000,4096
1625724853,572909228,2839256,4096
1625724853,573411626,2848344,4096
1625724853,573926906,2848888,4096
1625724853,574431451,6868208,4096
1625724853,574981083,2468360,4096
1625724853,575443761,2468352,4096
1625724853,575950453,6778760,4096
1625724853,576422793,6848592,4096
1625724853,577029321,471472,4096
1625724853,577496293,6764992,4096
1625724853,578084571,471656,4096
1625724853,578544029,6805840,4096
1625724853,579081853,6763696,4096
1625724853,579660469,470120,4096
1625724853,580160720,470136,4096
1625724853,580610517,6763840,4096
1625724853,581098959,469624,4096
1625724853,581564858,6761952,4096
1625724853,582181047,470112,4096
1625724853,582650167,6763648,4096
1625724853,583192284,470096,4096
1625724853,583678580,6795632,4096
1625724853,584237873,479472,4096
1625724853,584747786,6762000,4096
1625724853,585290977,469888,4096
1625724853,585737553,469832,4096
1625724853,586285038,6762880,4096
1625724853,586791730,6762888,4096
1625724853,587299495,48946616,4096
1625724853,588056313,470080,4096
1625724853,588507183,6795640,4096
1625724853,589102975,895792,4096
1625724853,589582830,6794896,4096
1625724853,590138903,6794888,4096
1625724853,590801252,6764168,4096
1625724853,591331561,6763848,4096
1625724853,591895149,470104,4096
1625724853,592346019,6795720,4096
1625724853,592837682,469688,4096
1625724853,593285331,469752,4096
1625724853,593731907,6762512,4096
1625724853,594207468,6795280,4096
1625724853,594822583,470144,4096
1625724853,595275600,6763744,4096
1625724853,595790880,6761992,4096
1625724853,596265367,6795008,4096
1625724853,596969583,6806672,4096
1625724853,597565376,471680,4096
1625724853,598051671,49180752,4096
1625724853,598587348,469704,4096
1625724853,599041438,6762296,4096
1625724853,599573894,895368,4096
1625724853,600093468,6795168,4096
1625724853,600674232,6763672,4096
1625724853,601156233,6764048,4096
1625724853,601631794,6763760,4096
1625724853,602159956,474232,4096
1625724853,602640884,469840,4096
1625724853,603103562,6795456,4096
1625724853,603661782,6815992,4096
1625724853,604202826,6837592,4096
1625724853,604781443,6837624,4096
1625724853,605326781,48943144,4096
1625724853,605862457,6837584,4096
1625724853,606437853,6837632,4096
1625724853,606963868,6837576,4096
1625724853,607751817,6762504,4096
1625724853,608226304,473992,4096
1625724853,608778083,49181520,4096
1625724853,609324495,469760,4096
1625724853,609775365,6762552,4096
1625724853,610251999,6795296,4096
1625724853,610823101,6810840,4096
1625724853,611368439,6762336,4096
1625724853,611903042,895224,4096
1625724853,612456968,49181384,4096
1625724853,613006600,6763736,4096
1625724853,613508998,6761976,4096
1625724853,613979191,6761984,4096
1625724853,614484809,48951200,4096
1625724853,615345756,48947176,4096
1625724853,615928667,6763208,4096
1625724853,616838995,44392224,4096
1625724853,616838995,44392232,4096
1625724853,616840068,44392240,4096
1625724853,616840068,44392248,4096
1625724853,616840068,44392256,4096
1625724853,616840068,44392264,4096
1625724853,617426199,44392224,4096
1625724853,617426199,44392232,4096
1625724853,617426199,44392240,4096
1625724853,617426199,44392248,4096
1625724853,617427273,44392256,4096
1625724853,617427273,44392264,4096
1625724853,618192678,44392224,4096
1625724853,618193752,44392232,4096
1625724853,618193752,44392240,4096
1625724853,618193752,44392248,4096
1625724853,618193752,44392256,4096
1625724853,618193752,44392264,4096
1625724853,618867910,44392272,4096
1625724853,618868983,44392280,4096
1625724853,618868983,44392288,4096
1625724853,618868983,44392296,4096
1625724853,618868983,44392304,4096
1625724853,619529186,44392272,4096
1625724853,619529186,44392280,4096
1625724853,619530259,44392288,4096
1625724853,619530259,44392296,4096
1625724853,619530259,44392304,4096
1625724853,620360075,44392272,4096
1625724853,620360075,44392280,4096
1625724853,620360075,44392288,4096
1625724853,620360075,44392296,4096
1625724853,620360075,44392304,4096
1625724853,620805577,44392312,4096
1625724853,620805577,44392320,4096
1625724853,620806651,44392328,4096
1625724853,620806651,44392336,4096
1625724853,620806651,44392344,4096
1625724853,621597820,44392312,4096
1625724853,621597820,44392320,4096
1625724853,621598894,44392328,4096
1625724853,621598894,44392336,4096
1625724853,621598894,44392344,4096
1625724853,622084116,44392352,4096
1625724853,622084116,44392360,4096
1625724853,622084116,44392368,4096
1625724853,622085189,44392376,4096
1625724853,622085189,44392384,4096
1625724853,622802287,44392352,4096
1625724853,622803361,44392360,4096
1625724853,622803361,44392368,4096
1625724853,622803361,44392376,4096
1625724853,622803361,44392384,4096
1625724853,623503283,44392352,4096
1625724853,623503283,44392360,4096
1625724853,623503283,44392368,4096
1625724853,623503283,44392376,4096
1625724853,623503283,44392384,4096
1625724853,623970255,44392392,4096
1625724853,623970255,44392400,4096
1625724853,623971329,44392408,4096
1625724853,623971329,44392416,4096
1625724853,623971329,44392424,4096
1625724853,624741028,44392392,4096
1625724853,624741028,44392400,4096
1625724853,624741028,44392408,4096
1625724853,624741028,44392416,4096
1625724853,624741028,44392424,4096
1625724853,625250941,44392432,4096
1625724853,625250941,44392440,4096
1625724853,625250941,44392448,4096
1625724853,625250941,44392456,4096
1625724853,625250941,44392464,4096
1625724853,625250941,44392472,4096
1625724853,626004538,44392432,4096
1625724853,626004538,44392440,4096
1625724853,626004538,44392448,4096
1625724853,626004538,44392456,4096
1625724853,626004538,44392464,4096
1625724853,626004538,44392472,4096
1625724853,626758135,44392432,4096
1625724853,626758135,44392440,4096
1625724853,626758135,44392448,4096
1625724853,626758135,44392456,4096
1625724853,626758135,44392464,4096
1625724853,626759208,44392472,4096
1625724853,627276635,44392480,4096
1625724853,627276635,44392488,4096
1625724853,627276635,44392496,4096
1625724853,627276635,44392504,4096
1625724853,627277709,44392512,4096
1625724853,627277709,44392520,4096
1625724853,627277709,44392528,4096
1625724853,628080687,44392480,4096
1625724853,628080687,44392488,4096
1625724853,628080687,44392496,4096
1625724853,628080687,44392504,4096
1625724853,628080687,44392512,4096
1625724853,628080687,44392520,4096
1625724853,628080687,44392528,4096
1625724853,628862195,44392480,4096
1625724853,628862195,44392488,4096
1625724853,628862195,44392496,4096
1625724853,628862195,44392504,4096
1625724853,628863268,44392512,4096
1625724853,628863268,44392520,4096
1625724853,628863268,44392528,4096
1625724853,629343123,44392536,4096
1625724853,629343123,44392544,4096
1625724853,629343123,44392552,4096
1625724853,629343123,44392560,4096
1625724853,629343123,44392568,4096
1625724853,629343123,44392576,4096
1625724853,629343123,44392584,4096
1625724853,630209437,44392536,4096
1625724853,630209437,44392544,4096
1625724853,630209437,44392552,4096
1625724853,630209437,44392560,4096
1625724853,630209437,44392568,4096
1625724853,630209437,44392576,4096
1625724853,630209437,44392584,4096
1625724853,630753702,44392592,4096
1625724853,630753702,44392600,4096
1625724853,630753702,44392608,4096
1625724853,630753702,44392616,4096
1625724853,630753702,44392624,4096
1625724853,630753702,44392632,4096
1625724853,630753702,44392640,4096
1625724853,631569562,44392592,4096
1625724853,631569562,44392600,4096
1625724853,631569562,44392608,4096
1625724853,631569562,44392616,4096
1625724853,631569562,44392624,4096
1625724853,631569562,44392632,4096
1625724853,631570635,44392640,4096
1625724853,632375760,44392592,4096
1625724853,632375760,44392600,4096
1625724853,632375760,44392608,4096
1625724853,632375760,44392616,4096
1625724853,632375760,44392624,4096
1625724853,632375760,44392632,4096
1625724853,632376834,44392640,4096
1625724853,632868497,44392648,4096
1625724853,632868497,44392656,4096
1625724853,632868497,44392664,4096
1625724853,632868497,44392672,4096
1625724853,632869570,44392680,4096
1625724853,632869570,44392688,4096
1625724853,633690798,44392648,4096
1625724853,633691871,44392656,4096
1625724853,633691871,44392664,4096
1625724853,633691871,44392672,4096
1625724853,633691871,44392680,4096
1625724853,633691871,44392688,4096
1625724853,634214666,44392696,4096
1625724853,634214666,44392704,4096
1625724853,634214666,44392712,4096
1625724853,634214666,44392720,4096
1625724853,634214666,44392728,4096
1625724853,634214666,44392736,4096
1625724853,634986512,44392696,4096
1625724853,634986512,44392704,4096
1625724853,634986512,44392712,4096
1625724853,634987586,44392720,4096
1625724853,634987586,44392728,4096
1625724853,634987586,44392736,4096
1625724853,635745477,44392696,4096
1625724853,635745477,44392704,4096
1625724853,635745477,44392712,4096
1625724853,635745477,44392720,4096
1625724853,635746550,44392728,4096
1625724853,635746550,44392736,4096
1625724853,636244654,44392744,4096
1625724853,636245728,44392752,4096
1625724853,636245728,44392760,4096
1625724853,636245728,44392768,4096
1625724853,636245728,44392776,4096
1625724853,636245728,44392784,4096
1625724853,637025089,44392744,4096
1625724853,637025089,44392752,4096
1625724853,637025089,44392760,4096
1625724853,637025089,44392768,4096
1625724853,637025089,44392776,4096
1625724853,637025089,44392784,4096
1625724853,637764730,44392744,4096
1625724853,637764730,44392752,4096
1625724853,637764730,44392760,4096
1625724853,637764730,44392768,4096
1625724853,637764730,44392776,4096
1625724853,637764730,44392784,4096
1625724853,638231703,44392792,4096
1625724853,638231703,44392800,4096
1625724853,638231703,44392808,4096
1625724853,638231703,44392816,4096
1625724853,638231703,44392824,4096
1625724853,638231703,44392832,4096
1625724853,639060445,44392792,4096
1625724853,639060445,44392800,4096
1625724853,639060445,44392808,4096
1625724853,639060445,44392816,4096
1625724853,639060445,44392824,4096
1625724853,639060445,44392832,4096
1625724853,639582166,44392840,4096
1625724853,639582166,44392848,4096
1625724853,639583239,44392856,4096
1625724853,639583239,44392864,4096
1625724853,639583239,44392872,4096
1625724853,639583239,44392880,4096
1625724853,640315366,44392840,4096
1625724853,640315366,44392848,4096
1625724853,640315366,44392856,4096
1625724853,640315366,44392864,4096
1625724853,640316440,44392872,4096
1625724853,640316440,44392880,4096
1625724853,641101168,44392840,4096
1625724853,641102242,44392848,4096
1625724853,641102242,44392856,4096
1625724853,641102242,44392864,4096
1625724853,641102242,44392872,4096
1625724853,641102242,44392880,4096
1625724853,641565994,44392888,4096
1625724853,641565994,44392896,4096
1625724853,641565994,44392904,4096
1625724853,642297047,44392888,4096
1625724853,642297047,44392896,4096
1625724853,642297047,44392904,4096
1625724853,642782269,44392912,4096
1625724853,642782269,44392920,4096
1625724853,642782269,44392928,4096
1625724853,642782269,44392936,4096
1625724853,642782269,44392944,4096
1625724853,643480044,44392912,4096
1625724853,643480044,44392920,4096
1625724853,643480044,44392928,4096
1625724853,643480044,44392936,4096
1625724853,643480044,44392944,4096
1625724853,644175672,44392912,4096
1625724853,644175672,44392920,4096
1625724853,644176746,44392928,4096
1625724853,644176746,44392936,4096
1625724853,644176746,44392944,4096
1625724853,644645865,44392952,4096
1625724853,644645865,44392960,4096
1625724853,644645865,44392968,4096
1625724853,644645865,44392976,4096
1625724853,644645865,44392984,4096
1625724853,645523988,44392952,4096
1625724853,645523988,44392960,4096
1625724853,645523988,44392968,4096
1625724853,645523988,44392976,4096
1625724853,645523988,44392984,4096
1625724853,646240013,44392952,4096
1625724853,646240013,44392960,4096
1625724853,646240013,44392968,4096
1625724853,646240013,44392976,4096
1625724853,646241086,44392984,4096
1625724853,646684442,44392992,4096
1625724853,646684442,44393000,4096
1625724853,646684442,44393008,4096
1625724853,646684442,44393016,4096
1625724853,646684442,44393024,4096
1625724853,647454141,44392992,4096
1625724853,647454141,44393000,4096
1625724853,647454141,44393008,4096
1625724853,647454141,44393016,4096
1625724853,647454141,44393024,4096
1625724853,647936143,44393032,4096
1625724853,647936143,44393040,4096
1625724853,647936143,44393048,4096
1625724853,647936143,44393056,4096
1625724853,647936143,44393064,4096
1625724853,648633918,44393032,4096
1625724853,648633918,44393040,4096
1625724853,648633918,44393048,4096
1625724853,648633918,44393056,4096
1625724853,648634991,44393064,4096
1625724853,649320958,44393032,4096
1625724853,649320958,44393040,4096
1625724853,649320958,44393048,4096
1625724853,649320958,44393056,4096
1625724853,649322031,44393064,4096
1625724853,649779342,44393072,4096
1625724853,649779342,44393080,4096
1625724853,649779342,44393088,4096
1625724853,649779342,44393096,4096
1625724853,649779342,44393104,4096
1625724853,650530792,44393072,4096
1625724853,650530792,44393080,4096
1625724853,650530792,44393088,4096
1625724853,650530792,44393096,4096
1625724853,650531866,44393104,4096
1625724853,651040705,44393112,4096
1625724853,651040705,44393120,4096
1625724853,651041778,44393128,4096
1625724853,651041778,44393136,4096
1625724853,651041778,44393144,4096
1625724853,651041778,44393152,4096
1625724853,651780346,44393112,4096
1625724853,651780346,44393120,4096
1625724853,651780346,44393128,4096
1625724853,651780346,44393136,4096
1625724853,651781420,44393144,4096
1625724853,651781420,44393152,4096
1625724853,652541458,44393112,4096
1625724853,652541458,44393120,4096
1625724853,652541458,44393128,4096
1625724853,652541458,44393136,4096
1625724853,652541458,44393144,4096
1625724853,652541458,44393152,4096
1625724853,653036341,44393160,4096
1625724853,653036341,44393168,4096
1625724853,653036341,44393176,4096
1625724853,653036341,44393184,4096
1625724853,653036341,44393192,4096
1625724853,653036341,44393200,4096
1625724853,653781350,44393160,4096
1625724853,653781350,44393168,4096
1625724853,653781350,44393176,4096
1625724853,653781350,44393184,4096
1625724853,653781350,44393192,4096
1625724853,653782424,44393200,4096
1625724853,654525286,44393160,4096
1625724853,654525286,44393168,4096
1625724853,654525286,44393176,4096
1625724853,654525286,44393184,4096
1625724853,654525286,44393192,4096
1625724853,654525286,44393200,4096
1625724853,654987964,44393208,4096
1625724853,654987964,44393216,4096
1625724853,654987964,44393224,4096
1625724853,654987964,44393232,4096
1625724853,654987964,44393240,4096
1625724853,654987964,44393248,4096
1625724853,655807045,44393208,4096
1625724853,655807045,44393216,4096
1625724853,655807045,44393224,4096
1625724853,655807045,44393232,4096
1625724853,655808118,44393240,4096
1625724853,655808118,44393248,4096
1625724853,656325545,44393256,4096
1625724853,656325545,44393264,4096
1625724853,656325545,44393272,4096
1625724853,656325545,44393280,4096
1625724853,656325545,44393288,4096
1625724853,656325545,44393296,4096
1625724853,657140332,44393256,4096
1625724853,657141405,44393264,4096
1625724853,657141405,44393272,4096
1625724853,657141405,44393280,4096
1625724853,657141405,44393288,4096
1625724853,657141405,44393296,4096
1625724853,657995911,44393256,4096
1625724853,657995911,44393264,4096
1625724853,657995911,44393272,4096
1625724853,657995911,44393280,4096
1625724853,657996985,44393288,4096
1625724853,657996985,44393296,4096
1625724853,658481133,44393304,4096
1625724853,658482207,44393312,4096
1625724853,658482207,44393320,4096
1625724853,658482207,44393328,4096
1625724853,658482207,44393336,4096
1625724853,658482207,44393344,4096
1625724853,659357109,44393304,4096
1625724853,659357109,44393312,4096
1625724853,659357109,44393320,4096
1625724853,659357109,44393328,4096
1625724853,659357109,44393336,4096
1625724853,659357109,44393344,4096
1625724853,659894933,44393352,4096
1625724853,659894933,44393360,4096
1625724853,659894933,44393368,4096
1625724853,659894933,44393376,4096
1625724853,659894933,44393384,4096
1625724853,659894933,44393392,4096
1625724853,660731189,44393352,4096
1625724853,660731189,44393360,4096
1625724853,660731189,44393368,4096
1625724853,660731189,44393376,4096
1625724853,660732263,44393384,4096
1625724853,660732263,44393392,4096
1625724853,661509477,44393352,4096
1625724853,661509477,44393360,4096
1625724853,661509477,44393368,4096
1625724853,661510550,44393376,4096
1625724853,661510550,44393384,4096
1625724853,661510550,44393392,4096
1625724853,662022610,44393400,4096
1625724853,662022610,44393408,4096
1625724853,662023683,44393416,4096
1625724853,662023683,44393424,4096
1625724853,662023683,44393432,4096
1625724853,662023683,44393440,4096
1625724853,662023683,44393448,4096
1625724853,662936158,44393400,4096
1625724853,662936158,44393408,4096
1625724853,662936158,44393416,4096
1625724853,662936158,44393424,4096
1625724853,662937232,44393432,4096
1625724853,662937232,44393440,4096
1625724853,662937232,44393448,4096
1625724853,663552347,44393456,4096
1625724853,663552347,44393464,4096
1625724853,663552347,44393472,4096
1625724853,663553421,44393480,4096
1625724853,663553421,44393488,4096
1625724853,667964432,6881720,4096
1625724853,668979963,6816120,4096
1625724853,669572535,48948456,4096
1625724853,670175842,6816112,4096
1625724853,670827457,6816344,4096
1625724853,671398559,48941320,4096
1625724853,672263800,6766656,4096
1625724853,673238538,810128,4096
1625724853,673739862,810072,4096
1625724853,674217570,6766152,4096
1625724853,674707086,6820568,4096
1625724853,675804203,6814264,4096
1625724853,676352761,6801720,4096
1625724853,677331793,6767416,4096
1625724853,677886793,48948376,4096
1625724853,678374162,6811088,4096
1625724853,678911985,6811080,4096
1625724853,679421898,48942392,4096
1625724853,679961868,48942432,4096
1625724853,680596307,7036568,4096
1625724853,680999943,6765408,4096
1625724853,681518443,48926112,4096
1625724853,682054120,6832080,4096
1625724853,683382039,6767336,4096
1625724853,683998228,6767632,4096
1625724853,684640181,6836336,4096
1625724853,685400219,60242048,4096
1625724853,685400219,60242056,4096
1625724853,685401293,60242064,4096
1625724853,685401293,60242072,4096
1625724853,685401293,60242080,4096
1625724853,685401293,60242088,4096
1625724853,685943410,60242048,4096
1625724853,685943410,60242056,4096
1625724853,685943410,60242064,4096
1625724853,685943410,60242072,4096
1625724853,685943410,60242080,4096
1625724853,685943410,60242088,4096
1625724853,686666949,60242048,4096
1625724853,686668023,60242056,4096
1625724853,686668023,60242064,4096
1625724853,686668023,60242072,4096
1625724853,686668023,60242080,4096
1625724853,686668023,60242088,4096
1625724853,687353989,60242096,4096
1625724853,687353989,60242104,4096
1625724853,687353989,60242112,4096
1625724853,687353989,60242120,4096
1625724853,687353989,60242128,4096
1625724853,687355063,60242136,4096
1625724853,687355063,60242144,4096
1625724853,688046397,60242096,4096
1625724853,688046397,60242104,4096
1625724853,688046397,60242112,4096
1625724853,688046397,60242120,4096
1625724853,688046397,60242128,4096
1625724853,688047470,60242136,4096
1625724853,688047470,60242144,4096
1625724853,688930961,60242096,4096
1625724853,688932034,60242104,4096
1625724853,688932034,60242112,4096
1625724853,688932034,60242120,4096
1625724853,688932034,60242128,4096
1625724853,688932034,60242136,4096
1625724853,688932034,60242144,4096
1625724853,689359287,60242152,4096
1625724853,689359287,60242160,4096
1625724853,689359287,60242168,4096
1625724853,689359287,60242176,4096
1625724853,689359287,60242184,4096
1625724853,689359287,60242192,4096
1625724853,689359287,60242200,4096
1625724853,690210573,60242152,4096
1625724853,690210573,60242160,4096
1625724853,690211646,60242168,4096
1625724853,690211646,60242176,4096
1625724853,690211646,60242184,4096
1625724853,690211646,60242192,4096
1625724853,690211646,60242200,4096
1625724853,690704383,60242208,4096
1625724853,690704383,60242216,4096
1625724853,690704383,60242224,4096
1625724853,690704383,60242232,4096
1625724853,690704383,60242240,4096
1625724853,690705456,60242248,4096
1625724853,690705456,60242256,4096
1625724853,691621152,60242208,4096
1625724853,691621152,60242216,4096
1625724853,691621152,60242224,4096
1625724853,691621152,60242232,4096
1625724853,691622225,60242240,4096
1625724853,691622225,60242248,4096
1625724853,691622225,60242256,4096
1625724853,692341470,60242208,4096
1625724853,692342544,60242216,4096
1625724853,692342544,60242224,4096
1625724853,692342544,60242232,4096
1625724853,692342544,60242240,4096
1625724853,692342544,60242248,4096
1625724853,692342544,60242256,4096
1625724853,692786973,60242264,4096
1625724853,692786973,60242272,4096
1625724853,692786973,60242280,4096
1625724853,692788046,60242288,4096
1625724853,692788046,60242296,4096
1625724853,692788046,60242304,4096
1625724853,693600686,60242264,4096
1625724853,693600686,60242272,4096
1625724853,693600686,60242280,4096
1625724853,693600686,60242288,4096
1625724853,693601759,60242296,4096
1625724853,693601759,60242304,4096
1625724853,694073026,60242312,4096
1625724853,694074099,60242320,4096
1625724853,694074099,60242328,4096
1625724853,694074099,60242336,4096
1625724853,694074099,60242344,4096
1625724853,694074099,60242352,4096
1625724853,694842725,60242312,4096
1625724853,694843799,60242320,4096
1625724853,694843799,60242328,4096
1625724853,694843799,60242336,4096
1625724853,694843799,60242344,4096
1625724853,694843799,60242352,4096
1625724853,695548015,60242312,4096
1625724853,695548015,60242320,4096
1625724853,695548015,60242328,4096
1625724853,695548015,60242336,4096
1625724853,695549088,60242344,4096
1625724853,695549088,60242352,4096
1625724853,695994591,60242360,4096
1625724853,695994591,60242368,4096
1625724853,695994591,60242376,4096
1625724853,695995664,60242384,4096
1625724853,695995664,60242392,4096
1625724853,695995664,60242400,4096
1625724853,696784687,60242360,4096
1625724853,696784687,60242368,4096
1625724853,696784687,60242376,4096
1625724853,696784687,60242384,4096
1625724853,696784687,60242392,4096
1625724853,696784687,60242400,4096
1625724853,697483535,60242360,4096
1625724853,697483535,60242368,4096
1625724853,697483535,60242376,4096
1625724853,697484609,60242384,4096
1625724853,697484609,60242392,4096
1625724853,697484609,60242400,4096
1625724853,697893612,60242408,4096
1625724853,697893612,60242416,4096
1625724853,697893612,60242424,4096
1625724853,697894686,60242432,4096
1625724853,697894686,60242440,4096
1625724853,697894686,60242448,4096
1625724853,698684782,60242408,4096
1625724853,698684782,60242416,4096
1625724853,698684782,60242424,4096
1625724853,698684782,60242432,4096
1625724853,698684782,60242440,4096
1625724853,698684782,60242448,4096
1625724853,699142093,60242456,4096
1625724853,699142093,60242464,4096
1625724853,699143166,60242472,4096
1625724853,699143166,60242480,4096
1625724853,699143166,60242488,4096
1625724853,699143166,60242496,4096
1625724853,699878514,60242456,4096
1625724853,699878514,60242464,4096
1625724853,699879587,60242472,4096
1625724853,699879587,60242480,4096
1625724853,699879587,60242488,4096
1625724853,699879587,60242496,4096
1625724853,700589171,60242456,4096
1625724853,700589171,60242464,4096
1625724853,700589171,60242472,4096
1625724853,700589171,60242480,4096
1625724853,700589171,60242488,4096
1625724853,700590244,60242496,4096
1625724853,701019644,60242504,4096
1625724853,701019644,60242512,4096
1625724853,701019644,60242520,4096
1625724853,701019644,60242528,4096
1625724853,701019644,60242536,4096
1625724853,701019644,60242544,4096
1625724853,701770021,60242504,4096
1625724853,701770021,60242512,4096
1625724853,701770021,60242520,4096
1625724853,701770021,60242528,4096
1625724853,701771094,60242536,4096
1625724853,701771094,60242544,4096
1625724853,702252022,60242552,4096
1625724853,702252022,60242560,4096
1625724853,702252022,60242568,4096
1625724853,702252022,60242576,4096
1625724853,702252022,60242584,4096
1625724853,702252022,60242592,4096
1625724853,702961606,60242552,4096
1625724853,702961606,60242560,4096
1625724853,702961606,60242568,4096
1625724853,702961606,60242576,4096
1625724853,702961606,60242584,4096
1625724853,702961606,60242592,4096
1625724853,703660454,60242552,4096
1625724853,703660454,60242560,4096
1625724853,703660454,60242568,4096
1625724853,703661528,60242576,4096
1625724853,703661528,60242584,4096
1625724853,703661528,60242592,4096
1625724853,704114545,60242600,4096
1625724853,704115618,60242608,4096
1625724853,704115618,60242616,4096
1625724853,704115618,60242624,4096
1625724853,704115618,60242632,4096
1625724853,704115618,60242640,4096
1625724853,704871362,60242600,4096
1625724853,704871362,60242608,4096
1625724853,704871362,60242616,4096
1625724853,704871362,60242624,4096
1625724853,704871362,60242632,4096
1625724853,704871362,60242640,4096
1625724853,705588460,60242600,4096
1625724853,705588460,60242608,4096
1625724853,705588460,60242616,4096
1625724853,705589534,60242624,4096
1625724853,705589534,60242632,4096
1625724853,705589534,60242640,4096
1625724853,705998537,60242648,4096
1625724853,705998537,60242656,4096
1625724853,705999611,60242664,4096
1625724853,705999611,60242672,4096
1625724853,705999611,60242680,4096
1625724853,705999611,60242688,4096
1625724853,706765016,60242648,4096
1625724853,706765016,60242656,4096
1625724853,706765016,60242664,4096
1625724853,706766090,60242672,4096
1625724853,706766090,60242680,4096
1625724853,706766090,60242688,4096
1625724853,707215886,60242696,4096
1625724853,707215886,60242704,4096
1625724853,707215886,60242712,4096
1625724853,707215886,60242720,4096
1625724853,707215886,60242728,4096
1625724853,707215886,60242736,4096
1625724853,707915808,60242696,4096
1625724853,707915808,60242704,4096
1625724853,707915808,60242712,4096
1625724853,707915808,60242720,4096
1625724853,707915808,60242728,4096
1625724853,707915808,60242736,4096
1625724853,708607142,60242696,4096
1625724853,708607142,60242704,4096
1625724853,708608216,60242712,4096
1625724853,708608216,60242720,4096
1625724853,708608216,60242728,4096
1625724853,708608216,60242736,4096
1625724853,709020440,60242744,4096
1625724853,709020440,60242752,4096
1625724853,709020440,60242760,4096
1625724853,709020440,60242768,4096
1625724853,709719288,60242744,4096
1625724853,709719288,60242752,4096
1625724853,709719288,60242760,4096
1625724853,709719288,60242768,4096
1625724853,710181967,60242776,4096
1625724853,710181967,60242784,4096
1625724853,710183040,60242792,4096
1625724853,710183040,60242800,4096
1625724853,710183040,60242808,4096
1625724853,710183040,60242816,4096
1625724853,710894771,60242776,4096
1625724853,710894771,60242784,4096
1625724853,710895844,60242792,4096
1625724853,710895844,60242800,4096
1625724853,710895844,60242808,4096
1625724853,710895844,60242816,4096
1625724853,711595766,60242776,4096
1625724853,711595766,60242784,4096
1625724853,711595766,60242792,4096
1625724853,711595766,60242800,4096
1625724853,711595766,60242808,4096
1625724853,711596840,60242816,4096
1625724853,712040195,60242824,4096
1625724853,712040195,60242832,4096
1625724853,712040195,60242840,4096
1625724853,712040195,60242848,4096
1625724853,712041269,60242856,4096
1625724853,712041269,60242864,4096
1625724853,712889334,60242824,4096
1625724853,712889334,60242832,4096
1625724853,712889334,60242840,4096
1625724853,712889334,60242848,4096
1625724853,712889334,60242856,4096
1625724853,712889334,60242864,4096
1625724853,713565639,60242824,4096
1625724853,713565639,60242832,4096
1625724853,713565639,60242840,4096
1625724853,713566712,60242848,4096
1625724853,713566712,60242856,4096
1625724853,713566712,60242864,4096
1625724853,713974642,60242872,4096
1625724853,713974642,60242880,4096
1625724853,713974642,60242888,4096
1625724853,713975716,60242896,4096
1625724853,713975716,60242904,4096
1625724853,713975716,60242912,4096
1625724853,714734680,60242872,4096
1625724853,714734680,60242880,4096
1625724853,714735754,60242888,4096
1625724853,714735754,60242896,4096
1625724853,714735754,60242904,4096
1625724853,714735754,60242912,4096
1625724853,715207020,60242920,4096
1625724853,715207020,60242928,4096
1625724853,715207020,60242936,4096
1625724853,715207020,60242944,4096
1625724853,715207020,60242952,4096
1625724853,715208094,60242960,4096
1625724853,715882252,60242920,4096
1625724853,715882252,60242928,4096
1625724853,715882252,60242936,4096
1625724853,715882252,60242944,4096
1625724853,715882252,60242952,4096
1625724853,715882252,60242960,4096
1625724853,716558557,60242920,4096
1625724853,716558557,60242928,4096
1625724853,716558557,60242936,4096
1625724853,716558557,60242944,4096
1625724853,716558557,60242952,4096
1625724853,716559630,60242960,4096
1625724853,716983663,60242968,4096
1625724853,716983663,60242976,4096
1625724853,716983663,60242984,4096
1625724853,716983663,60242992,4096
1625724853,716984736,60243000,4096
1625724853,716984736,60243008,4096
1625724853,717721157,60242968,4096
1625724853,717721157,60242976,4096
1625724853,717721157,60242984,4096
1625724853,717721157,60242992,4096
1625724853,717721157,60243000,4096
1625724853,717721157,60243008,4096
1625724853,718206379,60243016,4096
1625724853,718206379,60243024,4096
1625724853,718206379,60243032,4096
1625724853,718206379,60243040,4096
1625724853,718207453,60243048,4096
1625724853,718207453,60243056,4096
1625724853,718897713,60243016,4096
1625724853,718897713,60243024,4096
1625724853,718897713,60243032,4096
1625724853,718897713,60243040,4096
1625724853,718897713,60243048,4096
1625724853,718897713,60243056,4096
1625724853,719618032,60243016,4096
1625724853,719618032,60243024,4096
1625724853,719619105,60243032,4096
1625724853,719619105,60243040,4096
1625724853,719619105,60243048,4096
1625724853,719619105,60243056,4096
1625724853,720068902,60243064,4096
1625724853,720068902,60243072,4096
1625724853,720068902,60243080,4096
1625724853,720068902,60243088,4096
1625724853,720069975,60243096,4096
1625724853,720069975,60243104,4096
1625724853,720792441,60243064,4096
1625724853,720792441,60243072,4096
1625724853,720792441,60243080,4096
1625724853,720792441,60243088,4096
1625724853,720792441,60243096,4096
1625724853,720792441,60243104,4096
1625724853,721500951,60243064,4096
1625724853,721500951,60243072,4096
1625724853,721502024,60243080,4096
1625724853,721502024,60243088,4096
1625724853,721502024,60243096,4096
1625724853,721502024,60243104,4096
1625724853,721917469,60243112,4096
1625724853,721917469,60243120,4096
1625724853,721917469,60243128,4096
1625724853,721917469,60243136,4096
1625724853,721917469,60243144,4096
1625724853,721917469,60243152,4096
1625724853,722648522,60243112,4096
1625724853,722648522,60243120,4096
1625724853,722648522,60243128,4096
1625724853,722648522,60243136,4096
1625724853,722648522,60243144,4096
1625724853,722649596,60243152,4096
1625724853,723112274,60243160,4096
1625724853,723112274,60243168,4096
1625724853,723113348,60243176,4096
1625724853,723113348,60243184,4096
1625724853,723113348,60243192,4096
1625724853,723113348,60243200,4096
1625724853,723800388,60243160,4096
1625724853,723800388,60243168,4096
1625724853,723800388,60243176,4096
1625724853,723800388,60243184,4096
1625724853,723800388,60243192,4096
1625724853,723801461,60243200,4096
1625724853,724467031,60243160,4096
1625724853,724467031,60243168,4096
1625724853,724467031,60243176,4096
1625724853,724468105,60243184,4096
1625724853,724468105,60243192,4096
1625724853,724468105,60243200,4096
1625724853,724920048,60243208,4096
1625724853,724920048,60243216,4096
1625724853,724920048,60243224,4096
1625724853,724920048,60243232,4096
1625724853,725615676,60243208,4096
1625724853,725615676,60243216,4096
1625724853,725616750,60243224,4096
1625724853,725616750,60243232,4096
1625724853,726097678,60243240,4096
1625724853,726098751,60243248,4096
1625724853,726098751,60243256,4096
1625724853,726098751,60243264,4096
1625724853,726098751,60243272,4096
1625724853,726098751,60243280,4096
1625724853,726098751,60243288,4096
1625724853,726098751,60243296,4096
1625724853,726911391,60243240,4096
1625724853,726911391,60243248,4096
1625724853,726911391,60243256,4096
1625724853,726911391,60243264,4096
1625724853,726911391,60243272,4096
1625724853,726911391,60243280,4096
1625724853,726911391,60243288,4096
1625724853,726911391,60243296,4096
1625724853,727531874,60243304,4096
1625724853,727531874,60243312,4096
1625724853,727531874,60243320,4096
1625724853,727531874,60243328,4096
1625724853,727532947,60243336,4096
1625724853,728063256,60243344,4096
1625724853,728063256,60243352,4096
1625724853,728063256,60243360,4096
1625724853,728063256,60243368,4096
1625724853,728557066,60243376,4096
1625724853,728557066,60243384,4096
1625724853,728558140,60243392,4096
1625724853,734479566,48946784,4096
1625724853,735164459,809880,4096
1625724853,735743075,810080,4096
1625724853,736163887,6766168,4096
1625724853,736763974,10593432,4096
1625724853,737215917,6820584,4096
1625724853,737789166,6801760,4096
1625724853,738515926,6800640,4096
1625724853,739162173,6767768,4096
1625724853,739679600,480752,4096
1625724853,740082162,48943528,4096
1625724853,740565237,6840960,4096
1625724853,741041871,6840968,4096
1625724853,741582915,6839520,4096
1625724853,742057402,6767792,4096
1625724853,742610255,481872,4096
1625724853,743131976,6843512,4096
1625724853,743647256,6843424,4096
1625724853,744157168,6842104,4096
1625724853,744670301,6843520,4096
1625724853,745152303,6886136,4096
1625724853,746000368,6765336,4096
1625724853,746638027,7090816,4096
1625724853,747150086,48943288,4096
1625724853,748009960,768776,4096
1625724853,748011033,768784,4096
1625724853,748011033,768792,4096
1625724853,748011033,768800,4096
1625724853,748011033,768808,4096
1625724853,748494108,768776,4096
1625724853,748495182,768784,4096
1625724853,748495182,768792,4096
1625724853,748495182,768800,4096
1625724853,748495182,768808,4096
1625724853,749128547,768776,4096
1625724853,749128547,768784,4096
1625724853,749129620,768792,4096
1625724853,749129620,768800,4096
1625724853,749129620,768808,4096
1625724853,749729707,769480,4096
1625724853,749729707,769488,4096
1625724853,749729707,769496,4096
1625724853,749729707,769504,4096
1625724853,749729707,769512,4096
1625724853,750327646,769480,4096
1625724853,750327646,769488,4096
1625724853,750327646,769496,4096
1625724853,750327646,769504,4096
1625724853,750327646,769512,4096
1625724853,750947056,769480,4096
1625724853,750947056,769488,4096
1625724853,750947056,769496,4096
1625724853,750948129,769504,4096
1625724853,750948129,769512,4096
1625724853,751487026,1780600,4096
1625724853,751488100,1780608,4096
1625724853,751488100,1780616,4096
1625724853,751488100,1780624,4096
1625724853,751488100,1780632,4096
1625724853,751488100,1780640,4096
1625724853,752168699,1780600,4096
1625724853,752168699,1780608,4096
1625724853,752169772,1780616,4096
1625724853,752169772,1780624,4096
1625724853,752169772,1780632,4096
1625724853,752169772,1780640,4096
1625724853,752798843,7492192,4096
1625724853,752798843,7492200,4096
1625724853,752798843,7492208,4096
1625724853,752798843,7492216,4096
1625724853,752798843,7492224,4096
1625724853,752798843,7492232,4096
1625724853,752798843,7492240,4096
1625724853,753432208,7492192,4096
1625724853,753432208,7492200,4096
1625724853,753432208,7492208,4096
1625724853,753432208,7492216,4096
1625724853,753433282,7492224,4096
1625724853,753433282,7492232,4096
1625724853,753433282,7492240,4096
1625724853,754148233,7492192,4096
1625724853,754148233,7492200,4096
1625724853,754148233,7492208,4096
1625724853,754148233,7492216,4096
1625724853,754149306,7492224,4096
1625724853,754149306,7492232,4096
1625724853,754149306,7492240,4096
1625724853,754836346,7508704,4096
1625724853,754836346,7508712,4096
1625724853,754836346,7508720,4096
1625724853,754837420,7508728,4096
1625724853,754837420,7508736,4096
1625724853,754837420,7508744,4096
1625724853,754837420,7508752,4096
1625724853,755560959,7508704,4096
1625724853,755560959,7508712,4096
1625724853,755560959,7508720,4096
1625724853,755560959,7508728,4096
1625724853,755560959,7508736,4096
1625724853,755562032,7508744,4096
1625724853,755562032,7508752,4096
1625724853,756266248,7515136,4096
1625724853,756266248,7515144,4096
1625724853,756266248,7515152,4096
1625724853,756266248,7515160,4096
1625724853,756266248,7515168,4096
1625724853,756267322,7515176,4096
1625724853,756267322,7515184,4096
1625724853,756927524,7515136,4096
1625724853,756927524,7515144,4096
1625724853,756927524,7515152,4096
1625724853,756927524,7515160,4096
1625724853,756927524,7515168,4096
1625724853,756927524,7515176,4096
1625724853,756928598,7515184,4096
1625724853,757681121,7515136,4096
1625724853,757682195,7515144,4096
1625724853,757682195,7515152,4096
1625724853,757682195,7515160,4096
1625724853,757682195,7515168,4096
1625724853,757682195,7515176,4096
1625724853,757682195,7515184,4096
1625724853,758413248,7839560,4096
1625724853,758413248,7839568,4096
1625724853,758414322,7839576,4096
1625724853,758414322,7839584,4096
1625724853,758414322,7839592,4096
1625724853,758414322,7839600,4096
1625724853,758414322,7839608,4096
1625724853,759118538,7839560,4096
1625724853,759118538,7839568,4096
1625724853,759118538,7839576,4096
1625724853,759118538,7839584,4096
1625724853,759118538,7839592,4096
1625724853,759119611,7839600,4096
1625724853,759119611,7839608,4096
1625724853,759861400,7839560,4096
1625724853,759861400,7839568,4096
1625724853,759861400,7839576,4096
1625724853,759861400,7839584,4096
1625724853,759862473,7839592,4096
1625724853,759862473,7839600,4096
1625724853,759862473,7839608,4096
1625724853,760496912,8089320,4096
1625724853,760496912,8089328,4096
1625724853,760496912,8089336,4096
1625724853,760496912,8089344,4096
1625724853,760496912,8089352,4096
1625724853,760496912,8089360,4096
1625724853,760496912,8089368,4096
1625724853,761206495,8089320,4096
1625724853,761206495,8089328,4096
1625724853,761207569,8089336,4096
1625724853,761207569,8089344,4096
1625724853,761207569,8089352,4096
1625724853,761207569,8089360,4096
1625724853,761207569,8089368,4096
1625724853,761867771,8099608,4096
1625724853,761867771,8099616,4096
1625724853,761867771,8099624,4096
1625724853,761867771,8099632,4096
1625724853,761868845,8099640,4096
1625724853,761868845,8099648,4096
1625724853,761868845,8099656,4096
1625724853,762525827,8099608,4096
1625724853,762525827,8099616,4096
1625724853,762525827,8099624,4096
1625724853,762525827,8099632,4096
1625724853,762525827,8099640,4096
1625724853,762525827,8099648,4096
1625724853,762526900,8099656,4096
1625724853,763259027,8099608,4096
1625724853,763259027,8099616,4096
1625724853,763259027,8099624,4096
1625724853,763259027,8099632,4096
1625724853,763259027,8099640,4096
1625724853,763260101,8099648,4096
1625724853,763260101,8099656,4096
1625724853,763889172,8154608,4096
1625724853,763889172,8154616,4096
1625724853,763889172,8154624,4096
1625724853,763889172,8154632,4096
1625724853,763889172,8154640,4096
1625724853,763889172,8154648,4096
1625724853,763889172,8154656,4096
1625724853,764600902,8154608,4096
1625724853,764600902,8154616,4096
1625724853,764601976,8154624,4096
1625724853,764601976,8154632,4096
1625724853,764601976,8154640,4096
1625724853,764601976,8154648,4096
1625724853,764601976,8154656,4096
1625724853,765354499,8156968,4096
1625724853,765354499,8156976,4096
1625724853,765354499,8156984,4096
1625724853,765354499,8156992,4096
1625724853,765354499,8157000,4096
1625724853,765354499,8157008,4096
1625724853,765354499,8157016,4096
1625724853,766017922,8156968,4096
1625724853,766017922,8156976,4096
1625724853,766018996,8156984,4096
1625724853,766018996,8156992,4096
1625724853,766018996,8157000,4096
1625724853,766018996,8157008,4096
1625724853,766018996,8157016,4096
1625724853,766773666,8156968,4096
1625724853,766773666,8156976,4096
1625724853,766773666,8156984,4096
1625724853,766773666,8156992,4096
1625724853,766773666,8157000,4096
1625724853,766773666,8157008,4096
1625724853,766773666,8157016,4096
1625724853,767481103,9402368,4096
1625724853,767481103,9402376,4096
1625724853,767481103,9402384,4096
1625724853,767481103,9402392,4096
1625724853,767481103,9402400,4096
1625724853,767482176,9402408,4096
1625724853,767482176,9402416,4096
1625724853,768184245,9402368,4096
1625724853,768184245,9402376,4096
1625724853,768185319,9402384,4096
1625724853,768185319,9402392,4096
1625724853,768185319,9402400,4096
1625724853,768185319,9402408,4096
1625724853,768185319,9402416,4096
1625724853,768924960,9402368,4096
1625724853,768924960,9402376,4096
1625724853,768926034,9402384,4096
1625724853,768926034,9402392,4096
1625724853,768926034,9402400,4096
1625724853,768926034,9402408,4096
1625724853,768926034,9402416,4096
1625724853,769559399,9585288,4096
1625724853,769559399,9585296,4096
1625724853,769559399,9585304,4096
1625724853,769559399,9585312,4096
1625724853,769559399,9585320,4096
1625724853,769560472,9585328,4096
1625724853,769560472,9585336,4096
1625724853,770275423,9585288,4096
1625724853,770275423,9585296,4096
1625724853,770275423,9585304,4096
1625724853,770275423,9585312,4096
1625724853,770276497,9585320,4096
1625724853,770276497,9585328,4096
1625724853,770276497,9585336,4096
1625724853,770977492,6038272,4096
1625724853,770977492,6038280,4096
1625724853,770977492,6038288,4096
1625724853,770977492,6038296,4096
1625724853,770977492,6038304,4096
1625724853,770977492,6038312,4096
1625724853,771634474,6038272,4096
1625724853,771634474,6038280,4096
1625724853,771634474,6038288,4096
1625724853,771634474,6038296,4096
1625724853,771634474,6038304,4096
1625724853,771634474,6038312,4096
1625724853,772354793,6038272,4096
1625724853,772355866,6038280,4096
1625724853,772355866,6038288,4096
1625724853,772355866,6038296,4096
1625724853,772355866,6038304,4096
1625724853,772355866,6038312,4096
1625724853,772904425,3357792,4096
1625724853,772904425,3357800,4096
1625724853,772905498,3357808,4096
1625724853,772905498,3357816,4096
1625724853,772905498,3357824,4096
1625724853,773539937,3357792,4096
1625724853,773539937,3357800,4096
1625724853,773539937,3357808,4096
1625724853,773539937,3357816,4096
1625724853,773539937,3357824,4096
1625724853,774116406,5255448,4096
1625724853,774116406,5255456,4096
1625724853,774116406,5255464,4096
1625724853,774116406,5255472,4096
1625724853,774117480,5255480,4096
1625724853,774732595,5255448,4096
1625724853,774732595,5255456,4096
1625724853,774732595,5255464,4096
1625724853,774732595,5255472,4096
1625724853,774732595,5255480,4096
1625724853,775407827,5255448,4096
1625724853,775407827,5255456,4096
1625724853,775407827,5255464,4096
1625724853,775408900,5255472,4096
1625724853,775408900,5255480,4096
1625724853,776092720,9866664,4096
1625724853,776092720,9866672,4096
1625724853,776092720,9866680,4096
1625724853,776092720,9866688,4096
1625724853,776092720,9866696,4096
1625724853,776092720,9866704,4096
1625724853,776092720,9866712,4096
1625724853,776930050,9866664,4096
1625724853,776930050,9866672,4096
1625724853,776930050,9866680,4096
1625724853,776930050,9866688,4096
1625724853,776930050,9866696,4096
1625724853,776930050,9866704,4096
1625724853,776930050,9866712,4096
1625724853,777695455,9866664,4096
1625724853,777695455,9866672,4096
1625724853,777695455,9866680,4096
1625724853,777695455,9866688,4096
1625724853,777695455,9866696,4096
1625724853,777695455,9866704,4096
1625724853,777696529,9866712,4096
1625724853,778347070,9878040,4096
1625724853,778347070,9878048,4096
1625724853,778347070,9878056,4096
1625724853,778347070,9878064,4096
1625724853,778348143,9878072,4096
1625724853,778348143,9878080,4096
1625724853,778348143,9878088,4096
1625724853,779085638,9878040,4096
1625724853,779086711,9878048,4096
1625724853,779086711,9878056,4096
1625724853,779086711,9878064,4096
1625724853,779086711,9878072,4096
1625724853,779086711,9878080,4096
1625724853,779086711,9878088,4096
1625724853,779742620,9926600,4096
1625724853,779742620,9926608,4096
1625724853,779742620,9926616,4096
1625724853,779742620,9926624,4096
1625724853,779742620,9926632,4096
1625724853,779742620,9926640,4096
1625724853,779742620,9926648,4096
1625724853,780426439,9926600,4096
1625724853,780426439,9926608,4096
1625724853,780426439,9926616,4096
1625724853,780426439,9926624,4096
1625724853,780426439,9926632,4096
1625724853,780426439,9926640,4096
1625724853,780426439,9926648,4096
1625724853,781190771,9926600,4096
1625724853,781190771,9926608,4096
1625724853,781190771,9926616,4096
1625724853,781190771,9926624,4096
1625724853,781190771,9926632,4096
1625724853,781190771,9926640,4096
1625724853,781190771,9926648,4096
1625724853,781827357,9969096,4096
1625724853,781827357,9969104,4096
1625724853,781827357,9969112,4096
1625724853,781827357,9969120,4096
1625724853,781827357,9969128,4096
1625724853,781827357,9969136,4096
1625724853,781828430,9969144,4096
1625724853,782531573,9969096,4096
1625724853,782531573,9969104,4096
1625724853,782531573,9969112,4096
1625724853,782531573,9969120,4096
1625724853,782532646,9969128,4096
1625724853,782532646,9969136,4096
1625724853,782532646,9969144,4096
1625724853,783216466,10447560,4096
1625724853,783216466,10447568,4096
1625724853,783216466,10447576,4096
1625724853,783216466,10447584,4096
1625724853,783216466,10447592,4096
1625724853,783216466,10447600,4096
1625724853,783216466,10447608,4096
1625724853,783857345,10447560,4096
1625724853,783857345,10447568,4096
1625724853,783857345,10447576,4096
1625724853,783857345,10447584,4096
1625724853,783857345,10447592,4096
1625724853,783857345,10447600,4096
1625724853,783857345,10447608,4096
1625724853,784594840,10447560,4096
1625724853,784594840,10447568,4096
1625724853,784594840,10447576,4096
1625724853,784594840,10447584,4096
1625724853,784594840,10447592,4096
1625724853,784594840,10447600,4096
1625724853,784594840,10447608,4096
1625724853,785231425,10463656,4096
1625724853,785231425,10463664,4096
1625724853,785231425,10463672,4096
1625724853,785231425,10463680,4096
1625724853,785231425,10463688,4096
1625724853,785232499,10463696,4096
1625724853,785232499,10463704,4096
1625724853,785937788,10463656,4096
1625724853,785937788,10463664,4096
1625724853,785938862,10463672,4096
1625724853,785938862,10463680,4096
1625724853,785938862,10463688,4096
1625724853,785938862,10463696,4096
1625724853,785938862,10463704,4096
1625724853,786692459,10463656,4096
1625724853,786692459,10463664,4096
1625724853,786692459,10463672,4096
1625724853,786693532,10463680,4096
1625724853,786693532,10463688,4096
1625724853,786693532,10463696,4096
1625724853,786693532,10463704,4096
1625724853,787311868,12986664,4096
1625724853,787312942,12986672,4096
1625724853,787312942,12986680,4096
1625724853,787312942,12986688,4096
1625724853,787312942,12986696,4096
1625724853,787312942,12986704,4096
1625724853,787312942,12986712,4096
1625724853,788052583,12986664,4096
1625724853,788052583,12986672,4096
1625724853,788052583,12986680,4096
1625724853,788052583,12986688,4096
1625724853,788052583,12986696,4096
1625724853,788052583,12986704,4096
1625724853,788052583,12986712,4096
1625724853,788761093,9511824,4096
1625724853,788762167,9511832,4096
1625724853,788762167,9511840,4096
1625724853,788762167,9511848,4096
1625724853,788762167,9511856,4096
1625724853,788762167,9511864,4096
1625724853,789409487,9511824,4096
1625724853,789409487,9511832,4096
1625724853,789410561,9511840,4096
1625724853,789410561,9511848,4096
1625724853,789410561,9511856,4096
1625724853,789410561,9511864,4096
1625724853,790138394,9511824,4096
1625724853,790139467,9511832,4096
1625724853,790139467,9511840,4096
1625724853,790139467,9511848,4096
1625724853,790139467,9511856,4096
1625724853,790139467,9511864,4096
1625724853,790765318,6460256,4096
1625724853,790766391,6460264,4096
1625724853,790766391,6460272,4096
1625724853,790766391,6460280,4096
1625724853,790766391,6460288,4096
1625724853,791502812,6460256,4096
1625724853,791502812,6460264,4096
1625724853,791502812,6460272,4096
1625724853,791503886,6460280,4096
1625724853,791503886,6460288,4096
1625724853,792154427,62278016,4096
1625724853,792154427,62278024,4096
1625724853,792154427,62278032,4096
1625724853,792154427,62278040,4096
1625724853,792154427,62278048,4096
1625724853,792154427,62278056,4096
1625724853,792155500,62278064,4096
1625724853,792890848,1513520,4096
1625724853,792890848,1513528,4096
1625724853,792890848,1513536,4096
1625724853,792890848,1513544,4096
1625724853,793458729,238590456,4096
1625724853,801738635,6615384,4096
1625724853,802224930,6793400,4096
1625724853,802716593,6615416,4096
1625724853,803138479,6793664,4096
1625724853,803595790,479816,4096
1625724853,804016602,6803816,4096
1625724853,804523294,479552,4096
1625724853,804945179,49177624,4096
1625724853,805403564,49180824,4096
1625724853,805907035,479536,4096
1625724853,806306377,6829944,4096
1625724853,806775497,6832784,4096
1625724853,807246763,480056,4096
1625724853,807664355,6832512,4096
1625724853,808333145,48961008,4096
1625724853,809307883,482312,4096
1625724853,809715813,49179408,4096
1625724853,810935309,64822184,4096
1625724853,811889651,59375616,4096
1625724853,811890724,59375624,4096
1625724853,811890724,59375632,4096
1625724853,811890724,59375640,4096
1625724853,811890724,59375648,4096
1625724853,811890724,59375656,4096
1625724853,811890724,59375664,4096
1625724853,811891798,59375672,4096
1625724853,811891798,59375680,4096
1625724853,811891798,59375688,4096
1625724853,811891798,59375696,4096
1625724853,811891798,59375704,4096
1625724853,811891798,59375712,4096
1625724853,811891798,59375720,4096
1625724853,811891798,59375728,4096
1625724853,811892871,59375736,4096
1625724853,811892871,59375744,4096
1625724853,811892871,59375752,4096
1625724853,811892871,59375760,4096
1625724853,811892871,59375768,4096
1625724853,811892871,59375776,4096
1625724853,811892871,59375784,1536
1625724853,812123674,59375787,4096
1625724853,812124747,59375795,4096
1625724853,812124747,59375803,4096
1625724853,812124747,59375811,4096
1625724853,812124747,59375819,4096
1625724853,812124747,59375827,4096
1625724853,812124747,59375835,4096
1625724853,812124747,59375843,4096
1625724853,812125821,59375851,4096
1625724853,812125821,59375859,4096
1625724853,812125821,59375867,4096
1625724853,812125821,59375875,4096
1625724853,812125821,59375883,4096
1625724853,812125821,59375891,4096
1625724853,812125821,59375899,4096
1625724853,812125821,59375907,4096
1625724853,812125821,59375915,4096
1625724853,812125821,59375923,4096
1625724853,812126894,59375931,4096
1625724853,812126894,59375939,4096
1625724853,812126894,59375947,4096
1625724853,812126894,59375955,1536
1625724853,812266449,59375958,4096
1625724853,812266449,59375966,4096
1625724853,812266449,59375974,4096
1625724853,812267523,59375982,4096
1625724853,812267523,59375990,4096
1625724853,812267523,59375998,4096
1625724853,812267523,59376006,4096
1625724853,812267523,59376014,4096
1625724853,812267523,59376022,4096
1625724853,812267523,59376030,4096
1625724853,812267523,59376038,4096
1625724853,812267523,59376046,4096
1625724853,812268596,59376054,4096
1625724853,812268596,59376062,4096
1625724853,812268596,59376070,4096
1625724853,812268596,59376078,4096
1625724853,812268596,59376086,4096
1625724853,812268596,59376094,4096
1625724853,812268596,59376102,4096
1625724853,812268596,59376110,4096
1625724853,812268596,59376118,4096
1625724853,812269670,59376126,1024
1625724853,813417241,64822192,4096
1625724853,813417241,64822200,4096
1625724853,813417241,64822208,4096
1625724853,813418315,64822216,4096
1625724853,813418315,64822224,4096
1625724853,813418315,64822232,4096
1625724853,813418315,64822240,4096
1625724853,813418315,64822248,4096
1625724853,813418315,64822256,4096
1625724853,813418315,64822264,4096
1625724853,813418315,64822272,4096
1625724853,813419388,64822280,4096
1625724853,813419388,64822288,4096
1625724853,813419388,64822296,4096
1625724853,813419388,64822304,4096
1625724853,813419388,64822312,4096
1625724853,813419388,64822320,4096
1625724853,813419388,64822328,4096
1625724853,813419388,64822336,4096
1625724853,813419388,64822344,4096
1625724853,813420462,64822352,4096
1625724853,813592222,64822360,4096
1625724853,813592222,64822368,4096
1625724853,813592222,64822376,4096
1625724853,813592222,64822384,4096
1625724853,813592222,64822392,4096
1625724853,813592222,64822400,4096
1625724853,813592222,64822408,4096
1625724853,813592222,64822416,4096
1625724853,813593295,64822424,4096
1625724853,813593295,64822432,4096
1625724853,813593295,64822440,4096
1625724853,813593295,64822448,4096
1625724853,813593295,64822456,4096
1625724853,813593295,64822464,4096
1625724853,813593295,64822472,4096
1625724853,813593295,64822480,4096
1625724853,813593295,64822488,4096
1625724853,813594369,64822496,4096
1625724853,813594369,64822504,4096
1625724853,813594369,64822512,4096
1625724853,813594369,64822520,4096
1625724853,813756467,64822528,4096
1625724853,813756467,64822536,4096
1625724853,813756467,64822544,4096
1625724853,813756467,64822552,4096
1625724853,813756467,64822560,4096
1625724853,813756467,64822568,4096
1625724853,813756467,64822576,4096
1625724853,813756467,64822584,4096
1625724853,813757541,64822592,4096
1625724853,813757541,64822600,4096
1625724853,813757541,64822608,4096
1625724853,813757541,64822616,4096
1625724853,813757541,64822624,4096
1625724853,813757541,64822632,4096
1625724853,813757541,64822640,4096
1625724853,813757541,64822648,4096
1625724853,813758614,64822656,4096
1625724853,813758614,64822664,4096
1625724853,813758614,64822672,4096
1625724853,813758614,64822680,4096
1625724853,813758614,64822688,4096
1625724853,814838555,64805064,4096
1625724853,815625431,64805072,4096
1625724853,815626504,64805080,4096
1625724853,815626504,64805088,4096
1625724853,815626504,64805096,4096
1625724853,815626504,64805104,4096
1625724853,815626504,64805112,4096
1625724853,815626504,64805120,4096
1625724853,815627578,64805128,4096
1625724853,815627578,64805136,4096
1625724853,815627578,64805144,4096
1625724853,815627578,64805152,4096
1625724853,815627578,64805160,4096
1625724853,815627578,64805168,4096
1625724853,815627578,64805176,4096
1625724853,815627578,64805184,4096
1625724853,815628651,64805192,4096
1625724853,815628651,64805200,4096
1625724853,815628651,64805208,4096
1625724853,815628651,64805216,4096
1625724853,815628651,64805224,4096
1625724853,815628651,64805232,4096
1625724853,815769280,64805240,4096
1625724853,815769280,64805248,4096
1625724853,815769280,64805256,4096
1625724853,815769280,64805264,4096
1625724853,815769280,64805272,4096
1625724853,815769280,64805280,4096
1625724853,815770353,64805288,4096
1625724853,815770353,64805296,4096
1625724853,815770353,64805304,4096
1625724853,815770353,64805312,4096
1625724853,815770353,64805320,4096
1625724853,815770353,64805328,4096
1625724853,815770353,64805336,4096
1625724853,815770353,64805344,4096
1625724853,815770353,64805352,4096
1625724853,815771427,64805360,4096
1625724853,815771427,64805368,4096
1625724853,815771427,64805376,4096
1625724853,815771427,64805384,4096
1625724853,815771427,64805392,4096
1625724853,815771427,64805400,4096
1625724853,815933525,64805408,4096
1625724853,815933525,64805416,4096
1625724853,815933525,64805424,4096
1625724853,815933525,64805432,4096
1625724853,815933525,64805440,4096
1625724853,815933525,64805448,4096
1625724853,815933525,64805456,4096
1625724853,815934599,64805464,4096
1625724853,815934599,64805472,4096
1625724853,815934599,64805480,4096
1625724853,815934599,64805488,4096
1625724853,815934599,64805496,4096
1625724853,815934599,64805504,4096
1625724853,815934599,64805512,4096
1625724853,815934599,64805520,4096
1625724853,815935672,64805528,4096
1625724853,815935672,64805536,4096
1625724853,815935672,64805544,4096
1625724853,815935672,64805552,4096
1625724853,815935672,64805560,4096
1625724853,815935672,64805568,4096
1625724853,816803060,64805576,4096
1625724853,817299017,64805584,4096
1625724853,817299017,64805592,4096
1625724853,817299017,64805600,4096
1625724853,817299017,64805608,4096
1625724853,817299017,64805616,4096
1625724853,817300091,64805624,4096
1625724853,817300091,64805632,4096
1625724853,817300091,64805640,4096
1625724853,817300091,64805648,4096
1625724853,817300091,64805656,4096
1625724853,817300091,64805664,4096
1625724853,817300091,64805672,4096
1625724853,817300091,64805680,4096
1625724853,817301164,64805688,4096
1625724853,817301164,64805696,4096
1625724853,817301164,64805704,4096
1625724853,817301164,64805712,4096
1625724853,817301164,64805720,4096
1625724853,817301164,64805728,4096
1625724853,817301164,64805736,4096
1625724853,817301164,64805744,4096
1625724853,817470777,64805752,4096
1625724853,817470777,64805760,4096
1625724853,817470777,64805768,4096
1625724853,817470777,64805776,4096
1625724853,817470777,64805784,4096
1625724853,817470777,64805792,4096
1625724853,817470777,64805800,4096
1625724853,817470777,64805808,4096
1625724853,817471851,64805816,4096
1625724853,817471851,64805824,4096
1625724853,817471851,64805832,4096
1625724853,817471851,64805840,4096
1625724853,817471851,64805848,4096
1625724853,817471851,64805856,4096
1625724853,817471851,64805864,4096
1625724853,817471851,64805872,4096
1625724853,817471851,64805880,4096
1625724853,817472924,64805888,4096
1625724853,817472924,64805896,4096
1625724853,817472924,64805904,4096
1625724853,817472924,64805912,4096
1625724853,817642537,64805920,4096
1625724853,817642537,64805928,4096
1625724853,817642537,64805936,4096
1625724853,817642537,64805944,4096
1625724853,817642537,64805952,4096
1625724853,817642537,64805960,4096
1625724853,817642537,64805968,4096
1625724853,817642537,64805976,4096
1625724853,817643611,64805984,4096
1625724853,817643611,64805992,4096
1625724853,817643611,64806000,4096
1625724853,817643611,64806008,4096
1625724853,817643611,64806016,4096
1625724853,817643611,64806024,4096
1625724853,817643611,64806032,4096
1625724853,817643611,64806040,4096
1625724853,817643611,64806048,4096
1625724853,817644684,64806056,4096
1625724853,817644684,64806064,4096
1625724853,817644684,64806072,4096
1625724853,817644684,64806080,4096
1625724853,818941472,69093632,4096
1625724853,819770214,69093640,4096
1625724853,819771288,69093648,4096
1625724853,819771288,69093656,4096
1625724853,819771288,69093664,4096
1625724853,819771288,69093672,4096
1625724853,819771288,69093680,4096
1625724853,819771288,69093688,4096
1625724853,819771288,69093696,4096
1625724853,819772361,69093704,4096
1625724853,819772361,69093712,4096
1625724853,819772361,69093720,4096
1625724853,819772361,69093728,4096
1625724853,819772361,69093736,4096
1625724853,819772361,69093744,4096
1625724853,819772361,69093752,4096
1625724853,819772361,69093760,4096
1625724853,819773435,69093768,4096
1625724853,819773435,69093776,4096
1625724853,819773435,69093784,4096
1625724853,819773435,69093792,4096
1625724853,819773435,69093800,4096
1625724853,819914063,69093808,4096
1625724853,819914063,69093816,4096
1625724853,819914063,69093824,4096
1625724853,819914063,69093832,4096
1625724853,819914063,69093840,4096
1625724853,819914063,69093848,4096
1625724853,819914063,69093856,4096
1625724853,819915137,69093864,4096
1625724853,819915137,69093872,4096
1625724853,819915137,69093880,4096
1625724853,819915137,69093888,4096
1625724853,819915137,69093896,4096
1625724853,819915137,69093904,4096
1625724853,819915137,69093912,4096
1625724853,819915137,69093920,4096
1625724853,819915137,69093928,4096
1625724853,819916210,69093936,4096
1625724853,819916210,69093944,4096
1625724853,819916210,69093952,4096
1625724853,819916210,69093960,4096
1625724853,819916210,69093968,4096
1625724853,820078309,69093976,4096
1625724853,820078309,69093984,4096
1625724853,820078309,69093992,4096
1625724853,820078309,69094000,4096
1625724853,820078309,69094008,4096
1625724853,820078309,69094016,4096
1625724853,820078309,69094024,4096
1625724853,820078309,69094032,4096
1625724853,820078309,69094040,4096
1625724853,820079382,69094048,4096
1625724853,820079382,69094056,4096
1625724853,820079382,69094064,4096
1625724853,820079382,69094072,4096
1625724853,820079382,69094080,4096
1625724853,820079382,69094088,4096
1625724853,820079382,69094096,4096
1625724853,820079382,69094104,4096
1625724853,820079382,69094112,4096
1625724853,820080456,69094120,4096
1625724853,820080456,69094128,4096
1625724853,820080456,69094136,4096
1625724853,821217292,69094144,4096
1625724853,821722911,69094152,4096
1625724853,821722911,69094160,4096
1625724853,821722911,69094168,4096
1625724853,821722911,69094176,4096
1625724853,821722911,69094184,4096
1625724853,821722911,69094192,4096
1625724853,821723984,69094200,4096
1625724853,821723984,69094208,4096
1625724853,821723984,69094216,4096
1625724853,821723984,69094224,4096
1625724853,821723984,69094232,4096
1625724853,821723984,69094240,4096
1625724853,821723984,69094248,4096
1625724853,821723984,69094256,4096
1625724853,821723984,69094264,4096
1625724853,821725058,69094272,4096
1625724853,821725058,69094280,4096
1625724853,821725058,69094288,4096
1625724853,821725058,69094296,4096
1625724853,821725058,69094304,4096
1625724853,821725058,69094312,4096
1625724853,821894671,69094320,4096
1625724853,821895744,69094328,4096
1625724853,821895744,69094336,4096
1625724853,821895744,69094344,4096
1625724853,821895744,69094352,4096
1625724853,821895744,69094360,4096
1625724853,821895744,69094368,4096
1625724853,821895744,69094376,4096
1625724853,821895744,69094384,4096
1625724853,821895744,69094392,4096
1625724853,821895744,69094400,4096
1625724853,821896818,69094408,4096
1625724853,821896818,69094416,4096
1625724853,821896818,69094424,4096
1625724853,821896818,69094432,4096
1625724853,821896818,69094440,4096
1625724853,821896818,69094448,4096
1625724853,821896818,69094456,4096
1625724853,821896818,69094464,4096
1625724853,821896818,69094472,4096
1625724853,821897891,69094480,4096
1625724853,822071798,69094488,4096
1625724853,822071798,69094496,4096
1625724853,822071798,69094504,4096
1625724853,822071798,69094512,4096
1625724853,822071798,69094520,4096
1625724853,822071798,69094528,4096
1625724853,822071798,69094536,4096
1625724853,822072872,69094544,4096
1625724853,822072872,69094552,4096
1625724853,822072872,69094560,4096
1625724853,822072872,69094568,4096
1625724853,822072872,69094576,4096
1625724853,822072872,69094584,4096
1625724853,822072872,69094592,4096
1625724853,822072872,69094600,4096
1625724853,822072872,69094608,4096
1625724853,822073945,69094616,4096
1625724853,822073945,69094624,4096
1625724853,822073945,69094632,4096
1625724853,822073945,69094640,4096
1625724853,822073945,69094648,4096
1625724853,823209708,69094656,4096
1625724853,823742164,69094664,4096
1625724853,823742164,69094672,4096
1625724853,823742164,69094680,4096
1625724853,823742164,69094688,4096
1625724853,823742164,69094696,4096
1625724853,823742164,69094704,4096
1625724853,823742164,69094712,4096
1625724853,823742164,69094720,4096
1625724853,823743238,69094728,4096
1625724853,823743238,69094736,4096
1625724853,823743238,69094744,4096
1625724853,823743238,69094752,4096
1625724853,823743238,69094760,4096
1625724853,823743238,69094768,4096
1625724853,823743238,69094776,4096
1625724853,823743238,69094784,4096
1625724853,823744311,69094792,4096
1625724853,823744311,69094800,4096
1625724853,823744311,69094808,4096
1625724853,823744311,69094816,4096
1625724853,823744311,69094824,4096
1625724853,823912851,69094832,4096
1625724853,823913924,69094840,4096
1625724853,823913924,69094848,4096
1625724853,823913924,69094856,4096
1625724853,823913924,69094864,4096
1625724853,823913924,69094872,4096
1625724853,823913924,69094880,4096
1625724853,823913924,69094888,4096
1625724853,823913924,69094896,4096
1625724853,823913924,69094904,4096
1625724853,823914998,69094912,4096
1625724853,823914998,69094920,4096
1625724853,823914998,69094928,4096
1625724853,823914998,69094936,4096
1625724853,823914998,69094944,4096
1625724853,823914998,69094952,4096
1625724853,823914998,69094960,4096
1625724853,823914998,69094968,4096
1625724853,823916071,69094976,4096
1625724853,823916071,69094984,4096
1625724853,823916071,69094992,4096
1625724853,824097493,69095000,4096
1625724853,824097493,69095008,4096
1625724853,824097493,69095016,4096
1625724853,824097493,69095024,4096
1625724853,824097493,69095032,4096
1625724853,824097493,69095040,4096
1625724853,824097493,69095048,4096
1625724853,824098566,69095056,4096
1625724853,824098566,69095064,4096
1625724853,824098566,69095072,4096
1625724853,824098566,69095080,4096
1625724853,824098566,69095088,4096
1625724853,824098566,69095096,4096
1625724853,824098566,69095104,4096
1625724853,824098566,69095112,4096
1625724853,824098566,69095120,4096
1625724853,824099640,69095128,4096
1625724853,824099640,69095136,4096
1625724853,824099640,69095144,4096
1625724853,824099640,69095152,4096
1625724853,824099640,69095160,4096
1625724853,825790402,69095168,4096
1625724853,826316417,69095176,4096
1625724853,826316417,69095184,4096
1625724853,826316417,69095192,4096
1625724853,826316417,69095200,4096
1625724853,826316417,69095208,4096
1625724853,826316417,69095216,4096
1625724853,826317491,69095224,4096
1625724853,826317491,69095232,4096
1625724853,826317491,69095240,4096
1625724853,826317491,69095248,4096
1625724853,826317491,69095256,4096
1625724853,826317491,69095264,4096
1625724853,826317491,69095272,4096
1625724853,826317491,69095280,4096
1625724853,826318564,69095288,4096
1625724853,826318564,69095296,4096
1625724853,826318564,69095304,4096
1625724853,826318564,69095312,4096
1625724853,826318564,69095320,4096
1625724853,826318564,69095328,4096
1625724853,826318564,69095336,4096
1625724853,826490324,69095344,4096
1625724853,826490324,69095352,4096
1625724853,826490324,69095360,4096
1625724853,826490324,69095368,4096
1625724853,826490324,69095376,4096
1625724853,826490324,69095384,4096
1625724853,826490324,69095392,4096
1625724853,826490324,69095400,4096
1625724853,826490324,69095408,4096
1625724853,826491398,69095416,4096
1625724853,826491398,69095424,4096
1625724853,826491398,69095432,4096
1625724853,826491398,69095440,4096
1625724853,826491398,69095448,4096
1625724853,826491398,69095456,4096
1625724853,826491398,69095464,4096
1625724853,826491398,69095472,4096
1625724853,826491398,69095480,4096
1625724853,826492471,69095488,4096
1625724853,826492471,69095496,4096
1625724853,826492471,69095504,4096
1625724853,826661011,69095512,4096
1625724853,826661011,69095520,4096
1625724853,826661011,69095528,4096
1625724853,826661011,69095536,4096
1625724853,826662084,69095544,4096
1625724853,826662084,69095552,4096
1625724853,826662084,69095560,4096
1625724853,826662084,69095568,4096
1625724853,826662084,69095576,4096
1625724853,826662084,69095584,4096
1625724853,826662084,69095592,4096
1625724853,826662084,69095600,4096
1625724853,826663158,69095608,4096
1625724853,826663158,69095616,4096
1625724853,826663158,69095624,4096
1625724853,826663158,69095632,4096
1625724853,826663158,69095640,4096
1625724853,826663158,69095648,4096
1625724853,826663158,69095656,4096
1625724853,826663158,69095664,4096
1625724853,826663158,69095672,4096
1625724853,828075884,69276088,4096
1625724853,828877788,69276096,4096
1625724853,828878862,69276104,4096
1625724853,828878862,69276112,4096
1625724853,828878862,69276120,4096
1625724853,828878862,69276128,4096
1625724853,828878862,69276136,4096
1625724853,828878862,69276144,4096
1625724853,828878862,69276152,4096
1625724853,828879935,69276160,4096
1625724853,828879935,69276168,4096
1625724853,828879935,69276176,4096
1625724853,828879935,69276184,4096
1625724853,828879935,69276192,4096
1625724853,828879935,69276200,4096
1625724853,828879935,69276208,4096
1625724853,828879935,69276216,4096
1625724853,828879935,69276224,4096
1625724853,828881009,69276232,4096
1625724853,828881009,69276240,4096
1625724853,828881009,69276248,4096
1625724853,828881009,69276256,4096
1625724853,829021637,69276264,4096
1625724853,829021637,69276272,4096
1625724853,829021637,69276280,4096
1625724853,829021637,69276288,4096
1625724853,829021637,69276296,4096
1625724853,829021637,69276304,4096
1625724853,829021637,69276312,4096
1625724853,829022711,69276320,4096
1625724853,829022711,69276328,4096
1625724853,829022711,69276336,4096
1625724853,829022711,69276344,4096
1625724853,829022711,69276352,4096
1625724853,829022711,69276360,4096
1625724853,829022711,69276368,4096
1625724853,829022711,69276376,4096
1625724853,829023784,69276384,4096
1625724853,829023784,69276392,4096
1625724853,829023784,69276400,4096
1625724853,829023784,69276408,4096
1625724853,829023784,69276416,4096
1625724853,829023784,69276424,4096
1625724853,829184809,69276432,4096
1625724853,829185883,69276440,4096
1625724853,829185883,69276448,4096
1625724853,829185883,69276456,4096
1625724853,829185883,69276464,4096
1625724853,829185883,69276472,4096
1625724853,829185883,69276480,4096
1625724853,829185883,69276488,4096
1625724853,829185883,69276496,4096
1625724853,829185883,69276504,4096
1625724853,829186956,69276512,4096
1625724853,829186956,69276520,4096
1625724853,829186956,69276528,4096
1625724853,829186956,69276536,4096
1625724853,829186956,69276544,4096
1625724853,829186956,69276552,4096
1625724853,829186956,69276560,4096
1625724853,829186956,69276568,4096
1625724853,829186956,69276576,4096
1625724853,829186956,69276584,4096
1625724853,829188030,69276592,4096
1625724853,831213724,69276600,4096
1625724853,831716122,69276608,4096
1625724853,831716122,69276616,4096
1625724853,831716122,69276624,4096
1625724853,831716122,69276632,4096
1625724853,831716122,69276640,4096
1625724853,831716122,69276648,4096
1625724853,831716122,69276656,4096
1625724853,831717196,69276664,4096
1625724853,831717196,69276672,4096
1625724853,831717196,69276680,4096
1625724853,831717196,69276688,4096
1625724853,831717196,69276696,4096
1625724853,831717196,69276704,4096
1625724853,831717196,69276712,4096
1625724853,831717196,69276720,4096
1625724853,831718269,69276728,4096
1625724853,831718269,69276736,4096
1625724853,831718269,69276744,4096
1625724853,831718269,69276752,4096
1625724853,831718269,69276760,4096
1625724853,831718269,69276768,4096
1625724853,831899691,69276776,4096
1625724853,831899691,69276784,4096
1625724853,831899691,69276792,4096
1625724853,831899691,69276800,4096
1625724853,831899691,69276808,4096
1625724853,831900764,69276816,4096
1625724853,831900764,69276824,4096
1625724853,831900764,69276832,4096
1625724853,831900764,69276840,4096
1625724853,831900764,69276848,4096
1625724853,831900764,69276856,4096
1625724853,831900764,69276864,4096
1625724853,831900764,69276872,4096
1625724853,831900764,69276880,4096
1625724853,831901838,69276888,4096
1625724853,831901838,69276896,4096
1625724853,831901838,69276904,4096
1625724853,831901838,69276912,4096
1625724853,831901838,69276920,4096
1625724853,831901838,69276928,4096
1625724853,831901838,69276936,4096
1625724853,832065010,69276944,4096
1625724853,832065010,69276952,4096
1625724853,832065010,69276960,4096
1625724853,832065010,69276968,4096
1625724853,832065010,69276976,4096
1625724853,832065010,69276984,4096
1625724853,832066083,69276992,4096
1625724853,832066083,69277000,4096
1625724853,832066083,69277008,4096
1625724853,832066083,69277016,4096
1625724853,832066083,69277024,4096
1625724853,832066083,69277032,4096
1625724853,832066083,69277040,4096
1625724853,832066083,69277048,4096
1625724853,832066083,69277056,4096
1625724853,832067157,69277064,4096
1625724853,832067157,69277072,4096
1625724853,832067157,69277080,4096
1625724853,832067157,69277088,4096
1625724853,832067157,69277096,4096
1625724853,832067157,69277104,4096
1625724853,834302184,69277112,4096
1625724853,834802435,69277120,4096
1625724853,834803508,69277128,4096
1625724853,834803508,69277136,4096
1625724853,834803508,69277144,4096
1625724853,834803508,69277152,4096
1625724853,834803508,69277160,4096
1625724853,834803508,69277168,4096
1625724853,834803508,69277176,4096
1625724853,834803508,69277184,4096
1625724853,834804582,69277192,4096
1625724853,834804582,69277200,4096
1625724853,834804582,69277208,4096
1625724853,834804582,69277216,4096
1625724853,834804582,69277224,4096
1625724853,834804582,69277232,4096
1625724853,834804582,69277240,4096
1625724853,834804582,69277248,4096
1625724853,834805655,69277256,4096
1625724853,834805655,69277264,4096
1625724853,834805655,69277272,4096
1625724853,834805655,69277280,4096
1625724853,834974195,69277288,4096
1625724853,834974195,69277296,4096
1625724853,834975268,69277304,4096
1625724853,834975268,69277312,4096
1625724853,834975268,69277320,4096
1625724853,834975268,69277328,4096
1625724853,834975268,69277336,4096
1625724853,834975268,69277344,4096
1625724853,834975268,69277352,4096
1625724853,834976342,69277360,4096
1625724853,834976342,69277368,4096
1625724853,834976342,69277376,4096
1625724853,834976342,69277384,4096
1625724853,834976342,69277392,4096
1625724853,834976342,69277400,4096
1625724853,834976342,69277408,4096
1625724853,834976342,69277416,4096
1625724853,834976342,69277424,4096
1625724853,834977415,69277432,4096
1625724853,834977415,69277440,4096
1625724853,834977415,69277448,4096
1625724853,835148102,69277456,4096
1625724853,835148102,69277464,4096
1625724853,835148102,69277472,4096
1625724853,835148102,69277480,4096
1625724853,835148102,69277488,4096
1625724853,835148102,69277496,4096
1625724853,835148102,69277504,4096
1625724853,835149175,69277512,4096
1625724853,835149175,69277520,4096
1625724853,835149175,69277528,4096
1625724853,835149175,69277536,4096
1625724853,835149175,69277544,4096
1625724853,835149175,69277552,4096
1625724853,835149175,69277560,4096
1625724853,835149175,69277568,4096
1625724853,835149175,69277576,4096
1625724853,835150249,69277584,4096
1625724853,835150249,69277592,4096
1625724853,835150249,69277600,4096
1625724853,835150249,69277608,4096
1625724853,835150249,69277616,4096
1625724853,836610209,69277624,4096
1625724853,837114754,69277632,4096
1625724853,837114754,69277640,4096
1625724853,837114754,69277648,4096
1625724853,837114754,69277656,4096
1625724853,837114754,69277664,4096
1625724853,837114754,69277672,4096
1625724853,837115827,69277680,4096
1625724853,837115827,69277688,4096
1625724853,837115827,69277696,4096
1625724853,837115827,69277704,4096
1625724853,837115827,69277712,4096
1625724853,837115827,69277720,4096
1625724853,837115827,69277728,4096
1625724853,837115827,69277736,4096
1625724853,837116901,69277744,4096
1625724853,837116901,69277752,4096
1625724853,837116901,69277760,4096
1625724853,837116901,69277768,4096
1625724853,837116901,69277776,4096
1625724853,837116901,69277784,4096
1625724853,837116901,69277792,4096
1625724853,837286514,69277800,4096
1625724853,837286514,69277808,4096
1625724853,837286514,69277816,4096
1625724853,837286514,69277824,4096
1625724853,837286514,69277832,4096
1625724853,837286514,69277840,4096
1625724853,837287587,69277848,4096
1625724853,837287587,69277856,4096
1625724853,837287587,69277864,4096
1625724853,837287587,69277872,4096
1625724853,837287587,69277880,4096
1625724853,837287587,69277888,4096
1625724853,837287587,69277896,4096
1625724853,837287587,69277904,4096
1625724853,837287587,69277912,4096
1625724853,837288661,69277920,4096
1625724853,837288661,69277928,4096
1625724853,837288661,69277936,4096
1625724853,837288661,69277944,4096
1625724853,837288661,69277952,4096
1625724853,837288661,69277960,4096
1625724853,837458274,69277968,4096
1625724853,837458274,69277976,4096
1625724853,837458274,69277984,4096
1625724853,837458274,69277992,4096
1625724853,837458274,69278000,4096
1625724853,837459347,69278008,4096
1625724853,837459347,69278016,4096
1625724853,837459347,69278024,4096
1625724853,837459347,69278032,4096
1625724853,837459347,69278040,4096
1625724853,837459347,69278048,4096
1625724853,837459347,69278056,4096
1625724853,837459347,69278064,4096
1625724853,837460421,69278072,4096
1625724853,837460421,69278080,4096
1625724853,837460421,69278088,4096
1625724853,837460421,69278096,4096
1625724853,837460421,69278104,4096
1625724853,837460421,69278112,4096
1625724853,837460421,69278120,4096
1625724853,837460421,69278128,4096
1625724853,839199491,69278136,4096
1625724853,839700815,69278144,4096
1625724853,839701889,69278152,4096
1625724853,839701889,69278160,4096
1625724853,839701889,69278168,4096
1625724853,839701889,69278176,4096
1625724853,839701889,69278184,4096
1625724853,839701889,69278192,4096
1625724853,839701889,69278200,4096
1625724853,839702962,69278208,4096
1625724853,839702962,69278216,4096
1625724853,839702962,69278224,4096
1625724853,839702962,69278232,4096
1625724853,839702962,69278240,4096
1625724853,839702962,69278248,4096
1625724853,839702962,69278256,4096
1625724853,839702962,69278264,4096
1625724853,839704036,69278272,4096
1625724853,839704036,69278280,4096
1625724853,839704036,69278288,4096
1625724853,839704036,69278296,4096
1625724853,839704036,69278304,4096
1625724853,839873649,69278312,4096
1625724853,839873649,69278320,4096
1625724853,839873649,69278328,4096
1625724853,839873649,69278336,4096
1625724853,839873649,69278344,4096
1625724853,839873649,69278352,4096
1625724853,839873649,69278360,4096
1625724853,839873649,69278368,4096
1625724853,839873649,69278376,4096
1625724853,839874722,69278384,4096
1625724853,839874722,69278392,4096
1625724853,839874722,69278400,4096
1625724853,839874722,69278408,4096
1625724853,839874722,69278416,4096
1625724853,839874722,69278424,4096
1625724853,839874722,69278432,4096
1625724853,839874722,69278440,4096
1625724853,839874722,69278448,4096
1625724853,839875796,69278456,4096
1625724853,839875796,69278464,4096
1625724853,839875796,69278472,4096
1625724853,840044335,69278480,4096
1625724853,840044335,69278488,4096
1625724853,840045409,69278496,4096
1625724853,840045409,69278504,4096
1625724853,840045409,69278512,4096
1625724853,840045409,69278520,4096
1625724853,840045409,69278528,4096
1625724853,840045409,69278536,4096
1625724853,840045409,69278544,4096
1625724853,840045409,69278552,4096
1625724853,840046482,69278560,4096
1625724853,840046482,69278568,4096
1625724853,840046482,69278576,4096
1625724853,840046482,69278584,4096
1625724853,840046482,69278592,4096
1625724853,840046482,69278600,4096
1625724853,840046482,69278608,4096
1625724853,840046482,69278616,4096
1625724853,840046482,69278624,4096
1625724853,840047556,69278632,4096
1625724853,840047556,69278640,4096
1625724853,841877873,69278648,4096
1625724853,842382418,69278656,4096
1625724853,842382418,69278664,4096
1625724853,842382418,69278672,4096
1625724853,842383492,69278680,4096
1625724853,842383492,69278688,4096
1625724853,842383492,69278696,4096
1625724853,842383492,69278704,4096
1625724853,842383492,69278712,4096
1625724853,842383492,69278720,4096
1625724853,842383492,69278728,4096
1625724853,842383492,69278736,4096
1625724853,842384565,69278744,4096
1625724853,842384565,69278752,4096
1625724853,842384565,69278760,4096
1625724853,842384565,69278768,4096
1625724853,842384565,69278776,4096
1625724853,842384565,69278784,4096
1625724853,842384565,69278792,4096
1625724853,842384565,69278800,4096
1625724853,842385639,69278808,4096
1625724853,842385639,69278816,4096
1625724853,842554178,69278824,4096
1625724853,842555252,69278832,4096
1625724853,842555252,69278840,4096
1625724853,842555252,69278848,4096
1625724853,842555252,69278856,4096
1625724853,842555252,69278864,4096
1625724853,842555252,69278872,4096
1625724853,842555252,69278880,4096
1625724853,842555252,69278888,4096
1625724853,842556325,69278896,4096
1625724853,842556325,69278904,4096
1625724853,842556325,69278912,4096
1625724853,842556325,69278920,4096
1625724853,842556325,69278928,4096
1625724853,842556325,69278936,4096
1625724853,842556325,69278944,4096
1625724853,842556325,69278952,4096
1625724853,842556325,69278960,4096
1625724853,842557399,69278968,4096
1625724853,842557399,69278976,4096
1625724853,842557399,69278984,4096
1625724853,842731306,69278992,4096
1625724853,842732379,69279000,4096
1625724853,842732379,69279008,4096
1625724853,842732379,69279016,4096
1625724853,842732379,69279024,4096
1625724853,842732379,69279032,4096
1625724853,842732379,69279040,4096
1625724853,842732379,69279048,4096
1625724853,842732379,69279056,4096
1625724853,842733453,69279064,4096
1625724853,842733453,69279072,4096
1625724853,842733453,69279080,4096
1625724853,842733453,69279088,4096
1625724853,842733453,69279096,4096
1625724853,842733453,69279104,4096
1625724853,842733453,69279112,4096
1625724853,842733453,69279120,4096
1625724853,842733453,69279128,4096
1625724853,842734526,69279136,4096
1625724853,842734526,69279144,4096
1625724853,842734526,69279152,4096
1625724853,844965259,69279160,4096
1625724853,845467657,69279168,4096
1625724853,845467657,69279176,4096
1625724853,845467657,69279184,4096
1625724853,845468731,69279192,4096
1625724853,845468731,69279200,4096
1625724853,845468731,69279208,4096
1625724853,845468731,69279216,4096
1625724853,845468731,69279224,4096
1625724853,845468731,69279232,4096
1625724853,845468731,69279240,4096
1625724853,845468731,69279248,4096
1625724853,845469804,69279256,4096
1625724853,845469804,69279264,4096
1625724853,845469804,69279272,4096
1625724853,845469804,69279280,4096
1625724853,845469804,69279288,4096
1625724853,845469804,69279296,4096
1625724853,845469804,69279304,4096
1625724853,845469804,69279312,4096
1625724853,845470878,69279320,4096
1625724853,845470878,69279328,4096
1625724853,845640491,69279336,4096
1625724853,845640491,69279344,4096
1625724853,845640491,69279352,4096
1625724853,845640491,69279360,4096
1625724853,845640491,69279368,4096
1625724853,845640491,69279376,4096
1625724853,845640491,69279384,4096
1625724853,845640491,69279392,4096
1625724853,845641564,69279400,4096
1625724853,845641564,69279408,4096
1625724853,845641564,69279416,4096
1625724853,845641564,69279424,4096
1625724853,845641564,69279432,4096
1625724853,845641564,69279440,4096
1625724853,845641564,69279448,4096
1625724853,845641564,69279456,4096
1625724853,845641564,69279464,4096
1625724853,845642638,69279472,4096
1625724853,845642638,69279480,4096
1625724853,845642638,69279488,4096
1625724853,845642638,69279496,4096
1625724853,845812251,69279504,4096
1625724853,845813324,69279512,4096
1625724853,845813324,69279520,4096
1625724853,845813324,69279528,4096
1625724853,845813324,69279536,4096
1625724853,845813324,69279544,4096
1625724853,845813324,69279552,4096
1625724853,845813324,69279560,4096
1625724853,845813324,69279568,4096
1625724853,845813324,69279576,4096
1625724853,845814398,69279584,4096
1625724853,845814398,69279592,4096
1625724853,845814398,69279600,4096
1625724853,845814398,69279608,4096
1625724853,845814398,69279616,4096
1625724853,845814398,69279624,4096
1625724853,845814398,69279632,4096
1625724853,845814398,69279640,4096
1625724853,845814398,69279648,4096
1625724853,845815471,69279656,4096
1625724853,845815471,69279664,4096
1625724853,847665112,69279672,4096
1625724853,848165363,69279680,4096
1625724853,848165363,69279688,4096
1625724853,848165363,69279696,4096
1625724853,848165363,69279704,4096
1625724853,848165363,69279712,4096
1625724853,848166436,69279720,4096
1625724853,848166436,69279728,4096
1625724853,848166436,69279736,4096
1625724853,848166436,69279744,4096
1625724853,848166436,69279752,4096
1625724853,848166436,69279760,4096
1625724853,848166436,69279768,4096
1625724853,848166436,69279776,4096
1625724853,848167510,69279784,4096
1625724853,848167510,69279792,4096
1625724853,848167510,69279800,4096
1625724853,848167510,69279808,4096
1625724853,848167510,69279816,4096
1625724853,848167510,69279824,4096
1625724853,848167510,69279832,4096
1625724853,848167510,69279840,4096
1625724853,848337123,69279848,4096
1625724853,848337123,69279856,4096
1625724853,848337123,69279864,4096
1625724853,848337123,69279872,4096
1625724853,848337123,69279880,4096
1625724853,848337123,69279888,4096
1625724853,848338196,69279896,4096
1625724853,848338196,69279904,4096
1625724853,848338196,69279912,4096
1625724853,848338196,69279920,4096
1625724853,848338196,69279928,4096
1625724853,848338196,69279936,4096
1625724853,848338196,69279944,4096
1625724853,848338196,69279952,4096
1625724853,848338196,69279960,4096
1625724853,848339270,69279968,4096
1625724853,848339270,69279976,4096
1625724853,848339270,69279984,4096
1625724853,848339270,69279992,4096
1625724853,848339270,69280000,4096
1625724853,848339270,69280008,4096
1625724853,848508883,69280016,4096
1625724853,848508883,69280024,4096
1625724853,848508883,69280032,4096
1625724853,848509956,69280040,4096
1625724853,848509956,69280048,4096
1625724853,848509956,69280056,4096
1625724853,848509956,69280064,4096
1625724853,848509956,69280072,4096
1625724853,848509956,69280080,4096
1625724853,848509956,69280088,4096
1625724853,848509956,69280096,4096
1625724853,848509956,69280104,4096
1625724853,848511030,69280112,4096
1625724853,848511030,69280120,4096
1625724853,848511030,69280128,4096
1625724853,848511030,69280136,4096
1625724853,848511030,69280144,4096
1625724853,848511030,69280152,4096
1625724853,848511030,69280160,4096
1625724853,848511030,69280168,4096
1625724853,848512103,69280176,4096
1625724853,850396096,69280184,4096
1625724853,850788997,69280192,4096
1625724853,850790070,69280200,4096
1625724853,850790070,69280208,4096
1625724853,850790070,69280216,4096
1625724853,850790070,69280224,4096
1625724853,850790070,69280232,4096
1625724853,850790070,69280240,4096
1625724853,850791144,69280248,4096
1625724853,851196927,59374152,4096
1625724853,851196927,59374160,4096
1625724853,851196927,59374168,4096
1625724853,851196927,59374176,4096
1625724853,851196927,59374184,4096
1625724853,851196927,59374192,4096
1625724853,851196927,59374200,4096
1625724853,851198000,59374208,4096
1625724853,851198000,59374216,4096
1625724853,851198000,59374224,4096
1625724853,851198000,59374232,4096
1625724853,851198000,59374240,4096
1625724853,851198000,59374248,4096
1625724853,851198000,59374256,4096
1625724853,851198000,59374264,4096
1625724853,851198000,59374272,4096
1625724853,851199074,59374280,4096
1625724853,851199074,59374288,4096
1625724853,851199074,59374296,1536
1625724853,851674634,59374299,4096
1625724853,851675708,59374307,4096
1625724853,851675708,59374315,4096
1625724853,851675708,59374323,4096
1625724853,851675708,59374331,4096
1625724853,851675708,59374339,4096
1625724853,851675708,59374347,4096
1625724853,851675708,59374355,4096
1625724853,851675708,59374363,4096
1625724853,851676781,59374371,4096
1625724853,851676781,59374379,4096
1625724853,851676781,59374387,4096
1625724853,851676781,59374395,4096
1625724853,851676781,59374403,4096
1625724853,851676781,59374411,4096
1625724853,851676781,59374419,4096
1625724853,851676781,59374427,4096
1625724853,851676781,59374435,4096
1625724853,851677855,59374443,1536
1625724853,851862497,59374446,4096
1625724853,851863570,59374454,4096
1625724853,851863570,59374462,4096
1625724853,851863570,59374470,4096
1625724853,851863570,59374478,4096
1625724853,851863570,59374486,4096
1625724853,851863570,59374494,4096
1625724853,851863570,59374502,4096
1625724853,851863570,59374510,4096
1625724853,851864644,59374518,4096
1625724853,851864644,59374526,4096
1625724853,851864644,59374534,4096
1625724853,851864644,59374542,4096
1625724853,851864644,59374550,4096
1625724853,851864644,59374558,4096
1625724853,851864644,59374566,4096
1625724853,851864644,59374574,4096
1625724853,851864644,59374582,4096
1625724853,851865717,59374590,1024
1625724853,853633772,59374592,4096
1625724853,853978365,59375104,4096
1625724853,854883326,59374600,4096
1625724853,854883326,59374608,4096
1625724853,854883326,59374616,4096
1625724853,854883326,59374624,4096
1625724853,854884399,59374632,4096
1625724853,854884399,59374640,4096
1625724853,854884399,59374648,4096
1625724853,854884399,59374656,4096
1625724853,854884399,59374664,4096
1625724853,854884399,59374672,4096
1625724853,854884399,59374680,4096
1625724853,854884399,59374688,4096
1625724853,854885473,59374696,4096
1625724853,854885473,59374704,4096
1625724853,854885473,59374712,4096
1625724853,854885473,59374720,4096
1625724853,854885473,59374728,4096
1625724853,854885473,59374736,4096
1625724853,854885473,59374744,4096
1625724853,854885473,59374752,4096
1625724853,854885473,59374760,4096
1625724853,855081923,59374768,4096
1625724853,855081923,59374776,4096
1625724853,855081923,59374784,4096
1625724853,855081923,59374792,4096
1625724853,855081923,59374800,4096
1625724853,855081923,59374808,4096
1625724853,855082997,59374816,4096
1625724853,855082997,59374824,4096
1625724853,855082997,59374832,4096
1625724853,855082997,59374840,4096
1625724853,855082997,59374848,4096
1625724853,855082997,59374856,4096
1625724853,855082997,59374864,4096
1625724853,855082997,59374872,4096
1625724853,855082997,59374880,4096
1625724853,855084070,59374888,4096
1625724853,855084070,59374896,4096
1625724853,855084070,59374904,4096
1625724853,855084070,59374912,4096
1625724853,855084070,59374920,4096
1625724853,855084070,59374928,4096
1625724853,855245095,59374936,4096
1625724853,855245095,59374944,4096
1625724853,855245095,59374952,4096
1625724853,855245095,59374960,4096
1625724853,855245095,59374968,4096
1625724853,855245095,59374976,4096
1625724853,855246169,59374984,4096
1625724853,855246169,59374992,4096
1625724853,855246169,59375000,4096
1625724853,855246169,59375008,4096
1625724853,855246169,59375016,4096
1625724853,855246169,59375024,4096
1625724853,855246169,59375032,4096
1625724853,855246169,59375040,4096
1625724853,855246169,59375048,4096
1625724853,855247242,59375056,4096
1625724853,855247242,59375064,4096
1625724853,855247242,59375072,4096
1625724853,855247242,59375080,4096
1625724853,855247242,59375088,4096
1625724853,855247242,59375096,4096
1625724853,856776980,59375112,4096
1625724853,856776980,59375120,4096
1625724853,856778053,59375128,4096
1625724853,856778053,59375136,4096
1625724853,856778053,59375144,4096
1625724853,856778053,59375152,4096
1625724853,856778053,59375160,4096
1625724853,856778053,59375168,4096
1625724853,856778053,59375176,4096
1625724853,856778053,59375184,4096
1625724853,856779127,59375192,4096
1625724853,856779127,59375200,4096
1625724853,856779127,59375208,4096
1625724853,856779127,59375216,4096
1625724853,856779127,59375224,4096
1625724853,856779127,59375232,4096
1625724853,856779127,59375240,4096
1625724853,856779127,59375248,4096
1625724853,856779127,59375256,4096
1625724853,856780200,59375264,4096
1625724853,856780200,59375272,4096
1625724853,856949813,59375280,4096
1625724853,856949813,59375288,4096
1625724853,856949813,59375296,4096
1625724853,856949813,59375304,4096
1625724853,856949813,59375312,4096
1625724853,856950887,59375320,4096
1625724853,856950887,59375328,4096
1625724853,856950887,59375336,4096
1625724853,856950887,59375344,4096
1625724853,856950887,59375352,4096
1625724853,856950887,59375360,4096
1625724853,856950887,59375368,4096
1625724853,856950887,59375376,4096
1625724853,856951960,59375384,4096
1625724853,856951960,59375392,4096
1625724853,856951960,59375400,4096
1625724853,856951960,59375408,4096
1625724853,856951960,59375416,4096
1625724853,856951960,59375424,4096
1625724853,856951960,59375432,4096
1625724853,856951960,59375440,4096
1625724853,857139823,59375448,4096
1625724853,857139823,59375456,4096
1625724853,857139823,59375464,4096
1625724853,857139823,59375472,4096
1625724853,857139823,59375480,4096
1625724853,857139823,59375488,4096
1625724853,857139823,59375496,4096
1625724853,857140896,59375504,4096
1625724853,857140896,59375512,4096
1625724853,857140896,59375520,4096
1625724853,857140896,59375528,4096
1625724853,857140896,59375536,4096
1625724853,857140896,59375544,4096
1625724853,857140896,59375552,4096
1625724853,857140896,59375560,4096
1625724853,857141970,59375568,4096
1625724853,857141970,59375576,4096
1625724853,857141970,59375584,4096
1625724853,857141970,59375592,4096
1625724853,857141970,59375600,4096
1625724853,857141970,59375608,4096
1625724853,870835536,6789344,4096
1625724853,935444133,27669120,4096
1625724853,935444133,27669128,4096
1625724853,935444133,27669136,4096
1625724853,935444133,27669144,4096
1625724853,935444133,27669152,4096
1625724853,935445207,27669160,4096
1625724853,935445207,27669168,4096
1625724853,935445207,27669176,4096
1625724853,939861586,27669344,4096
1625724853,939861586,27669352,4096
1625724853,939861586,27669360,4096
1625724853,939861586,27669368,4096
1625724853,946671870,69796448,4096
1625724853,946671870,69796456,4096
1625724853,946671870,69796464,4096
1625724853,946671870,69796472,4096
1625724853,950540764,27669536,4096
1625724853,950540764,27669544,4096
1625724853,950540764,27669552,4096
1625724853,950541837,27669560,4096
1625724853,954121960,28241280,4096
1625724853,954123033,28241288,4096
1625724853,954123033,28241296,4096
1625724853,954123033,28241304,4096
1625724853,954123033,28241312,4096
1625724853,954123033,28241320,4096
1625724853,954123033,28241328,4096
1625724853,954123033,28241336,4096
1625724853,960625223,28248864,4096
1625724853,960625223,28248872,4096
1625724853,960625223,28248880,4096
1625724853,960625223,28248888,4096
1625724853,960625223,28248896,4096
1625724853,960626296,28248904,4096
1625724853,960626296,28248912,4096
1625724853,960626296,28248920,4096
1625724853,966575633,61874560,4096
1625724853,966575633,61874568,4096
1625724853,966575633,61874576,4096
1625724853,966575633,61874584,4096
1625724853,966575633,61874592,4096
1625724853,966575633,61874600,4096
1625724853,966576707,61874608,4096
1625724853,966576707,61874616,4096
1625724853,971244285,61926112,4096
1625724853,971245358,61926120,4096
1625724853,971245358,61926128,4096
1625724853,971245358,61926136,4096
1625724853,971245358,61926144,4096
1625724853,971245358,61926152,4096
1625724853,971245358,61926160,4096
1625724853,971245358,61926168,4096
1625724853,974981138,62019680,4096
1625724853,974981138,62019688,4096
1625724853,974981138,62019696,4096
1625724853,974981138,62019704,4096
1625724853,974981138,62019712,4096
1625724853,974981138,62019720,4096
1625724853,974982212,62019728,4096
1625724853,974982212,62019736,4096
1625724853,986510528,934816,4096
1625724853,986510528,934824,4096
1625724853,986510528,934832,4096
1625724853,986510528,934840,4096
1625724853,991284383,934944,4096
1625724853,991284383,934952,4096
1625724853,991284383,934960,4096
1625724853,991285456,934968,4096
1625724854,157933561,935200,4096
1625724854,157933561,935208,4096
1625724854,157933561,935216,4096
1625724854,157934634,935224,4096
1625724854,158558338,2694400,4096
1625724854,158559411,2694408,4096
1625724854,158559411,2694416,4096
1625724854,158559411,2694424,4096
1625724854,159226055,2694432,4096
1625724854,159226055,2694440,3072
1625724854,224502369,63518912,4096
1625724854,224502369,63518920,4096
1625724854,224502369,63518928,4096
1625724854,224503443,63518936,4096
1625724854,224503443,63518944,4096
1625724854,224503443,63518952,4096
1625724854,224503443,63518960,4096
1625724854,224503443,63518968,4096
1625724854,224503443,63518976,4096
1625724854,224503443,63518984,4096
1625724854,224503443,63518992,4096
1625724854,224504516,63519000,4096
1625724854,226972493,935328,4096
1625724854,226972493,935336,4096
1625724854,226972493,935344,4096
1625724854,226973566,935352,4096
1625724854,228057801,6798696,4096
1625724854,252345739,48935736,4096
1625724854,253169113,12987032,4096
1625724854,253169113,12987040,4096
1625724854,253169113,12987048,4096
1625724854,253169113,12987056,4096
1625724854,253876550,12987064,4096
1625724854,253876550,12987072,4096
1625724854,253877623,12987080,1536
1625724854,2599184,935072,4096
1625724854,2599184,935080,4096
1625724854,2599184,935088,4096
1625724854,2599184,935096,4096
1625724854,377307580,67353792,4096
1625724854,377308653,67353800,4096
1625724854,377308653,67353808,4096
1625724854,377308653,67353816,4096
1625724854,377308653,67353824,4096
1625724854,377308653,67353832,4096
1625724854,377308653,67353840,4096
1625724854,377309727,67353848,4096
1625724854,379713293,12976288,4096
1625724854,379713293,12976296,4096
1625724854,379714367,12976304,4096
1625724854,379714367,12976312,4096
1625724854,383472690,68866688,4096
1625724854,383472690,68866696,4096
1625724854,383472690,68866704,4096
1625724854,383473764,68866712,4096
1625724854,385782862,12976416,4096
1625724854,385782862,12976424,4096
1625724854,385782862,12976432,4096
1625724854,385782862,12976440,4096
1625724854,385783936,12976448,4096
1625724854,385783936,12976456,4096
1625724854,385783936,12976464,4096
1625724854,385783936,12976472,4096
1625724854,389067772,68872928,4096
1625724854,389068846,68872936,4096
1625724854,389068846,68872944,4096
1625724854,389068846,68872952,4096
1625724854,391196523,12976544,4096
1625724854,391196523,12976552,4096
1625724854,391196523,12976560,4096
1625724854,391196523,12976568,4096
1625724854,394932303,68891616,4096
1625724854,394932303,68891624,4096
1625724854,394933376,68891632,4096
1625724854,394933376,68891640,4096
1625724854,394933376,68891648,4096
1625724854,394933376,68891656,4096
1625724854,394933376,68891664,4096
1625724854,394933376,68891672,4096
1625724854,397324061,12976672,4096
1625724854,397324061,12976680,4096
1625724854,397325134,12976688,4096
1625724854,397325134,12976696,4096
1625724854,400015325,69006336,4096
1625724854,400015325,69006344,4096
1625724854,400015325,69006352,4096
1625724854,400015325,69006360,4096
1625724854,400016399,69006368,4096
1625724854,400016399,69006376,4096
1625724854,400016399,69006384,4096
1625724854,400016399,69006392,4096
1625724854,402285778,12976800,4096
1625724854,402285778,12976808,4096
1625724854,402285778,12976816,4096
1625724854,402285778,12976824,4096
1625724854,423574356,63159808,4096
1625724854,423575430,63159816,4096
1625724854,423575430,63159824,4096
1625724854,423575430,63159832,4096
1625724854,424373040,63159840,4096
1625724854,424373040,63159848,4096
1625724854,424374114,63159856,4096
1625724854,424374114,63159864,4096
1625724854,424374114,63159872,4096
1625724854,424374114,63159880,4096
1625724854,424374114,63159888,4096
1625724854,424374114,63159896,4096
1625724854,424374114,63159904,4096
1625724854,424374114,63159912,4096
1625724854,424375187,63159920,4096
1625724854,424375187,63159928,4096
1625724854,424375187,63159936,4096
1625724854,424375187,63159944,4096
1625724854,424476096,63159952,4096
1625724854,424477170,63159960,4096
1625724854,424477170,63159968,4096
1625724854,424477170,63159976,4096
1625724854,424477170,63159984,4096
1625724854,424477170,63159992,4096
1625724854,424477170,63160000,4096
1625724854,424477170,63160008,4096
1625724854,424477170,63160016,4096
1625724854,424477170,63160024,4096
1625724854,424478243,63160032,4096
1625724854,424478243,63160040,4096
1625724854,424478243,63160048,4096
1625724854,424478243,63160056,4096
1625724854,425138446,63160064,4096
1625724854,425138446,63160072,4096
1625724854,425138446,63160080,4096
1625724854,425138446,63160088,4096
1625724854,425139519,63160096,4096
1625724854,425139519,63160104,4096
1625724854,425139519,63160112,4096
1625724854,425139519,63160120,4096
1625724854,425139519,63160128,4096
1625724854,425139519,63160136,4096
1625724854,425139519,63160144,4096
1625724854,425139519,63160152,4096
1625724854,425140593,63160160,4096
1625724854,425140593,63160168,4096
1625724854,425140593,63160176,4096
1625724854,425140593,63160184,4096
1625724854,426498570,63160192,4096
1625724854,426498570,63160200,4096
1625724854,426498570,63160208,4096
1625724854,426498570,63160216,4096
1625724854,426498570,63160224,4096
1625724854,426499644,63160232,4096
1625724854,426499644,63160240,4096
1625724854,426499644,63160248,4096
1625724854,426499644,63160256,4096
1625724854,426499644,63160264,4096
1625724854,426499644,63160272,4096
1625724854,426499644,63160280,4096
1625724854,426499644,63160288,4096
1625724854,426500717,63160296,4096
1625724854,426500717,63160304,4096
1625724854,426500717,63160312,4096
1625724854,426625243,63160320,4096
1625724854,426626317,63160328,4096
1625724854,426626317,63160336,4096
1625724854,426626317,63160344,4096
1625724854,426626317,63160352,4096
1625724854,426626317,63160360,4096
1625724854,426626317,63160368,4096
1625724854,426626317,63160376,4096
1625724854,426626317,63160384,4096
1625724854,426626317,63160392,4096
1625724854,426627390,63160400,4096
1625724854,426627390,63160408,4096
1625724854,426627390,63160416,4096
1625724854,426627390,63160424,4096
1625724854,426627390,63160432,4096
1625724854,426627390,63160440,4096
1625724854,431175810,63160576,4096
1625724854,431176883,63160584,4096
1625724854,431176883,63160592,4096
1625724854,431176883,63160600,4096
1625724854,431176883,63160608,4096
1625724854,431176883,63160616,4096
1625724854,431176883,63160624,4096
1625724854,431177957,63160632,4096
1625724854,431177957,63160640,4096
1625724854,431177957,63160648,4096
1625724854,431177957,63160656,4096
1625724854,431177957,63160664,4096
1625724854,431177957,63160672,4096
1625724854,431177957,63160680,4096
1625724854,431177957,63160688,4096
1625724854,431179030,63160696,4096
1625724854,431272425,63160448,4096
1625724854,431273498,63160456,4096
1625724854,431273498,63160464,4096
1625724854,431273498,63160472,4096
1625724854,431273498,63160480,4096
1625724854,431273498,63160488,4096
1625724854,431273498,63160496,4096
1625724854,431273498,63160504,4096
1625724854,431274572,63160512,4096
1625724854,431274572,63160520,4096
1625724854,431274572,63160528,4096
1625724854,431274572,63160536,4096
1625724854,431274572,63160544,4096
1625724854,431274572,63160552,4096
1625724854,431274572,63160560,4096
1625724854,431274572,63160568,4096
1625724854,435491280,63160704,4096
1625724854,435491280,63160712,4096
1625724854,435491280,63160720,4096
1625724854,435491280,63160728,4096
1625724854,435491280,63160736,4096
1625724854,435491280,63160744,4096
1625724854,435492353,63160752,4096
1625724854,435492353,63160760,4096
1625724854,435492353,63160768,4096
1625724854,435492353,63160776,4096
1625724854,435492353,63160784,4096
1625724854,435492353,63160792,4096
1625724854,435492353,63160800,4096
1625724854,435492353,63160808,4096
1625724854,435493427,63160816,4096
1625724854,435493427,63160824,4096
1625724854,435605071,63160832,4096
1625724854,435605071,63160840,4096
1625724854,435605071,63160848,4096
1625724854,435605071,63160856,4096
1625724854,435606144,63160864,4096
1625724854,435606144,63160872,4096
1625724854,435606144,63160880,4096
1625724854,435606144,63160888,4096
1625724854,435606144,63160896,4096
1625724854,435606144,63160904,4096
1625724854,435606144,63160912,4096
1625724854,435606144,63160920,4096
1625724854,435606144,63160928,4096
1625724854,435607218,63160936,4096
1625724854,435607218,63160944,4096
1625724854,435607218,63160952,4096
1625724854,439945231,63160960,4096
1625724854,439945231,63160968,4096
1625724854,439945231,63160976,4096
1625724854,439945231,63160984,4096
1625724854,439945231,63160992,4096
1625724854,439945231,63161000,4096
1625724854,439946305,63161008,4096
1625724854,439946305,63161016,4096
1625724854,439946305,63161024,4096
1625724854,439946305,63161032,4096
1625724854,439946305,63161040,4096
1625724854,439946305,63161048,4096
1625724854,439946305,63161056,4096
1625724854,439946305,63161064,4096
1625724854,439946305,63161072,4096
1625724854,439947378,63161080,4096
1625724854,440062243,63161088,4096
1625724854,440063316,63161096,4096
1625724854,440063316,63161104,4096
1625724854,440063316,63161112,4096
1625724854,440063316,63161120,4096
1625724854,440063316,63161128,4096
1625724854,440063316,63161136,4096
1625724854,440063316,63161144,4096
1625724854,440063316,63161152,4096
1625724854,440064390,63161160,4096
1625724854,440064390,63161168,4096
1625724854,440064390,63161176,4096
1625724854,440064390,63161184,4096
1625724854,440064390,63161192,4096
1625724854,440064390,63161200,4096
1625724854,440064390,63161208,4096
1625724854,444433535,63161216,4096
1625724854,444433535,63161224,4096
1625724854,444433535,63161232,4096
1625724854,444433535,63161240,4096
1625724854,444433535,63161248,4096
1625724854,444433535,63161256,4096
1625724854,444434608,63161264,4096
1625724854,444434608,63161272,4096
1625724854,444434608,63161280,4096
1625724854,444434608,63161288,4096
1625724854,444434608,63161296,4096
1625724854,444434608,63161304,4096
1625724854,444434608,63161312,4096
1625724854,444434608,63161320,4096
1625724854,444434608,63161328,4096
1625724854,444435682,63161336,4096
1625724854,444547326,63161344,4096
1625724854,444547326,63161352,4096
1625724854,444547326,63161360,4096
1625724854,444548399,63161368,4096
1625724854,444548399,63161376,4096
1625724854,444548399,63161384,4096
1625724854,444548399,63161392,4096
1625724854,444548399,63161400,4096
1625724854,444548399,63161408,4096
1625724854,444548399,63161416,4096
1625724854,444548399,63161424,4096
1625724854,444549473,63161432,4096
1625724854,444549473,63161440,4096
1625724854,444549473,63161448,4096
1625724854,444549473,63161456,4096
1625724854,444549473,63161464,4096
1625724854,448835958,63161472,4096
1625724854,448835958,63161480,4096
1625724854,448835958,63161488,4096
1625724854,448835958,63161496,4096
1625724854,448835958,63161504,4096
1625724854,448837032,63161512,4096
1625724854,448837032,63161520,4096
1625724854,448837032,63161528,4096
1625724854,448837032,63161536,4096
1625724854,448837032,63161544,4096
1625724854,448837032,63161552,4096
1625724854,448837032,63161560,4096
1625724854,448837032,63161568,4096
1625724854,448838105,63161576,4096
1625724854,448838105,63161584,4096
1625724854,448838105,63161592,4096
1625724854,448948676,63161600,4096
1625724854,448949749,63161608,4096
1625724854,448949749,63161616,4096
1625724854,448949749,63161624,4096
1625724854,448949749,63161632,4096
1625724854,448949749,63161640,4096
1625724854,448949749,63161648,4096
1625724854,448949749,63161656,4096
1625724854,448949749,63161664,4096
1625724854,448949749,63161672,4096
1625724854,448950823,63161680,4096
1625724854,448950823,63161688,4096
1625724854,448950823,63161696,4096
1625724854,448950823,63161704,4096
1625724854,448950823,63161712,4096
1625724854,448950823,63161720,4096
1625724854,453125664,63161728,4096
1625724854,453125664,63161736,4096
1625724854,453126738,63161744,4096
1625724854,453126738,63161752,4096
1625724854,453126738,63161760,4096
1625724854,453126738,63161768,4096
1625724854,453126738,63161776,4096
1625724854,453126738,63161784,4096
1625724854,453126738,63161792,4096
1625724854,453126738,63161800,4096
1625724854,453127811,63161808,4096
1625724854,453127811,63161816,4096
1625724854,453127811,63161824,4096
1625724854,453127811,63161832,4096
1625724854,453127811,63161840,4096
1625724854,453127811,63161848,4096
1625724854,453239455,63161856,4096
1625724854,453239455,63161864,4096
1625724854,453239455,63161872,4096
1625724854,453239455,63161880,4096
1625724854,453239455,63161888,4096
1625724854,453239455,63161896,4096
1625724854,453240529,63161904,4096
1625724854,453240529,63161912,4096
1625724854,453240529,63161920,4096
1625724854,453240529,63161928,4096
1625724854,453240529,63161936,4096
1625724854,453240529,63161944,4096
1625724854,453240529,63161952,4096
1625724854,453240529,63161960,4096
1625724854,453240529,63161968,4096
1625724854,453241602,63161976,4096
1625724854,457739567,63161984,4096
1625724854,457740641,63161992,4096
1625724854,457740641,63162000,4096
1625724854,457740641,63162008,4096
1625724854,457740641,63162016,4096
1625724854,457740641,63162024,4096
1625724854,457740641,63162032,4096
1625724854,457740641,63162040,4096
1625724854,457741714,63162048,4096
1625724854,457741714,63162056,4096
1625724854,457741714,63162064,4096
1625724854,457741714,63162072,4096
1625724854,457741714,63162080,4096
1625724854,457741714,63162088,4096
1625724854,457741714,63162096,4096
1625724854,457741714,63162104,4096
1625724854,457860873,63162112,4096
1625724854,457860873,63162120,4096
1625724854,457861946,63162128,4096
1625724854,457861946,63162136,4096
1625724854,457861946,63162144,4096
1625724854,457861946,63162152,4096
1625724854,457861946,63162160,4096
1625724854,457861946,63162168,4096
1625724854,457861946,63162176,4096
1625724854,457861946,63162184,4096
1625724854,457863020,63162192,4096
1625724854,457863020,63162200,4096
1625724854,457863020,63162208,4096
1625724854,457863020,63162216,4096
1625724854,457863020,63162224,4096
1625724854,457863020,63162232,4096
1625724854,462621845,63162240,4096
1625724854,462621845,63162248,4096
1625724854,462621845,63162256,4096
1625724854,462621845,63162264,4096
1625724854,462621845,63162272,4096
1625724854,462621845,63162280,4096
1625724854,462621845,63162288,4096
1625724854,462621845,63162296,4096
1625724854,462621845,63162304,4096
1625724854,462622919,63162312,4096
1625724854,462622919,63162320,4096
1625724854,462622919,63162328,4096
1625724854,462622919,63162336,4096
1625724854,462622919,63162344,4096
1625724854,462622919,63162352,4096
1625724854,462622919,63162360,4096
1625724854,462737783,63162368,4096
1625724854,462738857,63162376,4096
1625724854,462738857,63162384,4096
1625724854,462738857,63162392,4096
1625724854,462738857,63162400,4096
1625724854,462738857,63162408,4096
1625724854,462738857,63162416,4096
1625724854,462738857,63162424,4096
1625724854,462738857,63162432,4096
1625724854,462738857,63162440,4096
1625724854,462739930,63162448,4096
1625724854,462739930,63162456,4096
1625724854,462739930,63162464,4096
1625724854,462739930,63162472,4096
1625724854,462739930,63162480,4096
1625724854,462739930,63162488,4096
1625724854,466789172,63162496,4096
1625724854,466789172,63162504,4096
1625724854,466789172,63162512,4096
1625724854,466789172,63162520,4096
1625724854,466789172,63162528,4096
1625724854,466789172,63162536,4096
1625724854,466789172,63162544,4096
1625724854,466789172,63162552,4096
1625724854,466790246,63162560,4096
1625724854,466790246,63162568,4096
1625724854,466790246,63162576,4096
1625724854,466790246,63162584,4096
1625724854,466790246,63162592,4096
1625724854,466790246,63162600,4096
1625724854,466790246,63162608,4096
1625724854,466790246,63162616,4096
1625724854,466901890,63162624,4096
1625724854,466901890,63162632,4096
1625724854,466902963,63162640,4096
1625724854,466902963,63162648,4096
1625724854,466902963,63162656,4096
1625724854,466902963,63162664,4096
1625724854,466902963,63162672,4096
1625724854,466902963,63162680,4096
1625724854,466902963,63162688,4096
1625724854,466902963,63162696,4096
1625724854,466904037,63162704,4096
1625724854,466904037,63162712,4096
1625724854,466904037,63162720,4096
1625724854,466904037,63162728,4096
1625724854,466904037,63162736,4096
1625724854,466904037,63162744,4096
1625724854,470974749,63162752,4096
1625724854,470974749,63162760,4096
1625724854,470975822,63162768,4096
1625724854,470975822,63162776,4096
1625724854,470975822,63162784,4096
1625724854,470975822,63162792,4096
1625724854,470975822,63162800,4096
1625724854,470975822,63162808,4096
1625724854,470975822,63162816,4096
1625724854,470975822,63162824,4096
1625724854,470975822,63162832,4096
1625724854,470976896,63162840,4096
1625724854,470976896,63162848,4096
1625724854,470976896,63162856,4096
1625724854,470976896,63162864,4096
1625724854,470976896,63162872,4096
1625724854,471089613,63162880,4096
1625724854,471089613,63162888,4096
1625724854,471089613,63162896,4096
1625724854,471089613,63162904,4096
1625724854,471089613,63162912,4096
1625724854,471089613,63162920,4096
1625724854,471089613,63162928,4096
1625724854,471089613,63162936,4096
1625724854,471090687,63162944,4096
1625724854,471090687,63162952,4096
1625724854,471090687,63162960,4096
1625724854,471090687,63162968,4096
1625724854,471090687,63162976,4096
1625724854,471090687,63162984,4096
1625724854,471090687,63162992,4096
1625724854,471090687,63163000,4096
1625724854,475406157,63163008,4096
1625724854,475406157,63163016,4096
1625724854,475407230,63163024,4096
1625724854,475407230,63163032,4096
1625724854,475407230,63163040,4096
1625724854,475407230,63163048,4096
1625724854,475407230,63163056,4096
1625724854,475407230,63163064,4096
1625724854,475407230,63163072,4096
1625724854,475407230,63163080,4096
1625724854,475407230,63163088,4096
1625724854,475408304,63163096,4096
1625724854,475408304,63163104,4096
1625724854,475408304,63163112,4096
1625724854,475408304,63163120,4096
1625724854,475408304,63163128,4096
1625724854,475523168,63163136,4096
1625724854,475523168,63163144,4096
1625724854,475523168,63163152,4096
1625724854,475523168,63163160,4096
1625724854,475523168,63163168,4096
1625724854,475523168,63163176,4096
1625724854,475524242,63163184,4096
1625724854,475524242,63163192,4096
1625724854,475524242,63163200,4096
1625724854,475524242,63163208,4096
1625724854,475524242,63163216,4096
1625724854,475524242,63163224,4096
1625724854,475524242,63163232,4096
1625724854,475524242,63163240,4096
1625724854,475524242,63163248,4096
1625724854,475525315,63163256,4096
1625724854,47697993,48935720,4096
1625724854,479804286,63163264,4096
1625724854,479805360,63163272,4096
1625724854,479805360,63163280,4096
1625724854,479805360,63163288,4096
1625724854,479805360,63163296,4096
1625724854,479805360,63163304,4096
1625724854,479805360,63163312,4096
1625724854,479805360,63163320,4096
1625724854,479805360,63163328,4096
1625724854,479806433,63163336,4096
1625724854,479806433,63163344,4096
1625724854,479806433,63163352,4096
1625724854,479806433,63163360,4096
1625724854,479806433,63163368,4096
1625724854,479806433,63163376,4096
1625724854,479806433,63163384,4096
1625724854,479919151,63163392,4096
1625724854,479919151,63163400,4096
1625724854,479919151,63163408,4096
1625724854,479919151,63163416,4096
1625724854,479919151,63163424,4096
1625724854,479919151,63163432,4096
1625724854,479919151,63163440,4096
1625724854,479919151,63163448,4096
1625724854,479919151,63163456,4096
1625724854,479920224,63163464,4096
1625724854,479920224,63163472,4096
1625724854,479920224,63163480,4096
1625724854,479920224,63163488,4096
1625724854,479920224,63163496,4096
1625724854,479920224,63163504,4096
1625724854,479920224,63163512,4096
1625724854,48389327,952232,4096
1625724854,48389327,952240,4096
1625724854,48389327,952248,3584
1625724854,484110095,63163520,4096
1625724854,484110095,63163528,4096
1625724854,484110095,63163536,4096
1625724854,484110095,63163544,4096
1625724854,484110095,63163552,4096
1625724854,484110095,63163560,4096
1625724854,484110095,63163568,4096
1625724854,484110095,63163576,4096
1625724854,484111168,63163584,4096
1625724854,484111168,63163592,4096
1625724854,484111168,63163600,4096
1625724854,484111168,63163608,4096
1625724854,484111168,63163616,4096
1625724854,484223886,63163624,4096
1625724854,484223886,63163632,4096
1625724854,484223886,63163640,4096
1625724854,484224959,63163648,4096
1625724854,484224959,63163656,4096
1625724854,484224959,63163664,4096
1625724854,484224959,63163672,4096
1625724854,484224959,63163680,4096
1625724854,484224959,63163688,4096
1625724854,484224959,63163696,4096
1625724854,484224959,63163704,4096
1625724854,484226033,63163712,4096
1625724854,484226033,63163720,3584
1625724855,287441388,15226896,4096
1625724855,290452555,15226904,4096
1625724855,290452555,15226912,4096
1625724855,290452555,15226920,4096
1625724855,290453629,15226928,4096
1625724855,290453629,15226936,4096
1625724855,290453629,15226944,4096
1625724855,290453629,15226952,4096
1625724855,290453629,15226960,4096
1625724855,290453629,15226968,4096
1625724855,290453629,15226976,4096
1625724855,290454702,15226984,4096
1625724855,290454702,15226992,4096
1625724855,290454702,15227000,4096
1625724855,290454702,15227008,4096
1625724855,290454702,15227016,4096
1625724855,290454702,15227024,4096
1625724855,290899131,10009632,4096
1625724855,290899131,10009640,4096
1625724855,290899131,10009648,4096
1625724855,290900205,10009656,4096
1625724855,290900205,10009664,4096
1625724855,290900205,10009672,4096
1625724855,290900205,10009680,4096
1625724855,290900205,10009688,4096
1625724855,290900205,10009696,4096
1625724855,290900205,10009704,4096
1625724855,290900205,10009712,4096
1625724855,290900205,10009720,4096
1625724855,290901278,10009728,4096
1625724855,290901278,10009736,4096
1625724855,290901278,10009744,4096
1625724855,290901278,10009752,4096
1625724855,291398309,10009760,4096
1625724855,291398309,10009768,4096
1625724855,291398309,10009776,4096
1625724855,291398309,10009784,4096
1625724855,291398309,10009792,4096
1625724855,291398309,10009800,4096
1625724855,291398309,10009808,4096
1625724855,291399382,10009816,4096
1625724855,291399382,10009824,4096
1625724855,291399382,10009832,4096
1625724855,291399382,10009840,4096
1625724855,291399382,10009848,4096
1625724855,291399382,10009856,4096
1625724855,291399382,10009864,4096
1625724855,291399382,10009872,4096
1625724855,291399382,10009880,4096
1625724856,463260005,70611016,4096
1625724856,463261078,70611024,4096
1625724856,463261078,70611032,4096
1625724856,463261078,70611040,4096
1625724856,464106996,70611048,4096
1625724856,464106996,70611056,4096
1625724856,464106996,70611064,4096
1625724856,464106996,70611072,4096
1625724856,464106996,70611080,4096
1625724856,464106996,70611088,4096
1625724856,464108070,70611096,4096
1625724856,464108070,70611104,4096
1625724856,464108070,70611112,4096
1625724856,464108070,70611120,4096
1625724856,464108070,70611128,4096
1625724856,464108070,70611136,4096
1625724856,464108070,70611144,4096
1625724856,464108070,70611152,4096
1625724856,464222934,70611160,4096
1625724856,464222934,70611168,4096
1625724856,464222934,70611176,4096
1625724856,464222934,70611184,4096
1625724856,464222934,70611192,4096
1625724856,464222934,70611200,4096
1625724856,464222934,70611208,4096
1625724856,464224008,70611216,4096
1625724856,464224008,70611224,4096
1625724856,464224008,70611232,4096
1625724856,464224008,70611240,4096
1625724856,464224008,70611248,4096
1625724856,464224008,70611256,4096
1625724856,464224008,70611264,4096
1625724856,465063485,70611272,4096
1625724856,465064558,70611280,4096
1625724856,465064558,70611288,4096
1625724856,465064558,70611296,4096
1625724856,465064558,70611304,4096
1625724856,465064558,70611312,4096
1625724856,465064558,70611320,4096
1625724856,465064558,70611328,4096
1625724856,465064558,70611336,4096
1625724856,465064558,70611344,4096
1625724856,465065632,70611352,4096
1625724856,465065632,70611360,4096
1625724856,465065632,70611368,4096
1625724856,465065632,70611376,4096
1625724856,465065632,70611384,4096
1625724856,465065632,70611392,4096
1625724856,465942681,70611400,4096
1625724856,465943755,70611408,4096
1625724856,465943755,70611416,4096
1625724856,465943755,70611424,4096
1625724856,465943755,70611432,4096
1625724856,465943755,70611440,4096
1625724856,465943755,70611448,4096
1625724856,465943755,70611456,4096
1625724856,465943755,70611464,4096
1625724856,465943755,70611472,4096
1625724856,465944828,70611480,4096
1625724856,465944828,70611488,4096
1625724856,465944828,70611496,4096
1625724856,465944828,70611504,4096
1625724856,465944828,70611512,4096
1625724856,465944828,70611520,4096
1625724856,466068281,70611528,4096
1625724856,466069354,70611536,4096
1625724856,466069354,70611544,4096
1625724856,466069354,70611552,4096
1625724856,466069354,70611560,4096
1625724856,466069354,70611568,4096
1625724856,466069354,70611576,4096
1625724856,466069354,70611584,4096
1625724856,466069354,70611592,4096
1625724856,466070428,70611600,4096
1625724856,466070428,70611608,4096
1625724856,466070428,70611616,4096
1625724856,466070428,70611624,4096
1625724856,466070428,70611632,4096
1625724856,466070428,70611640,4096
1625724856,466070428,70611648,4096
1625724856,470592010,70611656,4096
1625724856,470593083,70611664,4096
1625724856,470593083,70611672,4096
1625724856,470593083,70611680,4096
1625724856,470593083,70611688,4096
1625724856,470593083,70611696,4096
1625724856,470593083,70611704,4096
1625724856,470593083,70611712,4096
1625724856,470594157,70611720,4096
1625724856,470594157,70611728,4096
1625724856,470594157,70611736,4096
1625724856,470594157,70611744,4096
1625724856,470594157,70611752,4096
1625724856,470594157,70611760,4096
1625724856,470594157,70611768,4096
1625724856,470594157,70611776,4096
1625724856,470711168,70611784,4096
1625724856,470711168,70611792,4096
1625724856,470711168,70611800,4096
1625724856,470711168,70611808,4096
1625724856,470711168,70611816,4096
1625724856,470711168,70611824,4096
1625724856,470712242,70611832,4096
1625724856,470712242,70611840,4096
1625724856,470712242,70611848,4096
1625724856,470712242,70611856,4096
1625724856,470712242,70611864,4096
1625724856,470712242,70611872,4096
1625724856,470712242,70611880,4096
1625724856,470712242,70611888,4096
1625724856,470713315,70611896,4096
1625724856,470713315,70611904,4096
1625724856,474989066,70611912,4096
1625724856,474989066,70611920,4096
1625724856,474989066,70611928,4096
1625724856,474989066,70611936,4096
1625724856,474989066,70611944,4096
1625724856,474989066,70611952,4096
1625724856,474989066,70611960,4096
1625724856,474990139,70611968,4096
1625724856,474990139,70611976,4096
1625724856,474990139,70611984,4096
1625724856,474990139,70611992,4096
1625724856,474990139,70612000,4096
1625724856,474990139,70612008,4096
1625724856,474990139,70612016,4096
1625724856,474990139,70612024,4096
1625724856,474990139,70612032,4096
1625724856,475113592,70612040,4096
1625724856,475113592,70612048,4096
1625724856,475114665,70612056,4096
1625724856,475114665,70612064,4096
1625724856,475114665,70612072,4096
1625724856,475114665,70612080,4096
1625724856,475114665,70612088,4096
1625724856,475114665,70612096,4096
1625724856,475114665,70612104,4096
1625724856,475114665,70612112,4096
1625724856,475114665,70612120,4096
1625724856,475115739,70612128,4096
1625724856,475115739,70612136,4096
1625724856,475115739,70612144,4096
1625724856,475115739,70612152,4096
1625724856,475115739,70612160,4096
1625724856,479265890,70612168,4096
1625724856,479265890,70612176,4096
1625724856,479265890,70612184,4096
1625724856,479265890,70612192,4096
1625724856,479266963,70612200,4096
1625724856,479266963,70612208,4096
1625724856,479266963,70612216,4096
1625724856,479266963,70612224,4096
1625724856,479266963,70612232,4096
1625724856,479266963,70612240,4096
1625724856,479266963,70612248,4096
1625724856,479266963,70612256,4096
1625724856,479268037,70612264,4096
1625724856,479268037,70612272,4096
1625724856,479268037,70612280,4096
1625724856,479268037,70612288,4096
1625724856,479391489,70612296,4096
1625724856,479391489,70612304,4096
1625724856,479391489,70612312,4096
1625724856,479391489,70612320,4096
1625724856,479391489,70612328,4096
1625724856,479391489,70612336,4096
1625724856,479391489,70612344,4096
1625724856,479391489,70612352,4096
1625724856,479392563,70612360,4096
1625724856,479392563,70612368,4096
1625724856,479392563,70612376,4096
1625724856,479392563,70612384,4096
1625724856,479392563,70612392,4096
1625724856,479392563,70612400,4096
1625724856,479392563,70612408,4096
1625724856,479392563,70612416,4096
1625724856,483681195,70612424,4096
1625724856,483681195,70612432,4096
1625724856,483681195,70612440,4096
1625724856,483682269,70612448,4096
1625724856,483682269,70612456,4096
1625724856,483682269,70612464,4096
1625724856,483682269,70612472,4096
1625724856,483682269,70612480,4096
1625724856,483682269,70612488,4096
1625724856,483682269,70612496,4096
1625724856,483682269,70612504,4096
1625724856,483683342,70612512,4096
1625724856,483683342,70612520,4096
1625724856,483683342,70612528,4096
1625724856,483683342,70612536,4096
1625724856,483683342,70612544,4096
1625724856,483806795,70612552,4096
1625724856,483806795,70612560,4096
1625724856,483806795,70612568,4096
1625724856,483806795,70612576,4096
1625724856,483807868,70612584,4096
1625724856,483807868,70612592,4096
1625724856,483807868,70612600,4096
1625724856,483807868,70612608,4096
1625724856,483807868,70612616,4096
1625724856,483807868,70612624,4096
1625724856,483807868,70612632,4096
1625724856,483807868,70612640,4096
1625724856,483807868,70612648,4096
1625724856,483808942,70612656,4096
1625724856,483808942,70612664,4096
1625724856,483808942,70612672,4096
1625724856,488033164,70612680,4096
1625724856,488034238,70612688,4096
1625724856,488034238,70612696,4096
1625724856,488034238,70612704,4096
1625724856,488034238,70612712,4096
1625724856,488034238,70612720,4096
1625724856,488034238,70612728,4096
1625724856,488034238,70612736,4096
1625724856,488034238,70612744,4096
1625724856,488035311,70612752,4096
1625724856,488035311,70612760,4096
1625724856,488035311,70612768,4096
1625724856,488035311,70612776,4096
1625724856,488035311,70612784,4096
1625724856,488035311,70612792,4096
1625724856,488035311,70612800,4096
1625724856,488159837,70612808,4096
1625724856,488159837,70612816,4096
1625724856,488159837,70612824,4096
1625724856,488159837,70612832,4096
1625724856,488159837,70612840,4096
1625724856,488159837,70612848,4096
1625724856,488159837,70612856,4096
1625724856,488160911,70612864,4096
1625724856,488160911,70612872,4096
1625724856,488160911,70612880,4096
1625724856,488160911,70612888,4096
1625724856,488160911,70612896,4096
1625724856,488160911,70612904,4096
1625724856,488160911,70612912,4096
1625724856,488160911,70612920,4096
1625724856,488160911,70612928,4096
1625724856,492309988,70612936,4096
1625724856,492309988,70612944,4096
1625724856,492309988,70612952,4096
1625724856,492309988,70612960,4096
1625724856,492309988,70612968,4096
1625724856,492309988,70612976,4096
1625724856,492309988,70612984,4096
1625724856,492309988,70612992,4096
1625724856,492311062,70613000,4096
1625724856,492311062,70613008,4096
1625724856,492311062,70613016,4096
1625724856,492311062,70613024,4096
1625724856,492311062,70613032,4096
1625724856,492311062,70613040,4096
1625724856,492311062,70613048,4096
1625724856,492311062,70613056,4096
1625724856,492434514,70613064,4096
1625724856,492434514,70613072,4096
1625724856,492434514,70613080,4096
1625724856,492434514,70613088,4096
1625724856,492434514,70613096,4096
1625724856,492434514,70613104,4096
1625724856,492434514,70613112,4096
1625724856,492434514,70613120,4096
1625724856,492435588,70613128,4096
1625724856,492435588,70613136,4096
1625724856,492435588,70613144,4096
1625724856,492435588,70613152,4096
1625724856,492435588,70613160,4096
1625724856,492435588,70613168,4096
1625724856,492435588,70613176,4096
1625724856,492435588,70613184,4096
1625724856,496617944,70613192,4096
1625724856,496619017,70613200,4096
1625724856,496619017,70613208,4096
1625724856,496619017,70613216,4096
1625724856,496619017,70613224,4096
1625724856,496619017,70613232,4096
1625724856,496619017,70613240,4096
1625724856,496619017,70613248,4096
1625724856,496619017,70613256,4096
1625724856,496620091,70613264,4096
1625724856,496620091,70613272,4096
1625724856,496620091,70613280,4096
1625724856,496620091,70613288,4096
1625724856,496620091,70613296,4096
1625724856,496620091,70613304,4096
1625724856,496620091,70613312,4096
1625724856,496743543,70613320,4096
1625724856,496743543,70613328,4096
1625724856,496743543,70613336,4096
1625724856,496744617,70613344,4096
1625724856,496744617,70613352,4096
1625724856,496744617,70613360,4096
1625724856,496744617,70613368,4096
1625724856,496744617,70613376,4096
1625724856,496744617,70613384,4096
1625724856,496744617,70613392,4096
1625724856,496744617,70613400,4096
1625724856,496744617,70613408,4096
1625724856,496745690,70613416,4096
1625724856,496745690,70613424,4096
1625724856,496745690,70613432,4096
1625724856,496745690,70613440,4096
1625724856,510225630,70613448,4096
1625724856,510226703,70613456,4096
1625724856,510226703,70613464,4096
1625724856,510226703,70613472,4096
1625724856,510226703,70613480,4096
1625724856,510226703,70613488,4096
1625724856,510226703,70613496,4096
1625724856,510227777,70613504,4096
1625724856,510227777,70613512,4096
1625724856,510227777,70613520,4096
1625724856,510227777,70613528,4096
1625724856,510227777,70613536,4096
1625724856,510227777,70613544,4096
1625724856,510227777,70613552,4096
1625724856,510227777,70613560,4096
1625724856,510227777,70613568,4096
1625724856,510345862,70613576,4096
1625724856,510345862,70613584,4096
1625724856,510345862,70613592,4096
1625724856,510345862,70613600,4096
1625724856,510345862,70613608,4096
1625724856,510345862,70613616,4096
1625724856,510346935,70613624,4096
1625724856,510346935,70613632,4096
1625724856,510346935,70613640,4096
1625724856,510346935,70613648,4096
1625724856,510346935,70613656,4096
1625724856,510346935,70613664,4096
1625724856,510346935,70613672,4096
1625724856,510346935,70613680,4096
1625724856,510348009,70613688,4096
1625724856,510348009,70613696,4096
1625724856,514640935,70613704,4096
1625724856,514640935,70613712,4096
1625724856,514640935,70613720,4096
1625724856,514640935,70613728,4096
1625724856,514640935,70613736,4096
1625724856,514640935,70613744,4096
1625724856,514642009,70613752,4096
1625724856,514642009,70613760,4096
1625724856,514642009,70613768,4096
1625724856,514642009,70613776,4096
1625724856,514642009,70613784,4096
1625724856,514642009,70613792,4096
1625724856,514642009,70613800,4096
1625724856,514642009,70613808,4096
1625724856,514642009,70613816,4096
1625724856,514643082,70613824,4096
1625724856,514766535,70613832,4096
1625724856,514766535,70613840,4096
1625724856,514766535,70613848,4096
1625724856,514766535,70613856,4096
1625724856,514766535,70613864,4096
1625724856,514767608,70613872,4096
1625724856,514767608,70613880,4096
1625724856,514767608,70613888,4096
1625724856,514767608,70613896,4096
1625724856,514767608,70613904,4096
1625724856,514767608,70613912,4096
1625724856,514767608,70613920,4096
1625724856,514767608,70613928,4096
1625724856,514768682,70613936,4096
1625724856,514768682,70613944,4096
1625724856,514768682,70613952,4096
1625724856,518893069,70613960,4096
1625724856,518893069,70613968,4096
1625724856,518893069,70613976,4096
1625724856,518893069,70613984,4096
1625724856,518893069,70613992,4096
1625724856,518893069,70614000,4096
1625724856,518894142,70614008,4096
1625724856,518894142,70614016,4096
1625724856,518894142,70614024,4096
1625724856,518894142,70614032,4096
1625724856,518894142,70614040,4096
1625724856,518894142,70614048,4096
1625724856,518894142,70614056,4096
1625724856,518894142,70614064,4096
1625724856,518895216,70614072,4096
1625724856,518895216,70614080,4096
1625724856,519010080,70614088,4096
1625724856,519010080,70614096,4096
1625724856,519010080,70614104,4096
1625724856,519010080,70614112,4096
1625724856,519010080,70614120,4096
1625724856,519010080,70614128,4096
1625724856,519010080,70614136,4096
1625724856,519010080,70614144,4096
1625724856,519011154,70614152,4096
1625724856,519011154,70614160,4096
1625724856,519011154,70614168,4096
1625724856,519011154,70614176,4096
1625724856,519011154,70614184,4096
1625724856,519011154,70614192,4096
1625724856,519011154,70614200,4096
1625724856,519011154,70614208,4096
1625724856,523228935,70614216,4096
1625724856,523228935,70614224,4096
1625724856,523230009,70614232,4096
1625724856,523230009,70614240,4096
1625724856,523230009,70614248,4096
1625724856,523230009,70614256,4096
1625724856,523230009,70614264,4096
1625724856,523230009,70614272,4096
1625724856,523230009,70614280,4096
1625724856,523230009,70614288,4096
1625724856,523230009,70614296,4096
1625724856,523231082,70614304,4096
1625724856,523231082,70614312,4096
1625724856,523231082,70614320,4096
1625724856,523231082,70614328,4096
1625724856,523231082,70614336,4096
1625724856,523343800,70614344,4096
1625724856,523343800,70614352,4096
1625724856,523343800,70614360,4096
1625724856,523343800,70614368,4096
1625724856,523343800,70614376,4096
1625724856,523343800,70614384,4096
1625724856,523343800,70614392,4096
1625724856,523343800,70614400,4096
1625724856,523343800,70614408,4096
1625724856,523344873,70614416,4096
1625724856,523344873,70614424,4096
1625724856,523344873,70614432,4096
1625724856,523344873,70614440,4096
1625724856,523344873,70614448,4096
1625724856,523344873,70614456,4096
1625724856,523344873,70614464,4096
1625724856,527647461,70614472,4096
1625724856,527647461,70614480,4096
1625724856,527647461,70614488,4096
1625724856,527648535,70614496,4096
1625724856,527648535,70614504,4096
1625724856,527648535,70614512,4096
1625724856,527648535,70614520,4096
1625724856,527648535,70614528,4096
1625724856,527648535,70614536,4096
1625724856,527648535,70614544,4096
1625724856,527648535,70614552,4096
1625724856,527649608,70614560,4096
1625724856,527649608,70614568,4096
1625724856,527649608,70614576,4096
1625724856,527649608,70614584,4096
1625724856,527649608,70614592,4096
1625724856,527761252,70614600,4096
1625724856,527761252,70614608,4096
1625724856,527761252,70614616,4096
1625724856,527761252,70614624,4096
1625724856,527761252,70614632,4096
1625724856,527761252,70614640,4096
1625724856,527761252,70614648,4096
1625724856,527761252,70614656,4096
1625724856,527762326,70614664,4096
1625724856,527762326,70614672,4096
1625724856,527762326,70614680,4096
1625724856,527762326,70614688,4096
1625724856,527762326,70614696,4096
1625724856,527762326,70614704,4096
1625724856,527762326,70614712,4096
1625724856,527762326,70614720,4096
1625724856,531921065,70614728,4096
1625724856,531921065,70614736,4096
1625724856,531922138,70614744,4096
1625724856,531922138,70614752,4096
1625724856,531922138,70614760,4096
1625724856,531922138,70614768,4096
1625724856,531922138,70614776,4096
1625724856,531922138,70614784,4096
1625724856,531922138,70614792,4096
1625724856,531922138,70614800,4096
1625724856,531922138,70614808,4096
1625724856,531923212,70614816,4096
1625724856,531923212,70614824,4096
1625724856,531923212,70614832,4096
1625724856,531923212,70614840,4096
1625724856,531923212,70614848,4096
1625724856,532035929,70614856,4096
1625724856,532035929,70614864,4096
1625724856,532035929,70614872,4096
1625724856,532035929,70614880,4096
1625724856,532035929,70614888,4096
1625724856,532035929,70614896,4096
1625724856,532035929,70614904,4096
1625724856,532035929,70614912,4096
1625724856,532035929,70614920,4096
1625724856,532037003,70614928,4096
1625724856,532037003,70614936,4096
1625724856,532037003,70614944,4096
1625724856,532037003,70614952,4096
1625724856,532037003,70614960,4096
1625724856,532037003,70614968,4096
1625724856,532037003,70614976,4096
1625724856,536547850,70614984,4096
1625724856,536548923,70614992,4096
1625724856,536548923,70615000,4096
1625724856,536548923,70615008,4096
1625724856,536548923,70615016,4096
1625724856,536548923,70615024,4096
1625724856,536548923,70615032,4096
1625724856,536548923,70615040,4096
1625724856,536549997,70615048,4096
1625724856,536549997,70615056,4096
1625724856,536549997,70615064,4096
1625724856,536549997,70615072,4096
1625724856,536549997,70615080,4096
1625724856,536549997,70615088,4096
1625724856,536549997,70615096,4096
1625724856,536549997,70615104,4096
1625724856,536580055,70615112,4096
1625724856,536580055,70615120,4096
1625724856,536580055,70615128,4096
1625724856,536580055,70615136,4096
1625724856,536580055,70615144,4096
1625724856,536581128,70615152,3072
1625724857,282414688,10009888,4096
1625724857,282415761,10009896,4096
1625724857,282415761,10009904,4096
1625724857,282415761,10009912,4096
1625724857,282415761,10009920,4096
1625724857,282415761,10009928,4096
1625724857,282415761,10009936,4096
1625724857,282415761,10009944,4096
1625724857,282416835,10009952,4096
1625724857,282416835,10009960,4096
1625724857,282416835,10009968,4096
1625724857,282416835,10009976,4096
1625724857,282416835,10009984,4096
1625724857,282416835,10009992,4096
1625724857,282417908,10010000,4096
1625724857,282417908,10010008,4096
1625724857,282417908,10010016,4096
1625724857,282417908,10010024,4096
1625724857,282417908,10010032,4096
1625724857,282417908,10010040,4096
1625724857,282417908,10010048,4096
1625724857,282417908,10010056,1536
1625724857,282570345,10010059,4096
1625724857,282571419,10010067,4096
1625724857,282571419,10010075,4096
1625724857,282571419,10010083,4096
1625724857,282571419,10010091,4096
1625724857,282571419,10010099,4096
1625724857,282571419,10010107,4096
1625724857,282571419,10010115,4096
1625724857,282571419,10010123,4096
1625724857,282572492,10010131,4096
1625724857,282572492,10010139,4096
1625724857,282572492,10010147,4096
1625724857,282572492,10010155,4096
1625724857,282572492,10010163,4096
1625724857,282572492,10010171,4096
1625724857,282572492,10010179,4096
1625724857,282572492,10010187,4096
1625724857,282572492,10010195,4096
1625724857,282573566,10010203,4096
1625724857,282573566,10010211,4096
1625724857,282573566,10010219,4096
1625724857,282573566,10010227,1536
1625724857,282736738,10010230,4096
1625724857,282736738,10010238,4096
1625724857,282737811,10010246,4096
1625724857,282737811,10010254,4096
1625724857,282737811,10010262,4096
1625724857,282737811,10010270,4096
1625724857,282737811,10010278,4096
1625724857,282737811,10010286,4096
1625724857,282737811,10010294,4096
1625724857,282737811,10010302,4096
1625724857,282738885,10010310,4096
1625724857,282738885,10010318,4096
1625724857,282738885,10010326,4096
1625724857,282738885,10010334,4096
1625724857,282738885,10010342,4096
1625724857,282738885,10010350,4096
1625724857,282738885,10010358,4096
1625724857,282738885,10010366,4096
1625724857,282738885,10010374,4096
1625724857,282739958,10010382,4096
1625724857,282739958,10010390,4096
1625724857,282739958,10010398,1024
1625724857,282788266,10010400,4096
1625724857,282788266,10010408,4096
1625724857,282789339,10010416,4096
1625724857,282789339,10010424,4096
1625724857,282789339,10010432,4096
1625724857,282789339,10010440,4096
1625724857,282789339,10010448,4096
1625724857,282789339,10010456,4096
1625724857,293989165,9842944,4096
1625724857,293989165,9842952,4096
1625724857,293989165,9842960,4096
1625724857,293989165,9842968,4096
1625724857,293989165,9842976,4096
1625724857,293989165,9842984,4096
1625724857,293990238,9842992,4096
1625724857,293990238,9843000,4096
1625724857,293990238,9843008,4096
1625724857,293990238,9843016,4096
1625724857,293990238,9843024,4096
1625724857,293990238,9843032,4096
1625724857,293990238,9843040,4096
1625724857,293990238,9843048,4096
1625724857,293991312,9843056,4096
1625724857,293991312,9843064,4096
1625724857,293991312,9843072,4096
1625724857,293991312,9843080,4096
1625724857,293991312,9843088,4096
1625724857,293991312,9843096,4096
1625724857,293991312,9843104,4096
1625724857,293991312,9843112,1536
1625724857,294140528,9843115,4096
1625724857,294140528,9843123,4096
1625724857,294140528,9843131,4096
1625724857,294140528,9843139,4096
1625724857,294140528,9843147,4096
1625724857,294140528,9843155,4096
1625724857,294141602,9843163,4096
1625724857,294141602,9843171,4096
1625724857,294141602,9843179,4096
1625724857,294141602,9843187,4096
1625724857,294141602,9843195,4096
1625724857,294141602,9843203,4096
1625724857,294141602,9843211,4096
1625724857,294141602,9843219,4096
1625724857,294141602,9843227,4096
1625724857,294142675,9843235,4096
1625724857,294142675,9843243,4096
1625724857,294142675,9843251,4096
1625724857,294142675,9843259,4096
1625724857,294142675,9843267,4096
1625724857,294142675,9843275,4096
1625724857,294142675,9843283,1536
1625724857,294291892,9843286,4096
1625724857,294291892,9843294,4096
1625724857,294291892,9843302,4096
1625724857,294291892,9843310,4096
1625724857,294291892,9843318,4096
1625724857,294291892,9843326,4096
1625724857,294292965,9843334,4096
1625724857,294292965,9843342,4096
1625724857,294292965,9843350,4096
1625724857,294292965,9843358,4096
1625724857,294292965,9843366,4096
1625724857,294292965,9843374,4096
1625724857,294292965,9843382,4096
1625724857,294292965,9843390,4096
1625724857,294294039,9843398,4096
1625724857,294294039,9843406,4096
1625724857,294294039,9843414,4096
1625724857,294294039,9843422,4096
1625724857,294294039,9843430,4096
1625724857,294294039,9843438,4096
1625724857,294294039,9843446,4096
1625724857,294294039,9843454,1024
1625724857,301249245,9843456,4096
1625724857,301250319,9843464,4096
1625724857,301250319,9843472,4096
1625724857,301250319,9843480,4096
1625724857,301250319,9843488,4096
1625724857,301250319,9843496,4096
1625724857,301250319,9843504,4096
1625724857,301250319,9843512,4096
1625724857,301250319,9843520,4096
1625724857,301250319,9843528,4096
1625724857,301251392,9843536,4096
1625724857,301251392,9843544,4096
1625724857,301251392,9843552,4096
1625724857,301251392,9843560,4096
1625724857,301251392,9843568,4096
1625724857,301251392,9843576,4096
1625724857,301251392,9843584,4096
1625724857,301252466,9843592,4096
1625724857,301252466,9843600,4096
1625724857,301252466,9843608,4096
1625724857,301252466,9843616,4096
1625724857,301252466,9843624,1536
1625724857,301423152,9843627,4096
1625724857,301423152,9843635,4096
1625724857,301423152,9843643,4096
1625724857,301423152,9843651,4096
1625724857,301423152,9843659,4096
1625724857,301423152,9843667,4096
1625724857,301424226,9843675,4096
1625724857,301424226,9843683,4096
1625724857,301424226,9843691,4096
1625724857,301424226,9843699,4096
1625724857,301424226,9843707,4096
1625724857,301424226,9843715,4096
1625724857,301424226,9843723,4096
1625724857,301424226,9843731,4096
1625724857,301424226,9843739,4096
1625724857,301425299,9843747,4096
1625724857,301425299,9843755,4096
1625724857,301425299,9843763,4096
1625724857,301425299,9843771,4096
1625724857,301425299,9843779,4096
1625724857,301425299,9843787,4096
1625724857,301425299,9843795,1536
1625724857,301586324,9843798,4096
1625724857,301586324,9843806,4096
1625724857,301586324,9843814,4096
1625724857,301586324,9843822,4096
1625724857,301586324,9843830,4096
1625724857,301586324,9843838,4096
1625724857,301586324,9843846,4096
1625724857,301586324,9843854,4096
1625724857,301587398,9843862,4096
1625724857,301587398,9843870,4096
1625724857,301587398,9843878,4096
1625724857,301587398,9843886,4096
1625724857,301587398,9843894,4096
1625724857,301587398,9843902,4096
1625724857,301587398,9843910,4096
1625724857,301587398,9843918,4096
1625724857,301587398,9843926,4096
1625724857,301588471,9843934,4096
1625724857,301588471,9843942,4096
1625724857,301588471,9843950,4096
1625724857,301588471,9843958,4096
1625724857,301588471,9843966,1024
1625724857,301722659,9843968,4096
1625724857,301722659,9843976,4096
1625724857,301722659,9843984,4096
1625724857,301722659,9843992,4096
1625724857,301722659,9844000,4096
1625724857,301722659,9844008,4096
1625724857,301722659,9844016,4096
1625724857,301722659,9844024,4096
1625724857,301723732,9844032,4096
1625724857,301723732,9844040,4096
1625724857,301723732,9844048,4096
1625724857,301723732,9844056,4096
1625724857,301723732,9844064,4096
1625724857,301723732,9844072,4096
1625724857,301723732,9844080,4096
1625724857,301723732,9844088,4096
1625724857,35461380,6808376,4096
1625724858,510301275,48935744,4096
1625724858,511004418,991792,4096
1625724858,511004418,991800,4096
1625724858,598310026,69888200,4096
1625724858,598311099,69888208,4096
1625724858,598311099,69888216,4096
1625724858,598311099,69888224,4096
1625724858,599059329,69888232,4096
1625724858,599059329,69888240,4096
1625724858,599059329,69888248,4096
1625724858,599059329,69888256,4096
1625724858,599060402,69888264,4096
1625724858,599060402,69888272,4096
1625724858,599060402,69888280,4096
1625724858,599060402,69888288,4096
1625724858,599060402,69888296,4096
1625724858,599060402,69888304,4096
1625724858,599060402,69888312,4096
1625724858,599060402,69888320,4096
1625724858,599061476,69888328,4096
1625724858,599061476,69888336,4096
1625724858,599176340,69888344,4096
1625724858,599176340,69888352,4096
1625724858,599176340,69888360,4096
1625724858,599176340,69888368,4096
1625724858,599176340,69888376,4096
1625724858,599176340,69888384,4096
1625724858,599176340,69888392,4096
1625724858,599177414,69888400,4096
1625724858,599177414,69888408,4096
1625724858,599177414,69888416,4096
1625724858,599177414,69888424,4096
1625724858,599177414,69888432,4096
1625724858,599177414,69888440,4096
1625724858,599177414,69888448,4096
1625724858,599855866,69888456,4096
1625724858,599855866,69888464,4096
1625724858,599855866,69888472,4096
1625724858,599855866,69888480,4096
1625724858,599855866,69888488,4096
1625724858,599855866,69888496,4096
1625724858,599855866,69888504,4096
1625724858,599856939,69888512,4096
1625724858,599856939,69888520,4096
1625724858,599856939,69888528,4096
1625724858,599856939,69888536,4096
1625724858,599856939,69888544,4096
1625724858,599856939,69888552,4096
1625724858,599856939,69888560,4096
1625724858,599856939,69888568,4096
1625724858,599856939,69888576,4096
1625724858,600430188,69888584,4096
1625724858,600431262,69888592,4096
1625724858,600431262,69888600,4096
1625724858,600431262,69888608,4096
1625724858,600431262,69888616,4096
1625724858,600431262,69888624,4096
1625724858,600431262,69888632,4096
1625724858,600431262,69888640,4096
1625724858,600431262,69888648,4096
1625724858,600432335,69888656,4096
1625724858,600432335,69888664,4096
1625724858,600432335,69888672,4096
1625724858,600432335,69888680,4096
1625724858,600432335,69888688,4096
1625724858,600432335,69888696,4096
1625724858,600432335,69888704,4096
1625724858,600545053,69888712,4096
1625724858,600545053,69888720,4096
1625724858,600545053,69888728,4096
1625724858,600545053,69888736,4096
1625724858,600545053,69888744,4096
1625724858,600546126,69888752,4096
1625724858,600546126,69888760,4096
1625724858,600546126,69888768,4096
1625724858,600546126,69888776,4096
1625724858,600546126,69888784,4096
1625724858,600546126,69888792,4096
1625724858,600546126,69888800,4096
1625724858,600546126,69888808,4096
1625724858,600547200,69888816,4096
1625724858,600547200,69888824,4096
1625724858,600547200,69888832,4096
1625724858,604131616,69888840,4096
1625724858,604132690,69888848,4096
1625724858,604132690,69888856,4096
1625724858,604132690,69888864,4096
1625724858,604132690,69888872,4096
1625724858,604132690,69888880,4096
1625724858,604132690,69888888,4096
1625724858,604132690,69888896,4096
1625724858,604133763,69888904,4096
1625724858,604133763,69888912,4096
1625724858,604133763,69888920,4096
1625724858,604133763,69888928,4096
1625724858,604133763,69888936,4096
1625724858,604133763,69888944,4096
1625724858,604133763,69888952,4096
1625724858,604133763,69888960,4096
1625724858,604245407,69888968,4096
1625724858,604245407,69888976,4096
1625724858,604245407,69888984,4096
1625724858,604245407,69888992,4096
1625724858,604245407,69889000,4096
1625724858,604245407,69889008,4096
1625724858,604246481,69889016,4096
1625724858,604246481,69889024,4096
1625724858,604246481,69889032,4096
1625724858,604246481,69889040,4096
1625724858,604246481,69889048,4096
1625724858,604246481,69889056,4096
1625724858,604246481,69889064,4096
1625724858,604246481,69889072,4096
1625724858,604246481,69889080,4096
1625724858,604247554,69889088,4096
1625724858,607932880,69889096,4096
1625724858,607933953,69889104,4096
1625724858,607933953,69889112,4096
1625724858,607933953,69889120,4096
1625724858,607933953,69889128,4096
1625724858,607933953,69889136,4096
1625724858,607933953,69889144,4096
1625724858,607933953,69889152,4096
1625724858,607933953,69889160,4096
1625724858,607935027,69889168,4096
1625724858,607935027,69889176,2560
1625724858,608042377,69889181,4096
1625724858,608042377,69889189,4096
1625724858,608043450,69889197,4096
1625724858,608043450,69889205,4096
1625724858,608043450,69889213,4096
1625724858,608043450,69889221,4096
1625724858,608043450,69889229,4096
1625724858,608043450,69889237,4096
1625724858,608043450,69889245,4096
1625724858,608043450,69889253,4096
1625724858,608043450,69889261,2560
1625724858,780858701,6808400,4096
1625724859,1070504817,48935768,4096
1625724859,1071136035,1002872,4096
1625724859,1071136035,1002880,2048
1625724859,134133707,995840,4096
1625724859,134134780,995848,512
1625724859,180509980,6808408,4096
1625724859,199389625,48935752,4096
1625724859,200212999,1001960,4096
1625724859,200212999,1001968,512
1625724859,278055705,4638584,4096
1625724859,287165426,10425792,4096
1625724859,287165426,10425800,4096
1625724859,287166499,10425808,4096
1625724859,287166499,10425816,4096
1625724859,292783051,27668928,4096
1625724859,292784125,27668936,4096
1625724859,292784125,27668944,4096
1625724859,292784125,27668952,4096
1625724859,292784125,27668960,4096
1625724859,292784125,27668968,4096
1625724859,292784125,27668976,4096
1625724859,292784125,27668984,4096
1625724859,292785198,27668992,4096
1625724859,292785198,27669000,4096
1625724859,292785198,27669008,4096
1625724859,292785198,27669016,4096
1625724859,292806668,27669024,4096
1625724859,292806668,27669032,4096
1625724859,292806668,27669040,4096
1625724859,292806668,27669048,4096
1625724859,292807742,27669056,4096
1625724859,292807742,27669064,4096
1625724859,292807742,27669072,4096
1625724859,292807742,27669080,4096
1625724859,292807742,27669088,4096
1625724859,292807742,27669096,4096
1625724859,292807742,27669104,4096
1625724859,292807742,27669112,4096
1625724859,295750205,68734656,4096
1625724859,295750205,68734664,4096
1625724859,295750205,68734672,4096
1625724859,295750205,68734680,4096
1625724859,295750205,68734688,4096
1625724859,295750205,68734696,4096
1625724859,295750205,68734704,4096
1625724859,295751279,68734712,4096
1625724859,295751279,68734720,4096
1625724859,295751279,68734728,4096
1625724859,295751279,68734736,4096
1625724859,295751279,68734744,4096
1625724859,295938068,68734752,4096
1625724859,295938068,68734760,4096
1625724859,295938068,68734768,4096
1625724859,295938068,68734776,4096
1625724859,295938068,68734784,4096
1625724859,295938068,68734792,4096
1625724859,295938068,68734800,4096
1625724859,295938068,68734808,4096
1625724859,295938068,68734816,4096
1625724859,295939141,68734824,4096
1625724859,295939141,68734832,4096
1625724859,295939141,68734840,4096
1625724859,296225766,68873184,4096
1625724859,296225766,68873192,4096
1625724859,296225766,68873200,4096
1625724859,296225766,68873208,4096
1625724859,296225766,68873216,4096
1625724859,296225766,68873224,4096
1625724859,296226839,68873232,4096
1625724859,296226839,68873240,4096
1625724859,296226839,68873248,4096
1625724859,296226839,68873256,4096
1625724859,296226839,68873264,4096
1625724859,296226839,68873272,4096
1625724859,297315368,68873280,4096
1625724859,297315368,68873288,4096
1625724859,297315368,68873296,4096
1625724859,297315368,68873304,4096
1625724859,297315368,68873312,4096
1625724859,297315368,68873320,4096
1625724859,297316442,68873328,4096
1625724859,297316442,68873336,4096
1625724859,297316442,68873344,4096
1625724859,297316442,68873352,4096
1625724859,297316442,68873360,4096
1625724859,297316442,68873368,4096
1625724859,374050222,6808424,4096
1625724859,384897939,10508872,4096
1625724859,384897939,10508880,4096
1625724859,384897939,10508888,4096
1625724859,384897939,10508896,4096
1625724859,385490511,10508904,4096
1625724859,513153278,2249104,4096
1625724859,513154352,2249112,4096
1625724859,513154352,2249120,4096
1625724859,513154352,2249128,4096
1625724859,513764100,2249136,4096
1625724859,513765173,2249144,4096
1625724859,513765173,2249152,4096
1625724859,513765173,2249160,4096
1625724859,513765173,2249168,2048
1625724859,583495439,6808432,4096
1625724859,627082760,48935760,4096
1625724859,627748330,2267168,4096
1625724859,627748330,2267176,4096
1625724859,627748330,2267184,4096
1625724859,627748330,2267192,4096
1625724859,628306550,2267200,4096
1625724859,628306550,2267208,4096
1625724859,628306550,2267216,4096
1625724859,628306550,2267224,4096
1625724859,628307623,2267232,4096
1625724859,639685650,2967795,4096
1625724859,639686723,2967803,4096
1625724859,639686723,2967811,4096
1625724859,734043079,6808440,4096
1625724859,778920747,27937928,4096
1625724859,778921820,27937936,4096
1625724859,778921820,27937944,4096
1625724859,778921820,27937952,4096
1625724859,781517543,27937960,4096
1625724859,781517543,27937968,4096
1625724859,781517543,27937976,4096
1625724859,781517543,27937984,4096
1625724859,781517543,27937992,4096
1625724859,781517543,27938000,4096
1625724859,781517543,27938008,4096
1625724859,781518617,27938016,4096
1625724859,781518617,27938024,4096
1625724859,781518617,27938032,4096
1625724859,781518617,27938040,4096
1625724859,781518617,27938048,3072
1625724859,861556630,6808464,4096
1625724859,975033094,959368,4096
1625724859,975033094,959376,4096
1625724859,975034168,959384,3072
1625724860,1016872470,48935792,4096
1625724860,1017648611,61431928,4096
1625724860,1017648611,61431936,4096
1625724860,1017648611,61431944,4096
1625724860,1017648611,61431952,4096
1625724860,1018518146,61431960,4096
1625724860,1018519219,61431968,4096
1625724860,1018519219,61431976,4096
1625724860,1018519219,61431984,4096
1625724860,1018519219,61431992,4096
1625724860,1018519219,61432000,4096
1625724860,1018519219,61432008,4096
1625724860,1018519219,61432016,4096
1625724860,1018520293,61432024,4096
1625724860,1018520293,61432032,4096
1625724860,1018520293,61432040,4096
1625724860,1018520293,61432048,4096
1625724860,1018520293,61432056,4096
1625724860,1018520293,61432064,4096
1625724860,1018614761,61432072,4096
1625724860,1018614761,61432080,4096
1625724860,1018614761,61432088,4096
1625724860,1018615834,61432096,4096
1625724860,1018615834,61432104,4096
1625724860,1018615834,61432112,4096
1625724860,1018615834,61432120,4096
1625724860,1018615834,61432128,4096
1625724860,1018615834,61432136,4096
1625724860,1018615834,61432144,4096
1625724860,1018615834,61432152,4096
1625724860,1018615834,61432160,4096
1625724860,1018616908,61432168,4096
1625724860,1018616908,61432176,4096
1625724860,1019295360,61432184,4096
1625724860,1019296433,61432192,4096
1625724860,1019296433,61432200,4096
1625724860,1019296433,61432208,4096
1625724860,1019296433,61432216,4096
1625724860,1019296433,61432224,4096
1625724860,1019296433,61432232,4096
1625724860,1019296433,61432240,4096
1625724860,1019296433,61432248,4096
1625724860,1019296433,61432256,4096
1625724860,1019297507,61432264,4096
1625724860,1019297507,61432272,4096
1625724860,1019297507,61432280,4096
1625724860,1019297507,61432288,4096
1625724860,1019297507,61432296,4096
1625724860,1019297507,61432304,4096
1625724860,1020053251,61432312,4096
1625724860,1020054324,61432320,4096
1625724860,1020054324,61432328,4096
1625724860,1020054324,61432336,4096
1625724860,1020054324,61432344,4096
1625724860,1020054324,61432352,4096
1625724860,1020054324,61432360,4096
1625724860,1020054324,61432368,4096
1625724860,1020054324,61432376,2560
1625724860,1020158454,61432381,4096
1625724860,1020159527,61432389,4096
1625724860,1020159527,61432397,4096
1625724860,1020159527,61432405,4096
1625724860,1020159527,61432413,4096
1625724860,1020159527,61432421,4096
1625724860,1020159527,61432429,4096
1625724860,1020159527,61432437,4096
1625724860,1020160601,61432445,2560
1625724860,161283309,1010808,4096
1625724860,161283309,1010816,2560
1625724860,1885735,832040,4096
1625724860,1886808,832048,4096
1625724860,1886808,832056,4096
1625724860,1886808,832064,4096
1625724860,1886808,832072,4096
1625724860,1886808,832080,4096
1625724860,1886808,832088,4096
1625724860,1887882,832096,4096
1625724860,254179705,5587872,4096
1625724860,255033137,48935776,4096
1625724860,255783514,1011576,4096
1625724860,255784587,1011584,3072
1625724860,2661875,840576,4096
1625724860,2662949,840584,4096
1625724860,2662949,840592,4096
1625724860,2662949,840600,4096
1625724860,2662949,840608,4096
1625724860,2662949,840616,4096
1625724860,2662949,840624,4096
1625724860,2664022,840632,4096
1625724860,423189398,1012504,4096
1625724860,423189398,1012512,3072
1625724860,429271849,67722435,4096
1625724860,429271849,67722443,4096
1625724860,429271849,67722451,4096
1625724860,429271849,67722459,4096
1625724860,510594841,48935784,4096
1625724860,511313013,1018192,4096
1625724860,511313013,1018200,2048
1625724860,57152735,1004936,4096
1625724860,57152735,1004944,1536
1625724860,581759303,6808536,4096
1625724860,597500034,1646368,4096
1625724860,597500034,1646376,4096
1625724860,597501107,1646384,4096
1625724860,597501107,1646392,2560
1625724860,761469644,2336568,4096
1625724860,761469644,2336576,4096
1625724860,761469644,2336584,4096
1625724860,761469644,2336592,4096
1625724860,762010688,2336600,4096
1625724860,762010688,2336608,4096
1625724860,762010688,2336616,4096
1625724860,762010688,2336624,4096
1625724860,762010688,2336632,512
1625724860,889738939,1885312,4096
1625724860,889740012,1885320,4096
1625724860,889740012,1885328,4096
1625724860,889740012,1885336,512
1625724861,1010368921,6767584,4096
1625724861,1010953978,6837560,4096
1625724861,10756852,837888,4096
1625724861,10756852,837896,4096
1625724861,10756852,837904,4096
1625724861,10757926,837912,4096
1625724861,10757926,837920,4096
1625724861,10757926,837928,4096
1625724861,10757926,837936,4096
1625724861,10757926,837944,4096
1625724861,11916232,841120,4096
1625724861,11916232,841128,4096
1625724861,11916232,841136,4096
1625724861,11916232,841144,4096
1625724861,11917306,841152,4096
1625724861,11917306,841160,4096
1625724861,11917306,841168,4096
1625724861,11917306,841176,4096
1625724861,13130361,837624,4096
1625724861,13131434,837632,4096
1625724861,13131434,837640,4096
1625724861,13131434,837648,4096
1625724861,13131434,837656,4096
1625724861,13131434,837664,4096
1625724861,13131434,837672,4096
1625724861,13131434,837680,4096
1625724861,14563483,838208,4096
1625724861,14563483,838216,4096
1625724861,14563483,838224,4096
1625724861,14563483,838232,4096
1625724861,14563483,838240,4096
1625724861,14563483,838248,4096
1625724861,14563483,838256,4096
1625724861,14564557,838264,4096
1625724861,15545736,831968,4096
1625724861,15545736,831976,4096
1625724861,15545736,831984,4096
1625724861,15545736,831992,4096
1625724861,15545736,832000,4096
1625724861,15545736,832008,4096
1625724861,15546809,832016,4096
1625724861,15546809,832024,4096
1625724861,279186601,66801408,4096
1625724861,279186601,66801416,4096
1625724861,279186601,66801424,4096
1625724861,279186601,66801432,4096
1625724861,279187674,66801440,4096
1625724861,279187674,66801448,4096
1625724861,279187674,66801456,4096
1625724861,279187674,66801464,4096
1625724861,279187674,66801472,4096
1625724861,279187674,66801480,4096
1625724861,279187674,66801488,4096
1625724861,279187674,66801496,4096
1625724861,279320788,66801504,4096
1625724861,279320788,66801512,4096
1625724861,279320788,66801520,4096
1625724861,279320788,66801528,4096
1625724861,279320788,66801536,4096
1625724861,279320788,66801544,4096
1625724861,279320788,66801552,4096
1625724861,279320788,66801560,4096
1625724861,279321862,66801568,4096
1625724861,279321862,66801576,4096
1625724861,279321862,66801584,4096
1625724861,279321862,66801592,4096
1625724861,279595604,61932944,4096
1625724861,279595604,61932952,4096
1625724861,279595604,61932960,4096
1625724861,279595604,61932968,4096
1625724861,279595604,61932976,4096
1625724861,279596678,61932984,4096
1625724861,279596678,61932992,4096
1625724861,279596678,61933000,4096
1625724861,279596678,61933008,4096
1625724861,279596678,61933016,4096
1625724861,279684705,61932864,4096
1625724861,279684705,61932872,4096
1625724861,279684705,61932880,4096
1625724861,279684705,61932888,4096
1625724861,279684705,61932896,4096
1625724861,279684705,61932904,4096
1625724861,279684705,61932912,4096
1625724861,279684705,61932920,4096
1625724861,279685778,61932928,4096
1625724861,279685778,61932936,4096
1625724861,279950933,62001216,4096
1625724861,279950933,62001224,4096
1625724861,279950933,62001232,4096
1625724861,279950933,62001240,4096
1625724861,279950933,62001248,4096
1625724861,279952006,62001256,4096
1625724861,279952006,62001264,4096
1625724861,279952006,62001272,4096
1625724861,279952006,62001280,4096
1625724861,279952006,62001288,4096
1625724861,280034666,62001296,4096
1625724861,280034666,62001304,4096
1625724861,280035739,62001312,4096
1625724861,280035739,62001320,4096
1625724861,280035739,62001328,4096
1625724861,280035739,62001336,4096
1625724861,280035739,62001344,4096
1625724861,280035739,62001352,4096
1625724861,280035739,62001360,4096
1625724861,280035739,62001368,4096
1625724861,280364230,61880416,4096
1625724861,280364230,61880424,4096
1625724861,280364230,61880432,4096
1625724861,280364230,61880440,4096
1625724861,280364230,61880448,4096
1625724861,280365304,61880456,4096
1625724861,280365304,61880464,4096
1625724861,280365304,61880472,4096
1625724861,280365304,61880480,4096
1625724861,280365304,61880488,4096
1625724861,280365304,61880496,4096
1625724861,280365304,61880504,4096
1625724861,280365304,61880512,4096
1625724861,280365304,61880520,4096
1625724861,280366377,61880528,4096
1625724861,280366377,61880536,4096
1625724861,280761425,61846560,4096
1625724861,280761425,61846568,4096
1625724861,280762499,61846576,4096
1625724861,280762499,61846584,4096
1625724861,280762499,61846592,4096
1625724861,280762499,61846600,4096
1625724861,280762499,61846608,4096
1625724861,280762499,61846616,4096
1625724861,280762499,61846624,4096
1625724861,280762499,61846632,4096
1625724861,281054491,61846640,4096
1625724861,281054491,61846648,4096
1625724861,281054491,61846656,4096
1625724861,281054491,61846664,4096
1625724861,281054491,61846672,4096
1625724861,281055564,61846680,4096
1625724861,281055564,61846688,4096
1625724861,281055564,61846696,4096
1625724861,281055564,61846704,4096
1625724861,281055564,61846712,4096
1625724861,281253088,61921472,4096
1625724861,281253088,61921480,4096
1625724861,281253088,61921488,4096
1625724861,281253088,61921496,4096
1625724861,281253088,61921504,4096
1625724861,281253088,61921512,4096
1625724861,281253088,61921520,4096
1625724861,281254162,61921528,4096
1625724861,281254162,61921536,4096
1625724861,281254162,61921544,4096
1625724861,281925099,61921552,4096
1625724861,281925099,61921560,4096
1625724861,281925099,61921568,4096
1625724861,281925099,61921576,4096
1625724861,281925099,61921584,4096
1625724861,281925099,61921592,4096
1625724861,281926173,61921600,4096
1625724861,281926173,61921608,4096
1625724861,281926173,61921616,4096
1625724861,281926173,61921624,4096
1625724861,282180592,68058688,4096
1625724861,282180592,68058696,4096
1625724861,282180592,68058704,4096
1625724861,282180592,68058712,4096
1625724861,282180592,68058720,4096
1625724861,282180592,68058728,4096
1625724861,282180592,68058736,4096
1625724861,282181666,68058744,4096
1625724861,282181666,68058752,4096
1625724861,282181666,68058760,4096
1625724861,282181666,68058768,4096
1625724861,282181666,68058776,4096
1625724861,282280428,61940768,4096
1625724861,282280428,61940776,4096
1625724861,282280428,61940784,4096
1625724861,282281501,61940792,4096
1625724861,282281501,61940800,4096
1625724861,282281501,61940808,4096
1625724861,282281501,61940816,4096
1625724861,282281501,61940824,4096
1625724861,282281501,61940832,4096
1625724861,282281501,61940840,4096
1625724861,282364161,61940848,4096
1625724861,282364161,61940856,4096
1625724861,282364161,61940864,4096
1625724861,282367381,61940872,4096
1625724861,282367381,61940880,4096
1625724861,282367381,61940888,4096
1625724861,282367381,61940896,4096
1625724861,282368455,61940904,4096
1625724861,282368455,61940912,4096
1625724861,282368455,61940920,4096
1625724861,301393022,63518816,4096
1625724861,301394095,63518824,4096
1625724861,301394095,63518832,4096
1625724861,301394095,63518840,4096
1625724861,301394095,63518848,4096
1625724861,301394095,63518856,4096
1625724861,301394095,63518864,4096
1625724861,301394095,63518872,4096
1625724861,301395169,63518880,4096
1625724861,301395169,63518888,4096
1625724861,301395169,63518896,4096
1625724861,301395169,63518904,4096
1625724861,399834045,1893056,4096
1625724861,399835119,1893064,4096
1625724861,399835119,1893072,4096
1625724861,399835119,1893080,2560
1625724861,504980150,1023200,4096
1625724861,504981223,1023208,1536
1625724861,595798250,28023344,4096
1625724861,595799323,28023352,4096
1625724861,595799323,28023360,4096
1625724861,595799323,28023368,4096
1625724861,596697843,28023376,4096
1625724861,596697843,28023384,4096
1625724861,596697843,28023392,4096
1625724861,596697843,28023400,4096
1625724861,596697843,28023408,4096
1625724861,596698916,28023416,4096
1625724861,596698916,28023424,4096
1625724861,596698916,28023432,4096
1625724861,596698916,28023440,4096
1625724861,596698916,28023448,4096
1625724861,596698916,28023456,4096
1625724861,596698916,28023464,4096
1625724861,596698916,28023472,2560
1625724861,840790273,48935800,4096
1625724861,841581442,12987432,4096
1625724861,841582516,12987440,4096
1625724861,841582516,12987448,4096
1625724861,841582516,12987456,4096
1625724861,842154691,12987464,4096
1625724861,842154691,12987472,4096
1625724861,842154691,12987480,512
1625724861,945211765,6808592,4096
1625724861,986454561,44755152,4096
1625724861,986455635,44755160,4096
1625724861,986455635,44755168,4096
1625724861,986455635,44755176,4096
1625724861,987310141,44755184,4096
1625724861,987310141,44755192,4096
1625724861,987311214,44755200,4096
1625724861,987311214,44755208,4096
1625724861,987311214,44755216,4096
1625724861,987311214,44755224,4096
1625724861,987311214,44755232,4096
1625724861,987311214,44755240,4096
1625724861,987311214,44755248,4096
1625724861,987312288,44755256,4096
1625724861,987312288,44755264,4096
1625724861,987312288,44755272,4096
1625724861,987312288,44755280,4096
1625724861,987312288,44755288,4096
1625724861,987405682,44755296,4096
1625724861,987405682,44755304,4096
1625724861,987406756,44755312,4096
1625724861,987406756,44755320,4096
1625724861,987406756,44755328,4096
1625724861,987406756,44755336,4096
1625724861,987406756,44755344,4096
1625724861,987406756,44755352,4096
1625724861,987406756,44755360,4096
1625724861,987406756,44755368,4096
1625724861,987406756,44755376,4096
1625724861,987407829,44755384,4096
1625724861,987407829,44755392,4096
1625724861,987407829,44755400,4096
1625724861,988014357,44755408,4096
1625724861,988014357,44755416,4096
1625724862,19209305,6808600,4096
1625724862,205746032,48935808,4096
1625724862,206591950,63195856,4096
1625724862,206593024,63195864,4096
1625724862,206593024,63195872,4096
1625724862,206593024,63195880,4096
1625724862,207478661,63195888,4096
1625724862,207478661,63195896,4096
1625724862,207479735,63195904,4096
1625724862,207479735,63195912,4096
1625724862,207479735,63195920,4096
1625724862,207479735,63195928,4096
1625724862,207479735,63195936,4096
1625724862,207479735,63195944,4096
1625724862,207479735,63195952,4096
1625724862,207479735,63195960,4096
1625724862,207480808,63195968,4096
1625724862,207480808,63195976,4096
1625724862,207480808,63195984,4096
1625724862,207480808,63195992,4096
1625724862,207574203,63196000,4096
1625724862,207574203,63196008,4096
1625724862,207574203,63196016,4096
1625724862,207575276,63196024,4096
1625724862,207575276,63196032,4096
1625724862,207575276,63196040,4096
1625724862,207575276,63196048,4096
1625724862,207575276,63196056,4096
1625724862,207575276,63196064,4096
1625724862,207575276,63196072,4096
1625724862,207575276,63196080,4096
1625724862,207575276,63196088,4096
1625724862,207576350,63196096,4096
1625724862,207576350,63196104,4096
1625724862,208308477,63196112,4096
1625724862,208308477,63196120,4096
1625724862,208308477,63196128,4096
1625724862,208308477,63196136,4096
1625724862,208308477,63196144,4096
1625724862,208308477,63196152,4096
1625724862,208309550,63196160,4096
1625724862,208309550,63196168,4096
1625724862,208309550,63196176,4096
1625724862,208309550,63196184,4096
1625724862,208309550,63196192,4096
1625724862,208309550,63196200,4096
1625724862,208309550,63196208,4096
1625724862,208309550,63196216,4096
1625724862,208310624,63196224,4096
1625724862,208310624,63196232,4096
1625724862,209187673,63196240,4096
1625724862,209188747,63196248,4096
1625724862,209188747,63196256,4096
1625724862,209188747,63196264,4096
1625724862,209188747,63196272,4096
1625724862,209188747,63196280,4096
1625724862,209188747,63196288,4096
1625724862,209188747,63196296,4096
1625724862,209188747,63196304,4096
1625724862,209189820,63196312,4096
1625724862,209189820,63196320,4096
1625724862,209189820,63196328,4096
1625724862,209189820,63196336,4096
1625724862,209189820,63196344,4096
1625724862,209189820,63196352,4096
1625724862,209189820,63196360,4096
1625724862,209314346,63196368,4096
1625724862,209314346,63196376,4096
1625724862,209314346,63196384,4096
1625724862,209314346,63196392,4096
1625724862,209314346,63196400,4096
1625724862,209314346,63196408,4096
1625724862,209315420,63196416,4096
1625724862,209315420,63196424,4096
1625724862,209315420,63196432,4096
1625724862,209315420,63196440,4096
1625724862,209315420,63196448,4096
1625724862,209315420,63196456,4096
1625724862,209315420,63196464,4096
1625724862,209315420,63196472,4096
1625724862,209315420,63196480,4096
1625724862,209316493,63196488,4096
1625724862,213931470,63196496,4096
1625724862,213931470,63196504,4096
1625724862,213931470,63196512,4096
1625724862,213931470,63196520,4096
1625724862,213932543,63196528,4096
1625724862,213932543,63196536,4096
1625724862,213932543,63196544,4096
1625724862,213932543,63196552,4096
1625724862,213932543,63196560,4096
1625724862,213932543,63196568,4096
1625724862,213932543,63196576,4096
1625724862,213932543,63196584,4096
1625724862,213933617,63196592,4096
1625724862,213933617,63196600,4096
1625724862,213933617,63196608,4096
1625724862,213933617,63196616,4096
1625724862,214047408,63196624,4096
1625724862,214047408,63196632,4096
1625724862,214048481,63196640,4096
1625724862,214048481,63196648,4096
1625724862,214048481,63196656,4096
1625724862,214048481,63196664,4096
1625724862,214048481,63196672,4096
1625724862,214048481,63196680,4096
1625724862,214048481,63196688,4096
1625724862,214048481,63196696,4096
1625724862,214048481,63196704,4096
1625724862,214049555,63196712,4096
1625724862,214049555,63196720,4096
1625724862,214049555,63196728,4096
1625724862,214049555,63196736,4096
1625724862,214049555,63196744,4096
1625724862,218345702,63196752,4096
1625724862,218345702,63196760,4096
1625724862,218345702,63196768,4096
1625724862,218345702,63196776,4096
1625724862,218346775,63196784,4096
1625724862,218346775,63196792,4096
1625724862,218346775,63196800,4096
1625724862,218346775,63196808,4096
1625724862,218346775,63196816,4096
1625724862,218346775,63196824,4096
1625724862,218346775,63196832,4096
1625724862,218346775,63196840,4096
1625724862,218347849,63196848,4096
1625724862,218347849,63196856,4096
1625724862,218347849,63196864,4096
1625724862,218347849,63196872,4096
1625724862,218471301,63196880,4096
1625724862,218471301,63196888,4096
1625724862,218471301,63196896,4096
1625724862,218471301,63196904,4096
1625724862,218471301,63196912,4096
1625724862,218471301,63196920,4096
1625724862,218471301,63196928,4096
1625724862,218472375,63196936,4096
1625724862,218472375,63196944,4096
1625724862,218472375,63196952,4096
1625724862,218472375,63196960,4096
1625724862,218472375,63196968,4096
1625724862,218472375,63196976,4096
1625724862,218472375,63196984,4096
1625724862,218472375,63196992,4096
1625724862,218472375,63197000,4096
1625724862,222676201,63197008,4096
1625724862,222677274,63197016,4096
1625724862,222677274,63197024,4096
1625724862,222677274,63197032,4096
1625724862,222677274,63197040,4096
1625724862,222677274,63197048,4096
1625724862,222677274,63197056,4096
1625724862,222677274,63197064,4096
1625724862,222677274,63197072,4096
1625724862,222678348,63197080,4096
1625724862,222678348,63197088,4096
1625724862,222678348,63197096,4096
1625724862,222678348,63197104,4096
1625724862,222678348,63197112,4096
1625724862,222678348,63197120,4096
1625724862,222678348,63197128,4096
1625724862,222806094,63197136,4096
1625724862,222806094,63197144,4096
1625724862,222806094,63197152,4096
1625724862,222806094,63197160,4096
1625724862,222806094,63197168,4096
1625724862,222807168,63197176,4096
1625724862,222807168,63197184,4096
1625724862,222807168,63197192,4096
1625724862,222807168,63197200,4096
1625724862,222807168,63197208,4096
1625724862,222807168,63197216,4096
1625724862,222807168,63197224,4096
1625724862,222808241,63197232,4096
1625724862,222808241,63197240,4096
1625724862,222808241,63197248,4096
1625724862,222808241,63197256,4096
1625724862,226927261,63197264,4096
1625724862,226927261,63197272,4096
1625724862,226927261,63197280,4096
1625724862,226927261,63197288,4096
1625724862,226927261,63197296,4096
1625724862,226927261,63197304,4096
1625724862,226927261,63197312,4096
1625724862,226928334,63197320,4096
1625724862,226928334,63197328,4096
1625724862,226928334,63197336,4096
1625724862,226928334,63197344,4096
1625724862,226928334,63197352,4096
1625724862,226928334,63197360,4096
1625724862,226928334,63197368,4096
1625724862,226928334,63197376,4096
1625724862,226929408,63197384,4096
1625724862,227052860,63197392,4096
1625724862,227052860,63197400,4096
1625724862,227052860,63197408,4096
1625724862,227053934,63197416,4096
1625724862,227053934,63197424,4096
1625724862,227053934,63197432,4096
1625724862,227053934,63197440,4096
1625724862,227053934,63197448,4096
1625724862,227053934,63197456,4096
1625724862,227053934,63197464,4096
1625724862,227053934,63197472,4096
1625724862,227053934,63197480,4096
1625724862,227055007,63197488,4096
1625724862,227055007,63197496,4096
1625724862,227055007,63197504,4096
1625724862,227055007,63197512,4096
1625724862,231053795,63197520,4096
1625724862,231053795,63197528,4096
1625724862,231053795,63197536,4096
1625724862,231053795,63197544,4096
1625724862,231053795,63197552,4096
1625724862,231053795,63197560,4096
1625724862,231053795,63197568,4096
1625724862,231054868,63197576,4096
1625724862,231054868,63197584,4096
1625724862,231054868,63197592,4096
1625724862,231054868,63197600,4096
1625724862,231054868,63197608,4096
1625724862,231054868,63197616,4096
1625724862,231054868,63197624,4096
1625724862,231054868,63197632,4096
1625724862,231054868,63197640,4096
1625724862,231179394,63197648,4096
1625724862,231179394,63197656,4096
1625724862,231179394,63197664,4096
1625724862,231179394,63197672,4096
1625724862,231179394,63197680,4096
1625724862,231179394,63197688,4096
1625724862,231179394,63197696,4096
1625724862,231179394,63197704,4096
1625724862,231179394,63197712,4096
1625724862,231180468,63197720,4096
1625724862,231180468,63197728,4096
1625724862,231180468,63197736,4096
1625724862,231180468,63197744,4096
1625724862,231180468,63197752,4096
1625724862,231180468,63197760,4096
1625724862,231180468,63197768,4096
1625724862,235181402,63197776,4096
1625724862,235181402,63197784,4096
1625724862,235181402,63197792,4096
1625724862,235181402,63197800,4096
1625724862,235182476,63197808,4096
1625724862,235182476,63197816,4096
1625724862,235182476,63197824,4096
1625724862,235182476,63197832,4096
1625724862,235182476,63197840,4096
1625724862,235182476,63197848,4096
1625724862,235182476,63197856,4096
1625724862,235182476,63197864,4096
1625724862,235182476,63197872,4096
1625724862,235183549,63197880,4096
1625724862,235183549,63197888,4096
1625724862,235183549,63197896,4096
1625724862,235307002,63197904,4096
1625724862,235307002,63197912,4096
1625724862,235307002,63197920,4096
1625724862,235307002,63197928,4096
1625724862,235307002,63197936,4096
1625724862,235307002,63197944,4096
1625724862,235307002,63197952,4096
1625724862,235307002,63197960,4096
1625724862,235308075,63197968,4096
1625724862,235308075,63197976,4096
1625724862,235308075,63197984,4096
1625724862,235308075,63197992,4096
1625724862,235308075,63198000,4096
1625724862,235308075,63198008,4096
1625724862,235308075,63198016,4096
1625724862,235308075,63198024,4096
1625724862,239415286,63198032,4096
1625724862,239415286,63198040,4096
1625724862,239416360,63198048,4096
1625724862,239416360,63198056,4096
1625724862,239416360,63198064,4096
1625724862,239416360,63198072,4096
1625724862,239416360,63198080,4096
1625724862,239416360,63198088,4096
1625724862,239416360,63198096,4096
1625724862,239416360,63198104,4096
1625724862,239417433,63198112,4096
1625724862,239417433,63198120,4096
1625724862,239417433,63198128,4096
1625724862,239417433,63198136,4096
1625724862,239417433,63198144,4096
1625724862,239417433,63198152,4096
1625724862,239543033,63198160,4096
1625724862,239543033,63198168,4096
1625724862,239543033,63198176,4096
1625724862,239543033,63198184,4096
1625724862,239544106,63198192,4096
1625724862,239544106,63198200,4096
1625724862,239544106,63198208,4096
1625724862,239544106,63198216,4096
1625724862,239544106,63198224,4096
1625724862,239544106,63198232,4096
1625724862,239544106,63198240,4096
1625724862,239544106,63198248,4096
1625724862,239544106,63198256,4096
1625724862,239545180,63198264,4096
1625724862,239545180,63198272,4096
1625724862,239545180,63198280,4096
1625724862,244235301,63198288,4096
1625724862,244235301,63198296,4096
1625724862,244236375,63198304,4096
1625724862,244236375,63198312,4096
1625724862,244236375,63198320,4096
1625724862,244236375,63198328,4096
1625724862,244236375,63198336,4096
1625724862,244236375,63198344,4096
1625724862,244236375,63198352,4096
1625724862,244236375,63198360,4096
1625724862,244237448,63198368,4096
1625724862,244237448,63198376,4096
1625724862,244237448,63198384,4096
1625724862,244237448,63198392,4096
1625724862,244237448,63198400,4096
1625724862,244237448,63198408,4096
1625724862,244354460,63198416,4096
1625724862,244354460,63198424,4096
1625724862,244354460,63198432,4096
1625724862,244354460,63198440,4096
1625724862,244354460,63198448,4096
1625724862,244355533,63198456,4096
1625724862,244355533,63198464,4096
1625724862,244355533,63198472,4096
1625724862,244355533,63198480,4096
1625724862,244355533,63198488,4096
1625724862,244355533,63198496,4096
1625724862,244355533,63198504,4096
1625724862,244355533,63198512,4096
1625724862,244355533,63198520,4096
1625724862,244356607,63198528,4096
1625724862,244356607,63198536,4096
1625724862,249261428,63198544,4096
1625724862,249261428,63198552,4096
1625724862,249261428,63198560,4096
1625724862,249261428,63198568,4096
1625724862,249261428,63198576,4096
1625724862,249261428,63198584,4096
1625724862,249261428,63198592,4096
1625724862,249261428,63198600,4096
1625724862,249262502,63198608,4096
1625724862,249262502,63198616,4096
1625724862,249262502,63198624,4096
1625724862,249262502,63198632,4096
1625724862,249262502,63198640,4096
1625724862,249262502,63198648,4096
1625724862,249262502,63198656,4096
1625724862,249262502,63198664,4096
1625724862,249376293,63198672,4096
1625724862,249376293,63198680,4096
1625724862,249376293,63198688,4096
1625724862,249376293,63198696,4096
1625724862,249376293,63198704,4096
1625724862,249376293,63198712,4096
1625724862,249377366,63198720,4096
1625724862,249377366,63198728,4096
1625724862,249377366,63198736,4096
1625724862,249377366,63198744,4096
1625724862,249377366,63198752,4096
1625724862,249377366,63198760,4096
1625724862,249377366,63198768,4096
1625724862,249377366,63198776,4096
1625724862,249377366,63198784,4096
1625724862,249378440,63198792,4096
1625724862,253207614,63198800,4096
1625724862,253207614,63198808,4096
1625724862,253207614,63198816,4096
1625724862,253207614,63198824,4096
1625724862,253207614,63198832,4096
1625724862,253208688,63198840,4096
1625724862,253208688,63198848,4096
1625724862,253208688,63198856,4096
1625724862,253208688,63198864,4096
1625724862,253208688,63198872,4096
1625724862,253208688,63198880,4096
1625724862,253208688,63198888,4096
1625724862,253208688,63198896,4096
1625724862,253209761,63198904,4096
1625724862,253209761,63198912,4096
1625724862,253209761,63198920,4096
1625724862,253323552,63198928,4096
1625724862,253323552,63198936,4096
1625724862,253323552,63198944,4096
1625724862,253324626,63198952,4096
1625724862,253324626,63198960,4096
1625724862,253324626,63198968,4096
1625724862,253324626,63198976,4096
1625724862,253324626,63198984,4096
1625724862,253324626,63198992,4096
1625724862,253324626,63199000,4096
1625724862,253324626,63199008,4096
1625724862,253324626,63199016,4096
1625724862,253325699,63199024,4096
1625724862,253325699,63199032,4096
1625724862,253325699,63199040,4096
1625724862,253325699,63199048,4096
1625724862,257673374,63199056,4096
1625724862,257673374,63199064,4096
1625724862,257673374,63199072,4096
1625724862,257673374,63199080,4096
1625724862,257673374,63199088,4096
1625724862,257674448,63199096,4096
1625724862,257674448,63199104,4096
1625724862,257674448,63199112,4096
1625724862,257674448,63199120,4096
1625724862,257674448,63199128,4096
1625724862,257674448,63199136,4096
1625724862,257674448,63199144,4096
1625724862,257674448,63199152,4096
1625724862,257674448,63199160,4096
1625724862,257675521,63199168,4096
1625724862,257675521,63199176,4096
1625724862,257789312,63199184,4096
1625724862,257790386,63199192,4096
1625724862,257790386,63199200,4096
1625724862,257790386,63199208,4096
1625724862,257790386,63199216,4096
1625724862,257790386,63199224,4096
1625724862,257790386,63199232,4096
1625724862,257790386,63199240,4096
1625724862,257790386,63199248,4096
1625724862,257790386,63199256,4096
1625724862,257791459,63199264,4096
1625724862,257791459,63199272,4096
1625724862,257791459,63199280,4096
1625724862,257791459,63199288,4096
1625724862,257791459,63199296,4096
1625724862,257791459,63199304,4096
1625724862,262024270,63199312,4096
1625724862,262024270,63199320,4096
1625724862,262024270,63199328,4096
1625724862,262024270,63199336,4096
1625724862,262024270,63199344,4096
1625724862,262024270,63199352,4096
1625724862,262025343,63199360,4096
1625724862,262025343,63199368,4096
1625724862,262025343,63199376,4096
1625724862,262025343,63199384,4096
1625724862,262025343,63199392,4096
1625724862,262025343,63199400,4096
1625724862,262025343,63199408,4096
1625724862,262025343,63199416,4096
1625724862,262026417,63199424,4096
1625724862,262026417,63199432,4096
1625724862,262138061,63199440,4096
1625724862,262138061,63199448,4096
1625724862,262138061,63199456,4096
1625724862,262138061,63199464,4096
1625724862,262138061,63199472,4096
1625724862,262138061,63199480,4096
1625724862,262139134,63199488,4096
1625724862,262139134,63199496,4096
1625724862,262139134,63199504,4096
1625724862,262139134,63199512,4096
1625724862,262139134,63199520,4096
1625724862,262139134,63199528,4096
1625724862,262139134,63199536,4096
1625724862,262139134,63199544,4096
1625724862,262139134,63199552,4096
1625724862,262140208,63199560,4096
1625724862,266333299,63199568,4096
1625724862,266333299,63199576,4096
1625724862,266333299,63199584,4096
1625724862,266333299,63199592,4096
1625724862,266333299,63199600,4096
1625724862,266334372,63199608,4096
1625724862,266334372,63199616,4096
1625724862,266334372,63199624,4096
1625724862,266334372,63199632,4096
1625724862,266334372,63199640,4096
1625724862,266334372,63199648,4096
1625724862,266334372,63199656,4096
1625724862,266334372,63199664,4096
1625724862,266334372,63199672,4096
1625724862,266335446,63199680,4096
1625724862,266335446,63199688,4096
1625724862,266447090,63199696,4096
1625724862,266447090,63199704,4096
1625724862,266447090,63199712,4096
1625724862,266447090,63199720,4096
1625724862,266447090,63199728,4096
1625724862,266448163,63199736,4096
1625724862,266448163,63199744,4096
1625724862,266448163,63199752,4096
1625724862,266448163,63199760,4096
1625724862,266448163,63199768,4096
1625724862,266448163,63199776,4096
1625724862,266448163,63199784,4096
1625724862,266448163,63199792,4096
1625724862,266448163,63199800,4096
1625724862,266449237,63199808,4096
1625724862,266449237,63199816,4096
1625724862,270540345,63199824,4096
1625724862,270540345,63199832,3072
1625724863,271923800,66858336,4096
1625724863,271924874,66858344,4096
1625724863,271924874,66858352,4096
1625724863,271924874,66858360,4096
1625724863,271924874,66858368,4096
1625724863,271924874,66858376,4096
1625724863,271924874,66858384,4096
1625724863,271924874,66858392,4096
1625724863,271925947,66858400,4096
1625724863,271925947,66858408,4096
1625724863,271925947,66858416,4096
1625724863,271925947,66858424,4096
1625724863,272070870,66858432,4096
1625724863,272070870,66858440,4096
1625724863,272070870,66858448,4096
1625724863,272070870,66858456,4096
1625724863,272070870,66858464,4096
1625724863,272070870,66858472,4096
1625724863,272070870,66858480,4096
1625724863,272071943,66858488,4096
1625724863,272071943,66858496,4096
1625724863,272071943,66858504,4096
1625724863,272071943,66858512,4096
1625724863,272071943,66858520,4096
1625724863,272354274,68858048,4096
1625724863,272354274,68858056,4096
1625724863,272354274,68858064,4096
1625724863,272354274,68858072,4096
1625724863,272355347,68858080,4096
1625724863,272355347,68858088,4096
1625724863,272355347,68858096,4096
1625724863,272355347,68858104,4096
1625724863,272355347,68858112,4096
1625724863,272355347,68858120,4096
1625724863,272355347,68858128,4096
1625724863,272355347,68858136,4096
1625724863,272356421,68858144,4096
1625724863,272356421,68858152,4096
1625724863,272356421,68858160,4096
1625724863,272356421,68858168,4096
1625724863,282405454,68865376,4096
1625724863,282405454,68865384,4096
1625724863,282406528,68865392,4096
1625724863,282406528,68865400,4096
1625724863,282406528,68865408,4096
1625724863,282406528,68865416,4096
1625724863,282406528,68865424,4096
1625724863,282406528,68865432,4096
1625724863,282406528,68865440,4096
1625724863,282406528,68865448,4096
1625724863,282406528,68865456,4096
1625724863,282407601,68865464,4096
1625724863,282407601,68865472,4096
1625724863,282407601,68865480,4096
1625724863,283227755,68865488,4096
1625724863,283227755,68865496,4096
1625724863,283227755,68865504,4096
1625724863,283227755,68865512,4096
1625724863,283227755,68865520,4096
1625724863,283227755,68865528,4096
1625724863,283228829,68865536,4096
1625724863,283228829,68865544,4096
1625724863,283228829,68865552,4096
1625724863,283228829,68865560,4096
1625724863,283228829,68865568,4096
1625724863,283228829,68865576,4096
1625724863,283228829,68865584,4096
1625724863,283228829,68865592,4096
1625724863,288046697,61888000,4096
1625724863,288046697,61888008,4096
1625724863,288046697,61888016,4096
1625724863,288046697,61888024,4096
1625724863,288046697,61888032,4096
1625724863,288046697,61888040,4096
1625724863,288047770,61888048,4096
1625724863,288047770,61888056,4096
1625724863,288047770,61888064,4096
1625724863,288047770,61888072,4096
1625724863,288047770,61888080,4096
1625724863,288047770,61888088,4096
1625724863,288126136,28240384,4096
1625724863,288126136,28240392,4096
1625724863,288126136,28240400,4096
1625724863,288126136,28240408,4096
1625724863,288126136,28240416,4096
1625724863,288126136,28240424,4096
1625724863,288126136,28240432,4096
1625724863,288126136,28240440,4096
1625724863,288127209,28240448,4096
1625724863,288127209,28240456,4096
1625724863,288127209,28240464,4096
1625724863,288127209,28240472,4096
1625724863,288222751,28240480,4096
1625724863,288222751,28240488,4096
1625724863,288222751,28240496,4096
1625724863,288222751,28240504,4096
1625724863,288223824,28240512,4096
1625724863,288223824,28240520,4096
1625724863,288223824,28240528,4096
1625724863,288223824,28240536,4096
1625724863,288223824,28240544,4096
1625724863,288223824,28240552,4096
1625724863,288223824,28240560,4096
1625724863,288223824,28240568,4096
1625724863,288380555,15792832,4096
1625724863,288380555,15792840,4096
1625724863,288380555,15792848,4096
1625724863,288380555,15792856,4096
1625724863,297451630,63519200,4096
1625724863,297451630,63519208,4096
1625724863,297451630,63519216,4096
1625724863,297452704,63519224,4096
1625724863,297452704,63519232,4096
1625724863,297452704,63519240,4096
1625724863,297452704,63519248,4096
1625724863,297452704,63519256,4096
1625724863,297452704,63519264,4096
1625724863,297452704,63519272,4096
1625724863,297452704,63519280,4096
1625724863,297453777,63519288,4096
1625724863,297669551,67985120,4096
1625724863,297669551,67985128,4096
1625724863,297669551,67985136,4096
1625724863,297669551,67985144,4096
1625724863,297670624,67985152,4096
1625724863,297670624,67985160,4096
1625724863,297670624,67985168,4096
1625724863,297670624,67985176,4096
1625724863,297670624,67985184,4096
1625724863,297670624,67985192,4096
1625724863,297670624,67985200,4096
1625724863,297670624,67985208,4096
1625724863,297756504,67985216,4096
1625724863,297756504,67985224,4096
1625724863,297756504,67985232,4096
1625724863,297756504,67985240,4096
1625724863,297756504,67985248,4096
1625724863,297756504,67985256,4096
1625724863,297756504,67985264,4096
1625724863,297757578,67985272,4096
1625724863,297757578,67985280,4096
1625724863,297757578,67985288,4096
1625724863,297757578,67985296,4096
1625724863,297757578,67985304,4096
1625724863,297951881,68776608,4096
1625724863,297951881,68776616,4096
1625724863,297952955,68776624,4096
1625724863,297952955,68776632,4096
1625724863,297952955,68776640,4096
1625724863,297952955,68776648,4096
1625724863,297952955,68776656,4096
1625724863,297952955,68776664,4096
1625724863,297952955,68776672,4096
1625724863,297952955,68776680,4096
1625724863,297952955,68776688,4096
1625724863,297954028,68776696,4096
1625724864,232581886,48935816,4096
1625724864,233311866,1029896,4096
1625724864,233312939,1029904,1536
1625724864,385432183,960608,4096
1625724864,385432183,960616,4096
1625724864,385432183,960624,1024
1625724864,469800695,68476080,4096
1625724864,469801769,68476088,4096
1625724864,469801769,68476096,4096
1625724864,469801769,68476104,4096
1625724864,470731420,68476112,4096
1625724864,470731420,68476120,4096
1625724864,470731420,68476128,4096
1625724864,470731420,68476136,4096
1625724864,470731420,68476144,4096
1625724864,470731420,68476152,4096
1625724864,470732493,68476160,4096
1625724864,470732493,68476168,4096
1625724864,470732493,68476176,4096
1625724864,470732493,68476184,4096
1625724864,470732493,68476192,4096
1625724864,470732493,68476200,4096
1625724864,470732493,68476208,4096
1625724864,470732493,68476216,4096
1625724864,470826961,68476224,4096
1625724864,470826961,68476232,4096
1625724864,470826961,68476240,4096
1625724864,470828035,68476248,4096
1625724864,470828035,68476256,4096
1625724864,470828035,68476264,4096
1625724864,470828035,68476272,4096
1625724864,470828035,68476280,4096
1625724864,470828035,68476288,4096
1625724864,470828035,68476296,4096
1625724864,470828035,68476304,4096
1625724864,470829108,68476312,4096
1625724864,470829108,68476320,4096
1625724864,470829108,68476328,4096
1625724864,471478576,68476336,4096
1625724864,471479649,68476344,4096
1625724864,471479649,68476352,4096
1625724864,471479649,68476360,4096
1625724864,471479649,68476368,4096
1625724864,471479649,68476376,4096
1625724864,471479649,68476384,4096
1625724864,471479649,68476392,4096
1625724864,471479649,68476400,4096
1625724864,471480723,68476408,4096
1625724864,471480723,68476416,4096
1625724864,471480723,68476424,4096
1625724864,471480723,68476432,4096
1625724864,471480723,68476440,4096
1625724864,471480723,68476448,4096
1625724864,471480723,68476456,4096
1625724864,472321273,68476464,4096
1625724864,472321273,68476472,4096
1625724864,472322347,68476480,4096
1625724864,472322347,68476488,4096
1625724864,472322347,68476496,4096
1625724864,472322347,68476504,4096
1625724864,472322347,68476512,4096
1625724864,472322347,68476520,4096
1625724864,472322347,68476528,4096
1625724864,472322347,68476536,4096
1625724864,472323420,68476544,4096
1625724864,472323420,68476552,4096
1625724864,472323420,68476560,4096
1625724864,472323420,68476568,4096
1625724864,472323420,68476576,4096
1625724864,472323420,68476584,4096
1625724864,472446873,68476592,4096
1625724864,472447946,68476600,4096
1625724864,472447946,68476608,4096
1625724864,472447946,68476616,4096
1625724864,472447946,68476624,4096
1625724864,472447946,68476632,4096
1625724864,472447946,68476640,4096
1625724864,472447946,68476648,4096
1625724864,472447946,68476656,4096
1625724864,472447946,68476664,4096
1625724864,472449020,68476672,4096
1625724864,472449020,68476680,4096
1625724864,472449020,68476688,4096
1625724864,472449020,68476696,4096
1625724864,472449020,68476704,4096
1625724864,472449020,68476712,4096
1625724864,476734432,68476720,4096
1625724864,476735505,68476728,4096
1625724864,476735505,68476736,4096
1625724864,476735505,68476744,4096
1625724864,476735505,68476752,4096
1625724864,476735505,68476760,4096
1625724864,476735505,68476768,4096
1625724864,476735505,68476776,4096
1625724864,476735505,68476784,4096
1625724864,476736579,68476792,4096
1625724864,476736579,68476800,4096
1625724864,476736579,68476808,4096
1625724864,476736579,68476816,4096
1625724864,476736579,68476824,4096
1625724864,476736579,68476832,4096
1625724864,476736579,68476840,4096
1625724864,476861105,68476848,4096
1625724864,476861105,68476856,4096
1625724864,476861105,68476864,4096
1625724864,476861105,68476872,4096
1625724864,476861105,68476880,4096
1625724864,476861105,68476888,4096
1625724864,476861105,68476896,4096
1625724864,476861105,68476904,4096
1625724864,476862178,68476912,4096
1625724864,476862178,68476920,4096
1625724864,476862178,68476928,4096
1625724864,476862178,68476936,4096
1625724864,476862178,68476944,4096
1625724864,476862178,68476952,4096
1625724864,476862178,68476960,4096
1625724864,476862178,68476968,4096
1625724864,480952213,68476976,4096
1625724864,480952213,68476984,4096
1625724864,480953287,68476992,4096
1625724864,480953287,68477000,4096
1625724864,480953287,68477008,4096
1625724864,480953287,68477016,4096
1625724864,480953287,68477024,4096
1625724864,480953287,68477032,4096
1625724864,480953287,68477040,4096
1625724864,480953287,68477048,4096
1625724864,480954360,68477056,4096
1625724864,480954360,68477064,4096
1625724864,480954360,68477072,4096
1625724864,480954360,68477080,4096
1625724864,480954360,68477088,4096
1625724864,480954360,68477096,4096
1625724864,481077813,68477104,4096
1625724864,481077813,68477112,4096
1625724864,481077813,68477120,4096
1625724864,481077813,68477128,4096
1625724864,481077813,68477136,4096
1625724864,481078886,68477144,4096
1625724864,481078886,68477152,4096
1625724864,481078886,68477160,4096
1625724864,481078886,68477168,4096
1625724864,481078886,68477176,4096
1625724864,481078886,68477184,4096
1625724864,481078886,68477192,4096
1625724864,481078886,68477200,4096
1625724864,481078886,68477208,4096
1625724864,481079960,68477216,4096
1625724864,481079960,68477224,4096
1625724864,485197906,68477232,4096
1625724864,485197906,68477240,4096
1625724864,485197906,68477248,4096
1625724864,485197906,68477256,4096
1625724864,485197906,68477264,4096
1625724864,485197906,68477272,4096
1625724864,485197906,68477280,4096
1625724864,485198979,68477288,4096
1625724864,485198979,68477296,4096
1625724864,485198979,68477304,4096
1625724864,485198979,68477312,4096
1625724864,485198979,68477320,4096
1625724864,485198979,68477328,4096
1625724864,485198979,68477336,4096
1625724864,485198979,68477344,4096
1625724864,485200053,68477352,4096
1625724864,485323505,68477360,4096
1625724864,485323505,68477368,4096
1625724864,485323505,68477376,4096
1625724864,485323505,68477384,4096
1625724864,485323505,68477392,4096
1625724864,485323505,68477400,4096
1625724864,485323505,68477408,4096
1625724864,485324579,68477416,4096
1625724864,485324579,68477424,4096
1625724864,485324579,68477432,4096
1625724864,485324579,68477440,4096
1625724864,485324579,68477448,4096
1625724864,485324579,68477456,4096
1625724864,485324579,68477464,4096
1625724864,485324579,68477472,4096
1625724864,485324579,68477480,4096
1625724864,489397438,68477488,4096
1625724864,489397438,68477496,4096
1625724864,489397438,68477504,4096
1625724864,489397438,68477512,4096
1625724864,489398511,68477520,4096
1625724864,489398511,68477528,4096
1625724864,489398511,68477536,4096
1625724864,489398511,68477544,4096
1625724864,489398511,68477552,4096
1625724864,489398511,68477560,4096
1625724864,489398511,68477568,4096
1625724864,489399585,68477576,4096
1625724864,489399585,68477584,4096
1625724864,489399585,68477592,4096
1625724864,489399585,68477600,4096
1625724864,489399585,68477608,4096
1625724864,489515523,68477616,4096
1625724864,489515523,68477624,4096
1625724864,489515523,68477632,4096
1625724864,489516596,68477640,4096
1625724864,489516596,68477648,4096
1625724864,489516596,68477656,4096
1625724864,489516596,68477664,4096
1625724864,489516596,68477672,4096
1625724864,489516596,68477680,4096
1625724864,489516596,68477688,4096
1625724864,489516596,68477696,4096
1625724864,489516596,68477704,4096
1625724864,489517670,68477712,4096
1625724864,489517670,68477720,4096
1625724864,489517670,68477728,4096
1625724864,489517670,68477736,4096
1625724864,493692511,68477744,4096
1625724864,493692511,68477752,4096
1625724864,493692511,68477760,4096
1625724864,493692511,68477768,4096
1625724864,493693585,68477776,4096
1625724864,493693585,68477784,4096
1625724864,493693585,68477792,4096
1625724864,493693585,68477800,4096
1625724864,493693585,68477808,4096
1625724864,493693585,68477816,4096
1625724864,493693585,68477824,4096
1625724864,493693585,68477832,4096
1625724864,493693585,68477840,4096
1625724864,493694658,68477848,4096
1625724864,493694658,68477856,4096
1625724864,493694658,68477864,4096
1625724864,493818111,68477872,4096
1625724864,493818111,68477880,4096
1625724864,493818111,68477888,4096
1625724864,493818111,68477896,4096
1625724864,493818111,68477904,4096
1625724864,493818111,68477912,4096
1625724864,493818111,68477920,4096
1625724864,493819184,68477928,4096
1625724864,493819184,68477936,4096
1625724864,493819184,68477944,4096
1625724864,493819184,68477952,4096
1625724864,493819184,68477960,4096
1625724864,493819184,68477968,4096
1625724864,493819184,68477976,4096
1625724864,493819184,68477984,4096
1625724864,493819184,68477992,4096
1625724864,497929616,68478000,4096
1625724864,497929616,68478008,4096
1625724864,497929616,68478016,4096
1625724864,497929616,68478024,4096
1625724864,497929616,68478032,4096
1625724864,497929616,68478040,4096
1625724864,497930689,68478048,4096
1625724864,497930689,68478056,4096
1625724864,497930689,68478064,4096
1625724864,497930689,68478072,4096
1625724864,497930689,68478080,4096
1625724864,497930689,68478088,4096
1625724864,497930689,68478096,4096
1625724864,497930689,68478104,4096
1625724864,497930689,68478112,4096
1625724864,497931763,68478120,4096
1625724864,498054142,68478128,4096
1625724864,498055215,68478136,4096
1625724864,498055215,68478144,4096
1625724864,498055215,68478152,4096
1625724864,498055215,68478160,4096
1625724864,498055215,68478168,4096
1625724864,498055215,68478176,4096
1625724864,498055215,68478184,4096
1625724864,498055215,68478192,4096
1625724864,498055215,68478200,4096
1625724864,498056289,68478208,4096
1625724864,498056289,68478216,4096
1625724864,498056289,68478224,4096
1625724864,498056289,68478232,4096
1625724864,498056289,68478240,4096
1625724864,498056289,68478248,4096
1625724864,502204293,68478256,4096
1625724864,502204293,68478264,4096
1625724864,502205366,68478272,4096
1625724864,502205366,68478280,4096
1625724864,502205366,68478288,4096
1625724864,502205366,68478296,4096
1625724864,502205366,68478304,4096
1625724864,502205366,68478312,4096
1625724864,502205366,68478320,4096
1625724864,502205366,68478328,4096
1625724864,502206440,68478336,4096
1625724864,502206440,68478344,4096
1625724864,502206440,68478352,4096
1625724864,502206440,68478360,4096
1625724864,502206440,68478368,4096
1625724864,502206440,68478376,4096
1625724864,502330966,68478384,4096
1625724864,502330966,68478392,4096
1625724864,502330966,68478400,4096
1625724864,502330966,68478408,4096
1625724864,502330966,68478416,4096
1625724864,502330966,68478424,4096
1625724864,502330966,68478432,4096
1625724864,502332039,68478440,4096
1625724864,502332039,68478448,4096
1625724864,502332039,68478456,4096
1625724864,502332039,68478464,4096
1625724864,502332039,68478472,4096
1625724864,502332039,68478480,4096
1625724864,502332039,68478488,4096
1625724864,502332039,68478496,4096
1625724864,502332039,68478504,4096
1625724864,506509028,68478512,4096
1625724864,506509028,68478520,4096
1625724864,506509028,68478528,4096
1625724864,506510101,68478536,4096
1625724864,506510101,68478544,4096
1625724864,506510101,68478552,4096
1625724864,506510101,68478560,4096
1625724864,506510101,68478568,4096
1625724864,506510101,68478576,4096
1625724864,506510101,68478584,4096
1625724864,506510101,68478592,4096
1625724864,506511175,68478600,4096
1625724864,506511175,68478608,4096
1625724864,506511175,68478616,4096
1625724864,506511175,68478624,4096
1625724864,506511175,68478632,4096
1625724864,506627113,68478640,4096
1625724864,506628186,68478648,4096
1625724864,506628186,68478656,4096
1625724864,506628186,68478664,4096
1625724864,506628186,68478672,4096
1625724864,506628186,68478680,4096
1625724864,506628186,68478688,4096
1625724864,506628186,68478696,4096
1625724864,506628186,68478704,4096
1625724864,506629260,68478712,4096
1625724864,506629260,68478720,4096
1625724864,506629260,68478728,4096
1625724864,506629260,68478736,4096
1625724864,506629260,68478744,4096
1625724864,506629260,68478752,4096
1625724864,506629260,68478760,4096
1625724864,510582960,68478768,4096
1625724864,510582960,68478776,4096
1625724864,510582960,68478784,4096
1625724864,510584034,68478792,4096
1625724864,510584034,68478800,4096
1625724864,510584034,68478808,4096
1625724864,510584034,68478816,4096
1625724864,510584034,68478824,4096
1625724864,510584034,68478832,4096
1625724864,510584034,68478840,4096
1625724864,510584034,68478848,4096
1625724864,510584034,68478856,4096
1625724864,510585107,68478864,4096
1625724864,510585107,68478872,4096
1625724864,510585107,68478880,4096
1625724864,510585107,68478888,4096
1625724864,510708560,68478896,4096
1625724864,510708560,68478904,4096
1625724864,510708560,68478912,4096
1625724864,510708560,68478920,4096
1625724864,510708560,68478928,4096
1625724864,510708560,68478936,4096
1625724864,510708560,68478944,4096
1625724864,510709633,68478952,4096
1625724864,510709633,68478960,4096
1625724864,510709633,68478968,4096
1625724864,510709633,68478976,4096
1625724864,510709633,68478984,4096
1625724864,510709633,68478992,4096
1625724864,510709633,68479000,4096
1625724864,510709633,68479008,4096
1625724864,510709633,68479016,4096
1625724864,514447560,68479024,4096
1625724864,514447560,68479032,4096
1625724864,514447560,68479040,4096
1625724864,514448634,68479048,4096
1625724864,514448634,68479056,4096
1625724864,514448634,68479064,4096
1625724864,514448634,68479072,4096
1625724864,514448634,68479080,4096
1625724864,514448634,68479088,4096
1625724864,514448634,68479096,4096
1625724864,514448634,68479104,4096
1625724864,514448634,68479112,4096
1625724864,514449707,68479120,4096
1625724864,514449707,68479128,4096
1625724864,514449707,68479136,4096
1625724864,514449707,68479144,4096
1625724864,514573160,68479152,4096
1625724864,514573160,68479160,4096
1625724864,514573160,68479168,4096
1625724864,514573160,68479176,4096
1625724864,514573160,68479184,4096
1625724864,514573160,68479192,4096
1625724864,514574233,68479200,4096
1625724864,514574233,68479208,4096
1625724864,514574233,68479216,4096
1625724864,514574233,68479224,4096
1625724864,514574233,68479232,4096
1625724864,514574233,68479240,4096
1625724864,514574233,68479248,4096
1625724864,514574233,68479256,4096
1625724864,514574233,68479264,4096
1625724864,514575307,68479272,4096
1625724864,518444201,68479280,4096
1625724864,518444201,68479288,4096
1625724864,518444201,68479296,4096
1625724864,518444201,68479304,4096
1625724864,518444201,68479312,4096
1625724864,518445274,68479320,4096
1625724864,518445274,68479328,4096
1625724864,518445274,68479336,4096
1625724864,518445274,68479344,4096
1625724864,518445274,68479352,4096
1625724864,518445274,68479360,4096
1625724864,518445274,68479368,4096
1625724864,518445274,68479376,4096
1625724864,518446348,68479384,4096
1625724864,518446348,68479392,4096
1625724864,518446348,68479400,4096
1625724864,518569800,68479408,4096
1625724864,518569800,68479416,4096
1625724864,518569800,68479424,4096
1625724864,518569800,68479432,4096
1625724864,518569800,68479440,4096
1625724864,518570874,68479448,4096
1625724864,518570874,68479456,4096
1625724864,518570874,68479464,4096
1625724864,518570874,68479472,4096
1625724864,518570874,68479480,4096
1625724864,518570874,68479488,4096
1625724864,518570874,68479496,4096
1625724864,518570874,68479504,4096
1625724864,518570874,68479512,4096
1625724864,518571947,68479520,4096
1625724864,518571947,68479528,4096
1625724864,522669497,68479536,4096
1625724864,522670570,68479544,4096
1625724864,522670570,68479552,4096
1625724864,522670570,68479560,4096
1625724864,522670570,68479568,4096
1625724864,522670570,68479576,4096
1625724864,522671644,68479584,4096
1625724864,522671644,68479592,4096
1625724864,522671644,68479600,4096
1625724864,522671644,68479608,4096
1625724864,522671644,68479616,4096
1625724864,522671644,68479624,4096
1625724864,522671644,68479632,4096
1625724864,522671644,68479640,4096
1625724864,522671644,68479648,4096
1625724864,522672717,68479656,4096
1625724864,522797243,68479664,4096
1625724864,522797243,68479672,4096
1625724864,522797243,68479680,4096
1625724864,522797243,68479688,4096
1625724864,522797243,68479696,4096
1625724864,522797243,68479704,4096
1625724864,522797243,68479712,4096
1625724864,522797243,68479720,4096
1625724864,522797243,68479728,4096
1625724864,522798317,68479736,4096
1625724864,522798317,68479744,4096
1625724864,522798317,68479752,4096
1625724864,522798317,68479760,4096
1625724864,522798317,68479768,4096
1625724864,522798317,68479776,4096
1625724864,522798317,68479784,4096
1625724864,527275885,68479792,4096
1625724864,527276959,68479800,4096
1625724864,527276959,68479808,4096
1625724864,527276959,68479816,4096
1625724864,527276959,68479824,4096
1625724864,527276959,68479832,4096
1625724864,527276959,68479840,4096
1625724864,527276959,68479848,4096
1625724864,527278032,68479856,4096
1625724864,527278032,68479864,4096
1625724864,527278032,68479872,4096
1625724864,527278032,68479880,4096
1625724864,527278032,68479888,4096
1625724864,527278032,68479896,4096
1625724864,527278032,68479904,4096
1625724864,527278032,68479912,4096
1625724864,527396117,68479920,4096
1625724864,527396117,68479928,4096
1625724864,527396117,68479936,4096
1625724864,527396117,68479944,4096
1625724864,527397191,68479952,4096
1625724864,527397191,68479960,4096
1625724864,527397191,68479968,4096
1625724864,527397191,68479976,4096
1625724864,527397191,68479984,4096
1625724864,527397191,68479992,4096
1625724864,527397191,68480000,4096
1625724864,527397191,68480008,4096
1625724864,527397191,68480016,4096
1625724864,527398264,68480024,4096
1625724864,527398264,68480032,4096
1625724864,527398264,68480040,4096
1625724864,531416375,68480048,4096
1625724864,531416375,68480056,4096
1625724864,531417448,68480064,4096
1625724864,531417448,68480072,4096
1625724864,531417448,68480080,4096
1625724864,531417448,68480088,4096
1625724864,531417448,68480096,4096
1625724864,531417448,68480104,4096
1625724864,531417448,68480112,4096
1625724864,531417448,68480120,4096
1625724864,531418522,68480128,4096
1625724864,531418522,68480136,4096
1625724864,531418522,68480144,4096
1625724864,531418522,68480152,4096
1625724864,531418522,68480160,4096
1625724864,531418522,68480168,4096
1625724864,531536607,68480176,4096
1625724864,531536607,68480184,4096
1625724864,531536607,68480192,4096
1625724864,531536607,68480200,4096
1625724864,531536607,68480208,4096
1625724864,531536607,68480216,4096
1625724864,531537680,68480224,4096
1625724864,531537680,68480232,4096
1625724864,531537680,68480240,4096
1625724864,531537680,68480248,4096
1625724864,531537680,68480256,4096
1625724864,531537680,68480264,4096
1625724864,531537680,68480272,4096
1625724864,531537680,68480280,4096
1625724864,531537680,68480288,4096
1625724864,531538754,68480296,4096
1625724864,535758682,68480304,4096
1625724864,535759756,68480312,4096
1625724864,535759756,68480320,4096
1625724864,535759756,68480328,4096
1625724864,535759756,68480336,4096
1625724864,535759756,68480344,4096
1625724864,535759756,68480352,4096
1625724864,535759756,68480360,1536
1625724865,283212153,27661728,4096
1625724865,283212153,27661736,4096
1625724865,283212153,27661744,4096
1625724865,283212153,27661752,4096
1625724865,283212153,27661760,4096
1625724865,283212153,27661768,4096
1625724865,283212153,27661776,4096
1625724865,283213227,27661784,4096
1625724865,283213227,27661792,4096
1625724865,283213227,27661800,4096
1625724865,283213227,27661808,4096
1625724865,283213227,27661816,4096
1625724865,283301254,27661824,4096
1625724865,283302327,27661832,4096
1625724865,283302327,27661840,4096
1625724865,283302327,27661848,4096
1625724865,283302327,27661856,4096
1625724865,283302327,27661864,4096
1625724865,283302327,27661872,4096
1625724865,283302327,27661880,4096
1625724865,283302327,27661888,4096
1625724865,283302327,27661896,4096
1625724865,283303401,27661904,4096
1625724865,283303401,27661912,4096
1625724865,283459058,28037920,4096
1625724865,283460132,28037928,4096
1625724865,283460132,28037936,4096
1625724865,283460132,28037944,4096
1625724865,283460132,28037952,4096
1625724865,283460132,28037960,4096
1625724865,283460132,28037968,4096
1625724865,283460132,28037976,4096
1625724865,283460132,28037984,4096
1625724865,283461205,28037992,4096
1625724865,283461205,28038000,4096
1625724865,283461205,28038008,4096
1625724865,293500577,69733888,4096
1625724865,293500577,69733896,4096
1625724865,293500577,69733904,4096
1625724865,293500577,69733912,4096
1625724865,296418350,61482880,4096
1625724865,296418350,61482888,4096
1625724865,296418350,61482896,4096
1625724865,296419424,61482904,4096
1625724865,296419424,61482912,4096
1625724865,296419424,61482920,4096
1625724865,296419424,61482928,4096
1625724865,296419424,61482936,4096
1625724865,296419424,61482944,4096
1625724865,296419424,61482952,4096
1625724865,296562199,61482960,4096
1625724865,296563273,61482968,4096
1625724865,296563273,61482976,4096
1625724865,296563273,61482984,4096
1625724865,296563273,61482992,4096
1625724865,296563273,61483000,4096
1625724865,296563273,61483008,4096
1625724865,296563273,61483016,4096
1625724865,296563273,61483024,4096
1625724865,296564346,61483032,4096
1625724865,296770458,61484288,4096
1625724865,296771532,61484296,4096
1625724865,296771532,61484304,4096
1625724865,296771532,61484312,4096
1625724865,296771532,61484320,4096
1625724865,296771532,61484328,4096
1625724865,296771532,61484336,4096
1625724865,296771532,61484344,4096
1625724865,296771532,61484352,4096
1625724865,296771532,61484360,4096
1625724865,296772605,61484368,4096
1625724865,296772605,61484376,4096
1625724865,296994820,61484384,4096
1625724865,296994820,61484392,4096
1625724865,296994820,61484400,4096
1625724865,296995893,61484408,4096
1625724865,296995893,61484416,4096
1625724865,296995893,61484424,4096
1625724865,296995893,61484432,4096
1625724865,296995893,61484440,4096
1625724865,296995893,61484448,4096
1625724865,296995893,61484456,4096
1625724865,296995893,61484464,4096
1625724865,296995893,61484472,4096
1625724865,297226696,61507040,4096
1625724865,297226696,61507048,4096
1625724865,297226696,61507056,4096
1625724865,297226696,61507064,4096
1625724865,297227769,61507072,4096
1625724865,297227769,61507080,4096
1625724865,297227769,61507088,4096
1625724865,297227769,61507096,4096
1625724865,297227769,61507104,4096
1625724865,297227769,61507112,4096
1625724865,297227769,61507120,4096
1625724865,297227769,61507128,4096
1625724865,297956676,61421568,4096
1625724865,297956676,61421576,4096
1625724865,297956676,61421584,4096
1625724865,297956676,61421592,4096
1625724865,297956676,61421600,4096
1625724865,297956676,61421608,4096
1625724865,297956676,61421616,4096
1625724865,297957749,61421624,4096
1625724865,297957749,61421632,4096
1625724865,297957749,61421640,4096
1625724865,297957749,61421648,4096
1625724865,297957749,61421656,4096
1625724865,298081202,61421664,4096
1625724865,298081202,61421672,4096
1625724865,298081202,61421680,4096
1625724865,298081202,61421688,4096
1625724865,298081202,61421696,4096
1625724865,298081202,61421704,4096
1625724865,298081202,61421712,4096
1625724865,298081202,61421720,4096
1625724865,298082275,61421728,4096
1625724865,298082275,61421736,4096
1625724865,298082275,61421744,4096
1625724865,298082275,61421752,4096
1625724865,298393590,28252896,4096
1625724865,298394664,28252904,4096
1625724865,298394664,28252912,4096
1625724865,298394664,28252920,4096
1625724865,298394664,28252928,4096
1625724865,298394664,28252936,4096
1625724865,298394664,28252944,4096
1625724865,298394664,28252952,4096
1625724865,298394664,28252960,4096
1625724865,298395737,28252968,4096
1625724865,298395737,28252976,4096
1625724865,298395737,28252984,4096
1625724865,298575012,67224640,4096
1625724865,298575012,67224648,4096
1625724865,298575012,67224656,4096
1625724865,298575012,67224664,4096
1625724865,298575012,67224672,4096
1625724865,298575012,67224680,4096
1625724865,298575012,67224688,4096
1625724865,298575012,67224696,4096
1625724865,298576085,67224704,4096
1625724865,298576085,67224712,4096
1625724865,298576085,67224720,4096
1625724865,298576085,67224728,4096
1625724865,313281962,69798656,4096
1625724865,313281962,69798664,4096
1625724865,313281962,69798672,4096
1625724865,313281962,69798680,4096
1625724865,317905526,28246848,4096
1625724865,317905526,28246856,4096
1625724865,317906600,28246864,4096
1625724865,317906600,28246872,4096
1625724865,317906600,28246880,4096
1625724865,317906600,28246888,4096
1625724865,317906600,28246896,4096
1625724865,317906600,28246904,4096
1625724866,534406573,48935824,4096
1625724866,540755252,3107864,4096
1625724866,540755252,3107872,4096
1625724866,540755252,3107880,4096
1625724866,540755252,3107888,4096
1625724866,542534041,3107896,4096
1625724866,542534041,3107904,4096
1625724866,542534041,3107912,4096
1625724866,542534041,3107920,4096
1625724866,542534041,3107928,4096
1625724866,542535115,3107936,4096
1625724866,542535115,3107944,4096
1625724866,542535115,3107952,4096
1625724866,542535115,3107960,4096
1625724866,542535115,3107968,4096
1625724866,542535115,3107976,4096
1625724866,542535115,3107984,4096
1625724866,542535115,3107992,4096
1625724866,542536188,3108000,4096
1625724866,542628509,3108008,4096
1625724866,542628509,3108016,4096
1625724866,542629583,3108024,4096
1625724866,542629583,3108032,4096
1625724866,542629583,3108040,4096
1625724866,542629583,3108048,4096
1625724866,542629583,3108056,4096
1625724866,542629583,3108064,4096
1625724866,542629583,3108072,4096
1625724866,542629583,3108080,4096
1625724866,542630656,3108088,4096
1625724866,542630656,3108096,4096
1625724866,542630656,3108104,4096
1625724866,542630656,3108112,4096
1625724866,543151304,3108120,4096
1625724866,543151304,3108128,4096
1625724866,543151304,3108136,4096
1625724866,543151304,3108144,4096
1625724866,543151304,3108152,4096
1625724866,543151304,3108160,4096
1625724866,543151304,3108168,4096
1625724866,543151304,3108176,2048
1625724866,889341098,48935832,4096
1625724866,890039947,15768264,4096
1625724866,890039947,15768272,4096
1625724866,890039947,15768280,4096
1625724866,890039947,15768288,4096
1625724866,890797838,15768296,4096
1625724866,890797838,15768304,4096
1625724866,890797838,15768312,4096
1625724866,890797838,15768320,4096
1625724866,890798911,15768328,4096
1625724866,890798911,15768336,4096
1625724866,890798911,15768344,4096
1625724866,890798911,15768352,4096
1625724866,890798911,15768360,4096
1625724866,890798911,15768368,4096
1625724866,890798911,15768376,4096
1625724866,890798911,15768384,4096
1625724866,890799985,15768392,4096
1625724866,890799985,15768400,4096
1625724866,890889085,15768408,4096
1625724866,890889085,15768416,4096
1625724866,890889085,15768424,4096
1625724866,890890159,15768432,4096
1625724866,890890159,15768440,4096
1625724866,890890159,15768448,4096
1625724866,890890159,15768456,4096
1625724866,890890159,15768464,4096
1625724866,890890159,15768472,4096
1625724866,890890159,15768480,4096
1625724866,890890159,15768488,4096
1625724866,890890159,15768496,4096
1625724866,890891232,15768504,4096
1625724866,890891232,15768512,4096
1625724866,891480584,15768520,4096
1625724866,891481657,15768528,4096
1625724866,891481657,15768536,4096
1625724866,891481657,15768544,4096
1625724866,891481657,15768552,4096
1625724866,891481657,15768560,4096
1625724866,891481657,15768568,4096
1625724866,891481657,15768576,4096
1625724866,891482731,15768584,4096
1625724866,891482731,15768592,4096
1625724866,891482731,15768600,4096
1625724866,891482731,15768608,4096
1625724866,891482731,15768616,4096
1625724866,891482731,15768624,4096
1625724866,891482731,15768632,4096
1625724866,891482731,15768640,4096
1625724866,892063494,15768648,4096
1625724866,892063494,15768656,4096
1625724866,892063494,15768664,4096
1625724866,892063494,15768672,4096
1625724866,892063494,15768680,4096
1625724866,892063494,15768688,4096
1625724866,892063494,15768696,4096
1625724866,892063494,15768704,4096
1625724866,892064568,15768712,4096
1625724866,892064568,15768720,4096
1625724866,892064568,15768728,4096
1625724866,892064568,15768736,4096
1625724866,892064568,15768744,4096
1625724866,892064568,15768752,4096
1625724866,892064568,15768760,4096
1625724866,892064568,15768768,4096
1625724866,892177285,15768776,4096
1625724866,892177285,15768784,4096
1625724866,892177285,15768792,4096
1625724866,892177285,15768800,4096
1625724866,892177285,15768808,4096
1625724866,892177285,15768816,4096
1625724866,892177285,15768824,4096
1625724866,892177285,15768832,4096
1625724866,892178359,15768840,4096
1625724866,892178359,15768848,4096
1625724866,892178359,15768856,4096
1625724866,892178359,15768864,4096
1625724866,892178359,15768872,4096
1625724866,892178359,15768880,4096
1625724866,892178359,15768888,4096
1625724866,892178359,15768896,4096
1625724866,896155676,15768904,4096
1625724866,896155676,15768912,4096
1625724866,896155676,15768920,4096
1625724866,896156750,15768928,4096
1625724866,896156750,15768936,4096
1625724866,896156750,15768944,4096
1625724866,896156750,15768952,4096
1625724866,896156750,15768960,4096
1625724866,896156750,15768968,4096
1625724866,896156750,15768976,4096
1625724866,896156750,15768984,4096
1625724866,896157823,15768992,4096
1625724866,896157823,15769000,4096
1625724866,896157823,15769008,4096
1625724866,896157823,15769016,4096
1625724866,896157823,15769024,4096
1625724866,896269467,15769032,4096
1625724866,896269467,15769040,4096
1625724866,896269467,15769048,4096
1625724866,896269467,15769056,4096
1625724866,896270541,15769064,4096
1625724866,896270541,15769072,4096
1625724866,896270541,15769080,4096
1625724866,896270541,15769088,4096
1625724866,896270541,15769096,4096
1625724866,896270541,15769104,4096
1625724866,896270541,15769112,4096
1625724866,896270541,15769120,4096
1625724866,896270541,15769128,4096
1625724866,896271614,15769136,4096
1625724866,896271614,15769144,4096
1625724866,896271614,15769152,4096
1625724866,900210286,15769160,4096
1625724866,900210286,15769168,4096
1625724866,900210286,15769176,4096
1625724866,900211359,15769184,4096
1625724866,900211359,15769192,4096
1625724866,900211359,15769200,4096
1625724866,900211359,15769208,4096
1625724866,900211359,15769216,4096
1625724866,900211359,15769224,4096
1625724866,900211359,15769232,4096
1625724866,900211359,15769240,4096
1625724866,900212433,15769248,4096
1625724866,900212433,15769256,4096
1625724866,900212433,15769264,4096
1625724866,900212433,15769272,4096
1625724866,900212433,15769280,4096
1625724866,900335885,15769288,4096
1625724866,900335885,15769296,4096
1625724866,900335885,15769304,4096
1625724866,900336959,15769312,4096
1625724866,900336959,15769320,4096
1625724866,900336959,15769328,4096
1625724866,900336959,15769336,4096
1625724866,900336959,15769344,4096
1625724866,900336959,15769352,4096
1625724866,900336959,15769360,4096
1625724866,900336959,15769368,4096
1625724866,900336959,15769376,4096
1625724866,900338032,15769384,4096
1625724866,900338032,15769392,4096
1625724866,900338032,15769400,4096
1625724866,900338032,15769408,4096
1625724866,905035668,15769416,4096
1625724866,905035668,15769424,4096
1625724866,905035668,15769432,4096
1625724866,905036742,15769440,4096
1625724866,905036742,15769448,4096
1625724866,905036742,15769456,4096
1625724866,905036742,15769464,4096
1625724866,905036742,15769472,4096
1625724866,905036742,15769480,4096
1625724866,905036742,15769488,4096
1625724866,905036742,15769496,4096
1625724866,905037815,15769504,4096
1625724866,905037815,15769512,4096
1625724866,905037815,15769520,4096
1625724866,905037815,15769528,4096
1625724866,905037815,15769536,4096
1625724866,905164488,15769544,4096
1625724866,905164488,15769552,4096
1625724866,905164488,15769560,4096
1625724866,905164488,15769568,4096
1625724866,905164488,15769576,4096
1625724866,905165562,15769584,4096
1625724866,905165562,15769592,4096
1625724866,905165562,15769600,4096
1625724866,905165562,15769608,4096
1625724866,905165562,15769616,4096
1625724866,905165562,15769624,4096
1625724866,905165562,15769632,4096
1625724866,905165562,15769640,4096
1625724866,905166635,15769648,4096
1625724866,905166635,15769656,4096
1625724866,905166635,15769664,4096
1625724866,909865345,15769672,4096
1625724866,909866418,15769680,4096
1625724866,909866418,15769688,4096
1625724866,909866418,15769696,4096
1625724866,909866418,15769704,4096
1625724866,909866418,15769712,4096
1625724866,909866418,15769720,4096
1625724866,909866418,15769728,4096
1625724866,909866418,15769736,4096
1625724866,909867492,15769744,4096
1625724866,909867492,15769752,4096
1625724866,909867492,15769760,4096
1625724866,909867492,15769768,4096
1625724866,909867492,15769776,4096
1625724866,909867492,15769784,4096
1625724866,909867492,15769792,4096
1625724866,909992018,15769800,4096
1625724866,909992018,15769808,4096
1625724866,909992018,15769816,4096
1625724866,909992018,15769824,4096
1625724866,909992018,15769832,4096
1625724866,909993091,15769840,4096
1625724866,909993091,15769848,4096
1625724866,909993091,15769856,4096
1625724866,909993091,15769864,4096
1625724866,909993091,15769872,4096
1625724866,909993091,15769880,4096
1625724866,909993091,15769888,4096
1625724866,909993091,15769896,4096
1625724866,909993091,15769904,4096
1625724866,909994165,15769912,4096
1625724866,909994165,15769920,4096
1625724866,914724006,15769928,4096
1625724866,914724006,15769936,4096
1625724866,914725079,15769944,4096
1625724866,914725079,15769952,4096
1625724866,914725079,15769960,4096
1625724866,914725079,15769968,4096
1625724866,914725079,15769976,4096
1625724866,914725079,15769984,4096
1625724866,914725079,15769992,4096
1625724866,914725079,15770000,4096
1625724866,914725079,15770008,4096
1625724866,914726153,15770016,4096
1625724866,914726153,15770024,4096
1625724866,914726153,15770032,4096
1625724866,914726153,15770040,4096
1625724866,914726153,15770048,4096
1625724866,914848532,15770056,4096
1625724866,914849605,15770064,4096
1625724866,914849605,15770072,4096
1625724866,914849605,15770080,4096
1625724866,914849605,15770088,4096
1625724866,914849605,15770096,4096
1625724866,914849605,15770104,4096
1625724866,914849605,15770112,4096
1625724866,914849605,15770120,4096
1625724866,914849605,15770128,4096
1625724866,914850679,15770136,4096
1625724866,914850679,15770144,4096
1625724866,914850679,15770152,4096
1625724866,914850679,15770160,4096
1625724866,914850679,15770168,4096
1625724866,914850679,15770176,4096
1625724866,920094726,15770184,4096
1625724866,920095800,15770192,4096
1625724866,920095800,15770200,4096
1625724866,920095800,15770208,4096
1625724866,920095800,15770216,4096
1625724866,920095800,15770224,4096
1625724866,920095800,15770232,4096
1625724866,920096873,15770240,4096
1625724866,920096873,15770248,4096
1625724866,920096873,15770256,4096
1625724866,920096873,15770264,4096
1625724866,920096873,15770272,4096
1625724866,920096873,15770280,4096
1625724866,920096873,15770288,4096
1625724866,920096873,15770296,4096
1625724866,920097947,15770304,4096
1625724866,920213885,15770312,4096
1625724866,920213885,15770320,4096
1625724866,920213885,15770328,4096
1625724866,920214958,15770336,4096
1625724866,920214958,15770344,4096
1625724866,920214958,15770352,4096
1625724866,920214958,15770360,4096
1625724866,920214958,15770368,4096
1625724866,920214958,15770376,4096
1625724866,920214958,15770384,4096
1625724866,920214958,15770392,4096
1625724866,920216032,15770400,4096
1625724866,920216032,15770408,4096
1625724866,920216032,15770416,4096
1625724866,920216032,15770424,4096
1625724866,920216032,15770432,4096
1625724866,924050574,15770440,4096
1625724866,924050574,15770448,4096
1625724866,924050574,15770456,4096
1625724866,924050574,15770464,4096
1625724866,924051647,15770472,4096
1625724866,924051647,15770480,4096
1625724866,924051647,15770488,4096
1625724866,924051647,15770496,4096
1625724866,924051647,15770504,4096
1625724866,924051647,15770512,4096
1625724866,924051647,15770520,4096
1625724866,924051647,15770528,4096
1625724866,924051647,15770536,4096
1625724866,924052721,15770544,4096
1625724866,924052721,15770552,4096
1625724866,924052721,15770560,4096
1625724866,924164365,15770568,4096
1625724866,924164365,15770576,4096
1625724866,924164365,15770584,4096
1625724866,924164365,15770592,4096
1625724866,924164365,15770600,4096
1625724866,924164365,15770608,4096
1625724866,924165438,15770616,4096
1625724866,924165438,15770624,4096
1625724866,924165438,15770632,4096
1625724866,924165438,15770640,4096
1625724866,924165438,15770648,4096
1625724866,924165438,15770656,4096
1625724866,924165438,15770664,4096
1625724866,924165438,15770672,4096
1625724866,924166512,15770680,4096
1625724866,924166512,15770688,4096
1625724866,928191063,15770696,4096
1625724866,928191063,15770704,4096
1625724866,928191063,15770712,4096
1625724866,928191063,15770720,4096
1625724866,928191063,15770728,4096
1625724866,928191063,15770736,4096
1625724866,928191063,15770744,4096
1625724866,928192137,15770752,4096
1625724866,928192137,15770760,4096
1625724866,928192137,15770768,4096
1625724866,928192137,15770776,4096
1625724866,928192137,15770784,4096
1625724866,928192137,15770792,4096
1625724866,928192137,15770800,4096
1625724866,928192137,15770808,4096
1625724866,928192137,15770816,4096
1625724866,928307001,15770824,4096
1625724866,928307001,15770832,4096
1625724866,928307001,15770840,4096
1625724866,928307001,15770848,4096
1625724866,928307001,15770856,4096
1625724866,928307001,15770864,4096
1625724866,928307001,15770872,4096
1625724866,928307001,15770880,4096
1625724866,928308075,15770888,4096
1625724866,928308075,15770896,4096
1625724866,928308075,15770904,4096
1625724866,928308075,15770912,4096
1625724866,928308075,15770920,4096
1625724866,928308075,15770928,4096
1625724866,928308075,15770936,4096
1625724866,928308075,15770944,4096
1625724866,932303642,15770952,4096
1625724866,932304715,15770960,4096
1625724866,932304715,15770968,4096
1625724866,932304715,15770976,4096
1625724866,932304715,15770984,4096
1625724866,932304715,15770992,4096
1625724866,932304715,15771000,4096
1625724866,932304715,15771008,4096
1625724866,932304715,15771016,4096
1625724866,932304715,15771024,4096
1625724866,932305789,15771032,4096
1625724866,932305789,15771040,4096
1625724866,932305789,15771048,4096
1625724866,932305789,15771056,4096
1625724866,932305789,15771064,4096
1625724866,932305789,15771072,4096
1625724866,932417433,15771080,4096
1625724866,932418506,15771088,4096
1625724866,932418506,15771096,4096
1625724866,932418506,15771104,4096
1625724866,932418506,15771112,4096
1625724866,932418506,15771120,4096
1625724866,932418506,15771128,4096
1625724866,932418506,15771136,4096
1625724866,932418506,15771144,4096
1625724866,932418506,15771152,4096
1625724866,932419580,15771160,4096
1625724866,932419580,15771168,4096
1625724866,932419580,15771176,4096
1625724866,932419580,15771184,4096
1625724866,932419580,15771192,4096
1625724866,932419580,15771200,4096
1625724866,936144625,15771208,4096
1625724866,936145698,15771216,4096
1625724866,936145698,15771224,4096
1625724866,936145698,15771232,4096
1625724866,936145698,15771240,4096
1625724866,936145698,15771248,4096
1625724866,936145698,15771256,4096
1625724866,936145698,15771264,4096
1625724866,936146772,15771272,4096
1625724866,936146772,15771280,4096
1625724866,936146772,15771288,4096
1625724866,936146772,15771296,4096
1625724866,936146772,15771304,4096
1625724866,936146772,15771312,4096
1625724866,936146772,15771320,4096
1625724866,936146772,15771328,4096
1625724866,936258416,15771336,4096
1625724866,936258416,15771344,4096
1625724866,936258416,15771352,4096
1625724866,936258416,15771360,4096
1625724866,936258416,15771368,4096
1625724866,936258416,15771376,4096
1625724866,936259489,15771384,4096
1625724866,936259489,15771392,4096
1625724866,936259489,15771400,4096
1625724866,936259489,15771408,4096
1625724866,936259489,15771416,4096
1625724866,936259489,15771424,4096
1625724866,936259489,15771432,4096
1625724866,936259489,15771440,4096
1625724866,936259489,15771448,4096
1625724866,936260563,15771456,4096
1625724866,939971652,15771464,4096
1625724866,939971652,15771472,4096
1625724866,939971652,15771480,4096
1625724866,939971652,15771488,4096
1625724866,939971652,15771496,4096
1625724866,939971652,15771504,4096
1625724866,939971652,15771512,4096
1625724866,939971652,15771520,4096
1625724866,939971652,15771528,4096
1625724866,939972726,15771536,4096
1625724866,939972726,15771544,4096
1625724866,939972726,15771552,4096
1625724866,939972726,15771560,4096
1625724866,939972726,15771568,4096
1625724866,939972726,15771576,4096
1625724866,939972726,15771584,4096
1625724866,940084370,15771592,4096
1625724866,940084370,15771600,4096
1625724866,940084370,15771608,4096
1625724866,940084370,15771616,4096
1625724866,940085443,15771624,4096
1625724866,940085443,15771632,4096
1625724866,940085443,15771640,4096
1625724866,940085443,15771648,4096
1625724866,940085443,15771656,4096
1625724866,940085443,15771664,4096
1625724866,940085443,15771672,4096
1625724866,940085443,15771680,4096
1625724866,940085443,15771688,4096
1625724866,940085443,15771696,4096
1625724866,940086517,15771704,4096
1625724866,940086517,15771712,4096
1625724866,944002645,15771720,4096
1625724866,944003718,15771728,4096
1625724866,944003718,15771736,4096
1625724866,944003718,15771744,4096
1625724866,944003718,15771752,4096
1625724866,944003718,15771760,4096
1625724866,944003718,15771768,4096
1625724866,944003718,15771776,4096
1625724866,944003718,15771784,4096
1625724866,944003718,15771792,4096
1625724866,944004792,15771800,4096
1625724866,944004792,15771808,4096
1625724866,944004792,15771816,4096
1625724866,944004792,15771824,4096
1625724866,944004792,15771832,4096
1625724866,944004792,15771840,4096
1625724866,944117509,15771848,4096
1625724866,944117509,15771856,4096
1625724866,944117509,15771864,4096
1625724866,944118583,15771872,4096
1625724866,944118583,15771880,4096
1625724866,944118583,15771888,4096
1625724866,944118583,15771896,4096
1625724866,944118583,15771904,4096
1625724866,944118583,15771912,4096
1625724866,944118583,15771920,4096
1625724866,944118583,15771928,4096
1625724866,944118583,15771936,4096
1625724866,944118583,15771944,4096
1625724866,944119656,15771952,4096
1625724866,944119656,15771960,4096
1625724866,944119656,15771968,4096
1625724866,948055107,15771976,4096
1625724866,948055107,15771984,4096
1625724866,948055107,15771992,4096
1625724866,948056181,15772000,4096
1625724866,948056181,15772008,4096
1625724866,948056181,15772016,4096
1625724866,948056181,15772024,4096
1625724866,948056181,15772032,4096
1625724866,948056181,15772040,4096
1625724866,948056181,15772048,4096
1625724866,948056181,15772056,4096
1625724866,948056181,15772064,4096
1625724866,948057254,15772072,4096
1625724866,948057254,15772080,4096
1625724866,948057254,15772088,4096
1625724866,948057254,15772096,4096
1625724866,948168898,15772104,4096
1625724866,948168898,15772112,4096
1625724866,948168898,15772120,4096
1625724866,948168898,15772128,4096
1625724866,948168898,15772136,4096
1625724866,948168898,15772144,4096
1625724866,948168898,15772152,4096
1625724866,948169972,15772160,4096
1625724866,948169972,15772168,4096
1625724866,948169972,15772176,4096
1625724866,948169972,15772184,4096
1625724866,948169972,15772192,4096
1625724866,948169972,15772200,4096
1625724866,948169972,15772208,4096
1625724866,948169972,15772216,4096
1625724866,948169972,15772224,4096
1625724866,952571322,15772232,4096
1625724866,952571322,15772240,4096
1625724866,952572395,15772248,4096
1625724866,952572395,15772256,4096
1625724866,952572395,15772264,4096
1625724866,952572395,15772272,4096
1625724866,952572395,15772280,4096
1625724866,952572395,15772288,4096
1625724866,952572395,15772296,4096
1625724866,952572395,15772304,4096
1625724866,952573469,15772312,4096
1625724866,952573469,15772320,4096
1625724866,952573469,15772328,4096
1625724866,952573469,15772336,4096
1625724866,952573469,15772344,4096
1625724866,952573469,15772352,4096
1625724866,952692627,15772360,4096
1625724866,952692627,15772368,4096
1625724866,952692627,15772376,4096
1625724866,952692627,15772384,4096
1625724866,952692627,15772392,4096
1625724866,952693701,15772400,4096
1625724866,952693701,15772408,4096
1625724866,952693701,15772416,4096
1625724866,952693701,15772424,4096
1625724866,952693701,15772432,4096
1625724866,952693701,15772440,4096
1625724866,952693701,15772448,4096
1625724866,952693701,15772456,4096
1625724866,952694774,15772464,4096
1625724866,952694774,15772472,4096
1625724866,952694774,15772480,4096
1625724866,956482082,15772488,4096
1625724866,956482082,15772496,4096
1625724866,956482082,15772504,4096
1625724866,956482082,15772512,4096
1625724866,956483156,15772520,4096
1625724866,956483156,15772528,4096
1625724866,956483156,15772536,4096
1625724866,956483156,15772544,4096
1625724866,956483156,15772552,4096
1625724866,956483156,15772560,4096
1625724866,956483156,15772568,4096
1625724866,956483156,15772576,4096
1625724866,956484229,15772584,4096
1625724866,956484229,15772592,4096
1625724866,956484229,15772600,2048
1625724866,956584065,15772604,4096
1625724866,956584065,15772612,4096
1625724866,956584065,15772620,4096
1625724866,956584065,15772628,4096
1625724866,956584065,15772636,4096
1625724866,956584065,15772644,4096
1625724866,956585138,15772652,4096
1625724866,956585138,15772660,4096
1625724866,956585138,15772668,4096
1625724866,956585138,15772676,4096
1625724866,956585138,15772684,4096
1625724866,956585138,15772692,4096
1625724866,956585138,15772700,4096
1625724866,956585138,15772708,4096
1625724866,956586212,15772716,1536
1625724867,279396361,61409856,4096
1625724867,279396361,61409864,4096
1625724867,279396361,61409872,4096
1625724867,279396361,61409880,4096
1625724867,279396361,61409888,4096
1625724867,279396361,61409896,4096
1625724867,279396361,61409904,4096
1625724867,279397435,61409912,4096
1625724867,279397435,61409920,4096
1625724867,279397435,61409928,4096
1625724867,279397435,61409936,4096
1625724867,279397435,61409944,4096
1625724867,288073462,10552576,4096
1625724867,288073462,10552584,4096
1625724867,288073462,10552592,4096
1625724867,288073462,10552600,4096
1625724867,288073462,10552608,4096
1625724867,288073462,10552616,4096
1625724867,288074535,10552624,4096
1625724867,288074535,10552632,4096
1625724867,288074535,10552640,4096
1625724867,288074535,10552648,4096
1625724867,288074535,10552656,4096
1625724867,288074535,10552664,4096
1625724867,288074535,10552672,4096
1625724867,288074535,10552680,4096
1625724867,288075609,10552688,4096
1625724867,288075609,10552696,4096
1625724867,288178665,10552704,4096
1625724867,288178665,10552712,4096
1625724867,288178665,10552720,4096
1625724867,288178665,10552728,4096
1625724867,288178665,10552736,4096
1625724867,288178665,10552744,4096
1625724867,288178665,10552752,4096
1625724867,288179738,10552760,4096
1625724867,288179738,10552768,4096
1625724867,288179738,10552776,4096
1625724867,288179738,10552784,4096
1625724867,288179738,10552792,4096
1625724867,288179738,10552800,4096
1625724867,288179738,10552808,4096
1625724867,288179738,10552816,4096
1625724867,288180812,10552824,4096
1625724867,288477098,68857504,4096
1625724867,288477098,68857512,4096
1625724867,288477098,68857520,4096
1625724867,288477098,68857528,4096
1625724867,288477098,68857536,4096
1625724867,288477098,68857544,4096
1625724867,288478171,68857552,4096
1625724867,288478171,68857560,4096
1625724867,288478171,68857568,4096
1625724867,288478171,68857576,4096
1625724867,288478171,68857584,4096
1625724867,288478171,68857592,4096
1625724867,288478171,68857600,4096
1625724867,288478171,68857608,4096
1625724867,288593036,68857616,4096
1625724867,288593036,68857624,4096
1625724867,288593036,68857632,4096
1625724867,288593036,68857640,4096
1625724867,288593036,68857648,4096
1625724867,288593036,68857656,4096
1625724867,288593036,68857664,4096
1625724867,288594109,68857672,4096
1625724867,288594109,68857680,4096
1625724867,288594109,68857688,4096
1625724867,288594109,68857696,4096
1625724867,288594109,68857704,4096
1625724867,288594109,68857712,4096
1625724867,288594109,68857720,4096
1625724867,288684283,68857312,4096
1625724867,288685357,68857320,4096
1625724867,288685357,68857328,4096
1625724867,288685357,68857336,4096
1625724867,288808809,68874368,4096
1625724867,288808809,68874376,4096
1625724867,288808809,68874384,4096
1625724867,288808809,68874392,4096
1625724867,288808809,68874400,4096
1625724867,288808809,68874408,4096
1625724867,288808809,68874416,4096
1625724867,288808809,68874424,4096
1625724867,288808809,68874432,4096
1625724867,288809883,68874440,4096
1625724867,288809883,68874448,4096
1625724867,288809883,68874456,4096
1625724867,288809883,68874464,4096
1625724867,288809883,68874472,4096
1625724867,288861411,68868736,4096
1625724867,288862484,68868744,4096
1625724867,288862484,68868752,4096
1625724867,288862484,68868760,4096
1625724867,288862484,68868768,4096
1625724867,288862484,68868776,4096
1625724867,288862484,68868784,4096
1625724867,288862484,68868792,4096
1625724867,288976275,68874480,4096
1625724867,288976275,68874488,4096
1625724867,288976275,68874496,4096
1625724867,288976275,68874504,4096
1625724867,288977349,68874512,4096
1625724867,288977349,68874520,4096
1625724867,288977349,68874528,4096
1625724867,288977349,68874536,4096
1625724867,288977349,68874544,4096
1625724867,288977349,68874552,4096
1625724867,288977349,68874560,4096
1625724867,288977349,68874568,4096
1625724867,288977349,68874576,4096
1625724867,288978422,68874584,4096
1625724867,299636130,28248608,4096
1625724867,299636130,28248616,4096
1625724867,299636130,28248624,4096
1625724867,299637204,28248632,4096
1625724867,299637204,28248640,4096
1625724867,299637204,28248648,4096
1625724867,299637204,28248656,4096
1625724867,299637204,28248664,4096
1625724867,299637204,28248672,4096
1625724867,299637204,28248680,4096
1625724867,299637204,28248688,4096
1625724867,299638277,28248696,4096
1625724867,299638277,28248704,4096
1625724867,299638277,28248712,4096
1625724867,299767097,28248720,4096
1625724867,299767097,28248728,4096
1625724867,299767097,28248736,4096
1625724867,299767097,28248744,4096
1625724867,299767097,28248752,4096
1625724867,299767097,28248760,4096
1625724867,299767097,28248768,4096
1625724867,299768171,28248776,4096
1625724867,299768171,28248784,4096
1625724867,299768171,28248792,4096
1625724867,299768171,28248800,4096
1625724867,299768171,28248808,4096
1625724867,299768171,28248816,4096
1625724867,299768171,28248824,4096
1625724867,300129940,66836064,4096
1625724867,300129940,66836072,4096
1625724867,300129940,66836080,4096
1625724867,300131014,66836088,4096
1625724867,300131014,66836096,4096
1625724867,300131014,66836104,4096
1625724867,300131014,66836112,4096
1625724867,300131014,66836120,4096
1625724867,300131014,66836128,4096
1625724867,300131014,66836136,4096
1625724867,300131014,66836144,4096
1625724867,300131014,66836152,4096
1625724867,300132087,66836160,4096
1625724867,300132087,66836168,4096
1625724867,300232996,66836176,4096
1625724867,300232996,66836184,4096
1625724867,300232996,66836192,4096
1625724867,300232996,66836200,4096
1625724867,300234070,66836208,4096
1625724867,300234070,66836216,4096
1625724867,300234070,66836224,4096
1625724867,300234070,66836232,4096
1625724867,300234070,66836240,4096
1625724867,300234070,66836248,4096
1625724867,300234070,66836256,4096
1625724867,300234070,66836264,4096
1625724867,300234070,66836272,4096
1625724867,300235143,66836280,4096
1625724867,301100384,67206912,4096
1625724867,301100384,67206920,4096
1625724867,301100384,67206928,4096
1625724867,301100384,67206936,4096
1625724867,301100384,67206944,4096
1625724867,301100384,67206952,4096
1625724867,301101458,67206960,4096
1625724867,301101458,67206968,4096
1625724867,308304643,68855136,4096
1625724867,308304643,68855144,4096
1625724867,308304643,68855152,4096
1625724867,308305716,68855160,4096
1625724867,469937244,6808680,4096
1625724868,1043896614,48935848,4096
1625724868,1044558964,5520856,3072
1625724868,968501489,1055040,4096
1625724868,968502562,1055048,512
1625724869,144880871,48935856,4096
1625724869,145626953,2787480,4096
1625724869,145626953,2787488,4096
1625724869,145626953,2787496,4096
1625724869,145626953,2787504,4096
1625724869,146185173,2787512,4096
1625724869,146186247,2787520,3072
1625724869,274918220,68808384,4096
1625724869,274919293,68808392,4096
1625724869,274919293,68808400,4096
1625724869,274919293,68808408,4096
1625724869,275562320,67327616,4096
1625724869,275562320,67327624,4096
1625724869,275562320,67327632,4096
1625724869,275562320,67327640,4096
1625724869,275563393,67327648,4096
1625724869,275563393,67327656,4096
1625724869,275563393,67327664,4096
1625724869,275563393,67327672,4096
1625724869,275563393,67327680,4096
1625724869,275563393,67327688,4096
1625724869,275563393,67327696,4096
1625724869,275564467,67327704,4096
1625724869,275564467,67327712,4096
1625724869,275564467,67327720,4096
1625724869,275564467,67327728,4096
1625724869,275564467,67327736,4096
1625724869,275929457,67327744,4096
1625724869,275929457,67327752,4096
1625724869,275929457,67327760,4096
1625724869,275929457,67327768,4096
1625724869,275930530,67327776,4096
1625724869,275930530,67327784,4096
1625724869,275930530,67327792,4096
1625724869,275930530,67327800,4096
1625724869,275930530,67327808,4096
1625724869,275930530,67327816,4096
1625724869,275930530,67327824,4096
1625724869,275930530,67327832,4096
1625724869,275930530,67327840,4096
1625724869,275931604,67327848,4096
1625724869,275931604,67327856,4096
1625724869,275931604,67327864,4096
1625724869,276766787,68735392,4096
1625724869,276766787,68735400,4096
1625724869,276766787,68735408,4096
1625724869,276766787,68735416,4096
1625724869,276766787,68735424,4096
1625724869,276766787,68735432,4096
1625724869,276766787,68735440,4096
1625724869,276767860,68735448,4096
1625724869,277286361,67380192,4096
1625724869,277286361,67380200,4096
1625724869,277286361,67380208,4096
1625724869,277286361,67380216,4096
1625724869,277287434,67380224,4096
1625724869,277287434,67380232,4096
1625724869,277287434,67380240,4096
1625724869,277287434,67380248,4096
1625724869,277287434,67380256,4096
1625724869,277287434,67380264,4096
1625724869,277287434,67380272,4096
1625724869,277287434,67380280,4096
1625724869,277287434,67380288,4096
1625724869,277288508,67380296,4096
1625724869,278110809,67380304,4096
1625724869,278110809,67380312,4096
1625724869,278110809,67380320,4096
1625724869,278110809,67380328,4096
1625724869,278110809,67380336,4096
1625724869,278110809,67380344,4096
1625724869,278110809,67380352,4096
1625724869,278110809,67380360,4096
1625724869,278110809,67380368,4096
1625724869,278111882,67380376,4096
1625724869,278111882,67380384,4096
1625724869,278111882,67380392,4096
1625724869,278111882,67380400,4096
1625724869,278111882,67380408,4096
1625724869,280989936,49264768,4096
1625724869,280989936,49264776,4096
1625724869,280989936,49264784,4096
1625724869,280989936,49264792,4096
1625724869,280989936,49264800,4096
1625724869,280989936,49264808,4096
1625724869,280989936,49264816,4096
1625724869,280991009,49264824,4096
1625724869,280991009,49264832,4096
1625724869,280991009,49264840,4096
1625724869,280991009,49264848,4096
1625724869,280991009,49264856,4096
1625724869,280991009,49264864,4096
1625724869,280991009,49264872,4096
1625724869,281711328,49264880,4096
1625724869,281711328,49264888,4096
1625724869,281712401,49264896,4096
1625724869,281712401,49264904,4096
1625724869,281712401,49264912,4096
1625724869,281712401,49264920,4096
1625724869,281712401,49264928,4096
1625724869,281712401,49264936,4096
1625724869,281712401,49264944,4096
1625724869,281712401,49264952,4096
1625724869,281713475,49264960,4096
1625724869,281713475,49264968,4096
1625724869,281713475,49264976,4096
1625724869,281713475,49264984,4096
1625724869,289753990,68801088,4096
1625724869,289755063,68801096,4096
1625724869,289755063,68801104,4096
1625724869,289755063,68801112,4096
1625724869,289755063,68801120,4096
1625724869,289755063,68801128,4096
1625724869,289755063,68801136,4096
1625724869,289755063,68801144,4096
1625724869,289756137,68801152,4096
1625724869,289756137,68801160,4096
1625724869,289756137,68801168,4096
1625724869,289756137,68801176,4096
1625724869,289756137,68801184,4096
1625724869,289756137,68801192,4096
1625724869,289947220,68801200,4096
1625724869,289947220,68801208,4096
1625724869,289947220,68801216,4096
1625724869,289947220,68801224,4096
1625724869,289947220,68801232,4096
1625724869,289948293,68801240,4096
1625724869,289948293,68801248,4096
1625724869,289948293,68801256,4096
1625724869,289948293,68801264,4096
1625724869,289948293,68801272,4096
1625724869,289948293,68801280,4096
1625724869,289948293,68801288,4096
1625724869,289948293,68801296,4096
1625724869,289948293,68801304,4096
1625724869,290217742,68873072,4096
1625724869,290217742,68873080,4096
1625724869,290217742,68873088,4096
1625724869,290217742,68873096,4096
1625724869,290217742,68873104,4096
1625724869,290218815,68873112,4096
1625724869,290218815,68873120,4096
1625724869,290218815,68873128,4096
1625724869,290218815,68873136,4096
1625724869,290218815,68873144,4096
1625724869,290218815,68873152,4096
1625724869,290218815,68873160,4096
1625724869,290218815,68873168,4096
1625724869,290218815,68873176,4096
1625724869,290325092,68803392,4096
1625724869,290325092,68803400,4096
1625724869,290325092,68803408,4096
1625724869,290325092,68803416,4096
1625724869,290326165,68803424,4096
1625724869,290326165,68803432,4096
1625724869,290326165,68803440,4096
1625724869,290326165,68803448,4096
1625724869,290546233,68872960,4096
1625724869,290547306,68872968,4096
1625724869,290547306,68872976,4096
1625724869,290547306,68872984,4096
1625724869,290547306,68872992,4096
1625724869,290547306,68873000,4096
1625724869,290547306,68873008,4096
1625724869,290548380,68873016,4096
1625724869,290548380,68873024,4096
1625724869,290548380,68873032,4096
1625724869,290548380,68873040,4096
1625724869,290548380,68873048,4096
1625724869,290548380,68873056,4096
1625724869,290548380,68873064,4096
1625724869,291212876,68874880,4096
1625724869,291212876,68874888,4096
1625724869,291213950,68874896,4096
1625724869,291213950,68874904,4096
1625724869,291425429,68873376,4096
1625724869,291425429,68873384,4096
1625724869,291425429,68873392,4096
1625724869,291425429,68873400,4096
1625724869,291425429,68873408,4096
1625724869,291425429,68873416,4096
1625724869,291425429,68873424,4096
1625724869,291426503,68873432,4096
1625724869,291426503,68873440,4096
1625724869,291426503,68873448,4096
1625724869,291426503,68873456,4096
1625724869,291426503,68873464,4096
1625724869,291426503,68873472,4096
1625724869,291426503,68873480,4096
1625724869,291543514,68873488,4096
1625724869,291544588,68873496,4096
1625724869,291544588,68873504,4096
1625724869,291544588,68873512,4096
1625724869,291544588,68873520,4096
1625724869,291544588,68873528,4096
1625724869,291544588,68873536,4096
1625724869,291544588,68873544,4096
1625724869,291544588,68873552,4096
1625724869,291544588,68873560,4096
1625724869,291545661,68873568,4096
1625724869,291545661,68873576,4096
1625724869,291545661,68873584,4096
1625724869,291545661,68873592,4096
1625724869,292045912,69130208,4096
1625724869,292045912,69130216,4096
1625724869,292045912,69130224,4096
1625724869,292045912,69130232,4096
1625724869,292046986,69130240,4096
1625724869,292046986,69130248,4096
1625724869,292046986,69130256,4096
1625724869,292046986,69130264,4096
1625724869,293715205,6808864,4096
1625724869,298930268,48524352,4096
1625724869,298930268,48524360,4096
1625724869,298931341,48524368,4096
1625724869,298931341,48524376,4096
1625724869,298931341,48524384,4096
1625724869,298931341,48524392,4096
1625724869,298931341,48524400,4096
1625724869,298931341,48524408,4096
1625724869,298931341,48524416,4096
1625724869,298931341,48524424,4096
1625724869,298931341,48524432,4096
1625724869,298932415,48524440,4096
1625724869,299027956,62004064,4096
1625724869,299027956,62004072,4096
1625724869,299027956,62004080,4096
1625724869,299027956,62004088,4096
1625724869,299027956,62004096,4096
1625724869,299027956,62004104,4096
1625724869,299027956,62004112,4096
1625724869,299027956,62004120,4096
1625724869,299029030,62004128,4096
1625724869,299029030,62004136,4096
1625724869,299029030,62004144,4096
1625724869,299029030,62004152,4096
1625724869,327777360,1060152,4096
1625724869,327777360,1060160,1024
1625724869,405565317,1075008,4096
1625724869,405565317,1075016,1024
1625724869,42993912,6808784,4096
1625724869,509857989,12991184,4096
1625724869,509857989,12991192,4096
1625724869,509857989,12991200,4096
1625724869,509857989,12991208,4096
1625724869,510786566,12991216,4096
1625724869,510787640,12991224,4096
1625724869,510787640,12991232,4096
1625724869,510787640,12991240,4096
1625724869,510787640,12991248,4096
1625724869,510787640,12991256,4096
1625724869,510787640,12991264,4096
1625724869,510787640,12991272,4096
1625724869,510788713,12991280,4096
1625724869,510788713,12991288,4096
1625724869,510788713,12991296,4096
1625724869,510788713,12991304,4096
1625724869,510788713,12991312,4096
1625724869,510788713,12991320,4096
1625724869,510882108,12991328,4096
1625724869,510883181,12991336,4096
1625724869,510883181,12991344,4096
1625724869,510883181,12991352,4096
1625724869,510883181,12991360,4096
1625724869,510883181,12991368,4096
1625724869,510883181,12991376,4096
1625724869,510883181,12991384,4096
1625724869,510883181,12991392,4096
1625724869,510883181,12991400,4096
1625724869,510884255,12991408,4096
1625724869,510884255,12991416,4096
1625724869,510884255,12991424,4096
1625724869,510884255,12991432,4096
1625724869,511516546,12991440,4096
1625724869,511517620,12991448,4096
1625724869,511517620,12991456,4096
1625724869,511517620,12991464,4096
1625724869,511517620,12991472,4096
1625724869,511517620,12991480,4096
1625724869,511517620,12991488,4096
1625724869,511517620,12991496,4096
1625724869,511518693,12991504,4096
1625724869,511518693,12991512,512
1625724869,52295790,6026848,4096
1625724869,53242617,991264,4096
1625724869,53242617,991272,4096
1625724869,53242617,991280,3072
1625724869,678611115,6808928,4096
1625724869,883606675,48935864,4096
1625724869,884275466,61118744,4096
1625724869,884276539,61118752,4096
1625724869,884276539,61118760,4096
1625724869,884276539,61118768,4096
1625724869,885033357,61118776,4096
1625724869,885033357,61118784,4096
1625724869,885033357,61118792,4096
1625724869,885033357,61118800,4096
1625724869,885033357,61118808,4096
1625724869,885034430,61118816,4096
1625724869,885034430,61118824,4096
1625724869,885034430,61118832,4096
1625724869,885034430,61118840,4096
1625724869,885034430,61118848,4096
1625724869,885034430,61118856,4096
1625724869,885034430,61118864,4096
1625724869,885034430,61118872,4096
1625724869,885035504,61118880,4096
1625724869,885125678,61118888,4096
1625724869,885125678,61118896,4096
1625724869,885125678,61118904,4096
1625724869,885125678,61118912,4096
1625724869,885125678,61118920,4096
1625724869,885125678,61118928,4096
1625724869,885125678,61118936,4096
1625724869,885125678,61118944,4096
1625724869,885125678,61118952,4096
1625724869,885126751,61118960,4096
1625724869,885126751,61118968,4096
1625724869,885126751,61118976,4096
1625724869,885126751,61118984,4096
1625724869,885126751,61118992,4096
1625724869,885720397,61119000,4096
1625724869,885720397,61119008,4096
1625724869,885720397,61119016,4096
1625724869,885720397,61119024,4096
1625724869,885720397,61119032,4096
1625724869,885720397,61119040,4096
1625724869,885721470,61119048,4096
1625724869,885721470,61119056,4096
1625724869,885721470,61119064,4096
1625724869,885721470,61119072,4096
1625724869,885721470,61119080,4096
1625724869,885721470,61119088,4096
1625724869,885721470,61119096,4096
1625724869,885721470,61119104,4096
1625724869,885722544,61119112,4096
1625724869,885722544,61119120,4096
1625724869,886291499,61119128,4096
1625724869,886291499,61119136,4096
1625724869,886292572,61119144,4096
1625724869,886292572,61119152,4096
1625724869,886292572,61119160,4096
1625724869,886292572,61119168,4096
1625724869,886292572,61119176,4096
1625724869,886292572,61119184,4096
1625724869,886292572,61119192,4096
1625724869,886293646,61119200,4096
1625724869,886293646,61119208,4096
1625724869,886293646,61119216,4096
1625724869,886293646,61119224,4096
1625724869,886293646,61119232,4096
1625724869,886293646,61119240,4096
1625724869,886293646,61119248,4096
1625724869,886406363,61119256,4096
1625724869,886407437,61119264,4096
1625724869,886407437,61119272,4096
1625724869,886407437,61119280,4096
1625724869,886407437,61119288,4096
1625724869,886407437,61119296,4096
1625724869,886407437,61119304,4096
1625724869,886407437,61119312,4096
1625724869,886407437,61119320,4096
1625724869,886407437,61119328,4096
1625724869,886408510,61119336,4096
1625724869,886408510,61119344,4096
1625724869,886408510,61119352,4096
1625724869,886408510,61119360,4096
1625724869,886408510,61119368,4096
1625724869,886408510,61119376,4096
1625724869,890045528,61119384,4096
1625724869,890045528,61119392,4096
1625724869,890045528,61119400,4096
1625724869,890045528,61119408,4096
1625724869,890046602,61119416,4096
1625724869,890046602,61119424,4096
1625724869,890046602,61119432,4096
1625724869,890046602,61119440,4096
1625724869,890046602,61119448,4096
1625724869,890046602,61119456,512
1625724869,890162540,61119457,4096
1625724869,890162540,61119465,4096
1625724869,890162540,61119473,4096
1625724869,890162540,61119481,4096
1625724869,890162540,61119489,4096
1625724869,890162540,61119497,4096
1625724869,890163613,61119505,4096
1625724869,890163613,61119513,4096
1625724869,890163613,61119521,4096
1625724869,890163613,61119529,512
1625724870,270278266,1101312,4096
1625724870,270278266,1101320,512
1625724870,359311136,6808968,4096
1625724870,370897421,61636744,4096
1625724870,370898495,61636752,4096
1625724870,370898495,61636760,4096
1625724870,370898495,61636768,4096
1625724870,371712208,61636776,4096
1625724870,371712208,61636784,4096
1625724870,371712208,61636792,4096
1625724870,371712208,61636800,4096
1625724870,371712208,61636808,4096
1625724870,371713281,61636816,4096
1625724870,371713281,61636824,4096
1625724870,371713281,61636832,4096
1625724870,371713281,61636840,4096
1625724870,371713281,61636848,4096
1625724870,371713281,61636856,4096
1625724870,371713281,61636864,4096
1625724870,371713281,61636872,4096
1625724870,371714355,61636880,4096
1625724870,371816337,61636888,4096
1625724870,371816337,61636896,4096
1625724870,371816337,61636904,4096
1625724870,371816337,61636912,4096
1625724870,371816337,61636920,4096
1625724870,371816337,61636928,4096
1625724870,371816337,61636936,4096
1625724870,371817411,61636944,4096
1625724870,371817411,61636952,4096
1625724870,371817411,61636960,4096
1625724870,371817411,61636968,4096
1625724870,371817411,61636976,4096
1625724870,371817411,61636984,4096
1625724870,371817411,61636992,4096
1625724870,372539876,61637000,4096
1625724870,372539876,61637008,4096
1625724870,372539876,61637016,4096
1625724870,372539876,61637024,4096
1625724870,372539876,61637032,4096
1625724870,372540950,61637040,4096
1625724870,372540950,61637048,4096
1625724870,372540950,61637056,4096
1625724870,372540950,61637064,4096
1625724870,372540950,61637072,4096
1625724870,372540950,61637080,4096
1625724870,372540950,61637088,4096
1625724870,372540950,61637096,4096
1625724870,372542023,61637104,4096
1625724870,372542023,61637112,4096
1625724870,372542023,61637120,4096
1625724870,373278444,61637128,4096
1625724870,373278444,61637136,4096
1625724870,373278444,61637144,4096
1625724870,373279518,61637152,4096
1625724870,373279518,61637160,4096
1625724870,373279518,61637168,4096
1625724870,373279518,61637176,4096
1625724870,373279518,61637184,4096
1625724870,373279518,61637192,4096
1625724870,373279518,61637200,4096
1625724870,373279518,61637208,4096
1625724870,373280591,61637216,4096
1625724870,373280591,61637224,4096
1625724870,373280591,61637232,4096
1625724870,373280591,61637240,4096
1625724870,373280591,61637248,4096
1625724870,373404044,61637256,4096
1625724870,373405117,61637264,4096
1625724870,373405117,61637272,4096
1625724870,373405117,61637280,4096
1625724870,373405117,61637288,4096
1625724870,373405117,61637296,4096
1625724870,373405117,61637304,4096
1625724870,373405117,61637312,4096
1625724870,373405117,61637320,4096
1625724870,373405117,61637328,4096
1625724870,373406191,61637336,4096
1625724870,373406191,61637344,4096
1625724870,373406191,61637352,4096
1625724870,373406191,61637360,4096
1625724870,373406191,61637368,4096
1625724870,373406191,61637376,4096
1625724870,377639001,61637384,4096
1625724870,377639001,61637392,4096
1625724870,377639001,61637400,4096
1625724870,377640075,61637408,4096
1625724870,377640075,61637416,4096
1625724870,377640075,61637424,4096
1625724870,377640075,61637432,4096
1625724870,377640075,61637440,4096
1625724870,377640075,61637448,4096
1625724870,377640075,61637456,4096
1625724870,377640075,61637464,4096
1625724870,377641148,61637472,4096
1625724870,377641148,61637480,4096
1625724870,377641148,61637488,4096
1625724870,377641148,61637496,4096
1625724870,377641148,61637504,4096
1625724870,377760307,61637512,4096
1625724870,377760307,61637520,4096
1625724870,377761380,61637528,4096
1625724870,377761380,61637536,4096
1625724870,377761380,61637544,4096
1625724870,377761380,61637552,4096
1625724870,377761380,61637560,4096
1625724870,377761380,61637568,4096
1625724870,377761380,61637576,4096
1625724870,377761380,61637584,4096
1625724870,377762454,61637592,4096
1625724870,377762454,61637600,4096
1625724870,377762454,61637608,4096
1625724870,377762454,61637616,4096
1625724870,377762454,61637624,4096
1625724870,377762454,61637632,4096
1625724870,382063968,61637640,4096
1625724870,382063968,61637648,4096
1625724870,382063968,61637656,4096
1625724870,382063968,61637664,4096
1625724870,382065042,61637672,4096
1625724870,382065042,61637680,4096
1625724870,382065042,61637688,4096
1625724870,382065042,61637696,4096
1625724870,382065042,61637704,4096
1625724870,382065042,61637712,4096
1625724870,382065042,61637720,4096
1625724870,382065042,61637728,4096
1625724870,382065042,61637736,4096
1625724870,382066115,61637744,4096
1625724870,382066115,61637752,4096
1625724870,382066115,61637760,4096
1625724870,382189568,61637768,4096
1625724870,382189568,61637776,4096
1625724870,382190641,61637784,4096
1625724870,382190641,61637792,4096
1625724870,382190641,61637800,4096
1625724870,382190641,61637808,4096
1625724870,382190641,61637816,4096
1625724870,382190641,61637824,4096
1625724870,382190641,61637832,4096
1625724870,382190641,61637840,4096
1625724870,382190641,61637848,4096
1625724870,382191715,61637856,4096
1625724870,382191715,61637864,4096
1625724870,382191715,61637872,4096
1625724870,382191715,61637880,4096
1625724870,382191715,61637888,4096
1625724870,386386953,61637896,4096
1625724870,386386953,61637904,4096
1625724870,386388026,61637912,4096
1625724870,386388026,61637920,4096
1625724870,386388026,61637928,4096
1625724870,386388026,61637936,4096
1625724870,386388026,61637944,4096
1625724870,386388026,61637952,4096
1625724870,386388026,61637960,4096
1625724870,386388026,61637968,4096
1625724870,386388026,61637976,4096
1625724870,386389100,61637984,4096
1625724870,386389100,61637992,4096
1625724870,386389100,61638000,4096
1625724870,386389100,61638008,4096
1625724870,386389100,61638016,4096
1625724870,386512552,61638024,4096
1625724870,386512552,61638032,4096
1625724870,386512552,61638040,4096
1625724870,386512552,61638048,4096
1625724870,386512552,61638056,4096
1625724870,386512552,61638064,4096
1625724870,386513626,61638072,4096
1625724870,386513626,61638080,4096
1625724870,386513626,61638088,4096
1625724870,386513626,61638096,4096
1625724870,386513626,61638104,4096
1625724870,386513626,61638112,4096
1625724870,386513626,61638120,4096
1625724870,386513626,61638128,4096
1625724870,386514699,61638136,4096
1625724870,386514699,61638144,4096
1625724870,390862374,61638152,4096
1625724870,390862374,61638160,4096
1625724870,390862374,61638168,4096
1625724870,390862374,61638176,4096
1625724870,390862374,61638184,4096
1625724870,390862374,61638192,4096
1625724870,390863448,61638200,4096
1625724870,390863448,61638208,4096
1625724870,390863448,61638216,4096
1625724870,390863448,61638224,4096
1625724870,390863448,61638232,4096
1625724870,390863448,61638240,4096
1625724870,390863448,61638248,4096
1625724870,390863448,61638256,4096
1625724870,390863448,61638264,4096
1625724870,390864521,61638272,4096
1625724870,390989047,61638280,4096
1625724870,390989047,61638288,4096
1625724870,390989047,61638296,4096
1625724870,390989047,61638304,4096
1625724870,390990121,61638312,4096
1625724870,390990121,61638320,4096
1625724870,390990121,61638328,4096
1625724870,390990121,61638336,4096
1625724870,390990121,61638344,4096
1625724870,390990121,61638352,4096
1625724870,390990121,61638360,4096
1625724870,390990121,61638368,4096
1625724870,390991194,61638376,4096
1625724870,390991194,61638384,4096
1625724870,390991194,61638392,4096
1625724870,390991194,61638400,4096
1625724870,395212196,61638408,4096
1625724870,395212196,61638416,4096
1625724870,395212196,61638424,4096
1625724870,395212196,61638432,4096
1625724870,395212196,61638440,4096
1625724870,395213270,61638448,4096
1625724870,395213270,61638456,4096
1625724870,395213270,61638464,4096
1625724870,395213270,61638472,4096
1625724870,395213270,61638480,4096
1625724870,395213270,61638488,4096
1625724870,395213270,61638496,4096
1625724870,395213270,61638504,4096
1625724870,395213270,61638512,4096
1625724870,395214343,61638520,4096
1625724870,395214343,61638528,4096
1625724870,395336722,61638536,4096
1625724870,395337796,61638544,4096
1625724870,395337796,61638552,4096
1625724870,395337796,61638560,4096
1625724870,395337796,61638568,4096
1625724870,395337796,61638576,4096
1625724870,395337796,61638584,4096
1625724870,395337796,61638592,4096
1625724870,395337796,61638600,4096
1625724870,395338869,61638608,4096
1625724870,395338869,61638616,4096
1625724870,395338869,61638624,4096
1625724870,395338869,61638632,4096
1625724870,395338869,61638640,4096
1625724870,395338869,61638648,4096
1625724870,395338869,61638656,4096
1625724870,399568459,61638664,4096
1625724870,399568459,61638672,4096
1625724870,399568459,61638680,4096
1625724870,399568459,61638688,4096
1625724870,399568459,61638696,4096
1625724870,399568459,61638704,4096
1625724870,399568459,61638712,4096
1625724870,399568459,61638720,4096
1625724870,399569533,61638728,4096
1625724870,399569533,61638736,4096
1625724870,399569533,61638744,4096
1625724870,399569533,61638752,4096
1625724870,399569533,61638760,4096
1625724870,399569533,61638768,4096
1625724870,399569533,61638776,4096
1625724870,399569533,61638784,4096
1625724870,399692985,61638792,4096
1625724870,399692985,61638800,4096
1625724870,399692985,61638808,4096
1625724870,399692985,61638816,4096
1625724870,399692985,61638824,4096
1625724870,399692985,61638832,4096
1625724870,399692985,61638840,4096
1625724870,399692985,61638848,4096
1625724870,399692985,61638856,4096
1625724870,399694059,61638864,4096
1625724870,399694059,61638872,4096
1625724870,399694059,61638880,4096
1625724870,399694059,61638888,4096
1625724870,399694059,61638896,4096
1625724870,399694059,61638904,4096
1625724870,399694059,61638912,4096
1625724870,403926869,61638920,4096
1625724870,403926869,61638928,4096
1625724870,403926869,61638936,4096
1625724870,403926869,61638944,4096
1625724870,403926869,61638952,4096
1625724870,403926869,61638960,4096
1625724870,403926869,61638968,4096
1625724870,403926869,61638976,4096
1625724870,403927943,61638984,4096
1625724870,403927943,61638992,4096
1625724870,403927943,61639000,4096
1625724870,403927943,61639008,4096
1625724870,403927943,61639016,4096
1625724870,403927943,61639024,4096
1625724870,403927943,61639032,4096
1625724870,403927943,61639040,4096
1625724870,404051395,61639048,4096
1625724870,404051395,61639056,4096
1625724870,404051395,61639064,4096
1625724870,404051395,61639072,4096
1625724870,404051395,61639080,4096
1625724870,404052469,61639088,4096
1625724870,404052469,61639096,4096
1625724870,404052469,61639104,4096
1625724870,404052469,61639112,4096
1625724870,404052469,61639120,4096
1625724870,404052469,61639128,4096
1625724870,404052469,61639136,4096
1625724870,404052469,61639144,4096
1625724870,404052469,61639152,4096
1625724870,404053542,61639160,4096
1625724870,404053542,61639168,4096
1625724870,408700724,61639176,4096
1625724870,408701797,61639184,4096
1625724870,408701797,61639192,4096
1625724870,408701797,61639200,4096
1625724870,408701797,61639208,4096
1625724870,408701797,61639216,4096
1625724870,408701797,61639224,4096
1625724870,408701797,61639232,4096
1625724870,408701797,61639240,4096
1625724870,408702871,61639248,4096
1625724870,408702871,61639256,4096
1625724870,408702871,61639264,4096
1625724870,408702871,61639272,4096
1625724870,408702871,61639280,4096
1625724870,408702871,61639288,4096
1625724870,408702871,61639296,4096
1625724870,408819882,61639304,4096
1625724870,408819882,61639312,4096
1625724870,408819882,61639320,4096
1625724870,408819882,61639328,4096
1625724870,408819882,61639336,4096
1625724870,408820956,61639344,4096
1625724870,408820956,61639352,4096
1625724870,408820956,61639360,4096
1625724870,408820956,61639368,4096
1625724870,408820956,61639376,4096
1625724870,408820956,61639384,4096
1625724870,408820956,61639392,4096
1625724870,408822029,61639400,4096
1625724870,408822029,61639408,4096
1625724870,408822029,61639416,4096
1625724870,408822029,61639424,4096
1625724870,413494975,61639432,4096
1625724870,413494975,61639440,4096
1625724870,413494975,61639448,4096
1625724870,413494975,61639456,4096
1625724870,413494975,61639464,4096
1625724870,413494975,61639472,4096
1625724870,413496048,61639480,4096
1625724870,413496048,61639488,4096
1625724870,413496048,61639496,4096
1625724870,413496048,61639504,4096
1625724870,413496048,61639512,4096
1625724870,413496048,61639520,4096
1625724870,413496048,61639528,4096
1625724870,413496048,61639536,4096
1625724870,413496048,61639544,4096
1625724870,413497122,61639552,4096
1625724870,413620574,61639560,4096
1625724870,413621648,61639568,4096
1625724870,413621648,61639576,4096
1625724870,413621648,61639584,4096
1625724870,413621648,61639592,4096
1625724870,413621648,61639600,4096
1625724870,413621648,61639608,4096
1625724870,413621648,61639616,4096
1625724870,413621648,61639624,4096
1625724870,413621648,61639632,4096
1625724870,413622721,61639640,4096
1625724870,413622721,61639648,4096
1625724870,413622721,61639656,4096
1625724870,413622721,61639664,4096
1625724870,413622721,61639672,4096
1625724870,413622721,61639680,4096
1625724870,418283858,61639688,4096
1625724870,418284932,61639696,4096
1625724870,418284932,61639704,4096
1625724870,418284932,61639712,4096
1625724870,418284932,61639720,4096
1625724870,418284932,61639728,4096
1625724870,418284932,61639736,4096
1625724870,418284932,61639744,4096
1625724870,418284932,61639752,4096
1625724870,418286005,61639760,4096
1625724870,418286005,61639768,4096
1625724870,418286005,61639776,4096
1625724870,418286005,61639784,4096
1625724870,418286005,61639792,4096
1625724870,418286005,61639800,4096
1625724870,418286005,61639808,4096
1625724870,418409458,61639816,4096
1625724870,418409458,61639824,4096
1625724870,418410531,61639832,4096
1625724870,418410531,61639840,4096
1625724870,418410531,61639848,4096
1625724870,418410531,61639856,4096
1625724870,418410531,61639864,4096
1625724870,418410531,61639872,4096
1625724870,418410531,61639880,4096
1625724870,418410531,61639888,4096
1625724870,418410531,61639896,4096
1625724870,418411605,61639904,4096
1625724870,418411605,61639912,4096
1625724870,418411605,61639920,4096
1625724870,418411605,61639928,4096
1625724870,418411605,61639936,4096
1625724870,424035671,61639944,4096
1625724870,424035671,61639952,4096
1625724870,424035671,61639960,4096
1625724870,424036745,61639968,4096
1625724870,424036745,61639976,4096
1625724870,424036745,61639984,4096
1625724870,424036745,61639992,4096
1625724870,424036745,61640000,4096
1625724870,424036745,61640008,4096
1625724870,424036745,61640016,4096
1625724870,424036745,61640024,4096
1625724870,424037818,61640032,4096
1625724870,424037818,61640040,4096
1625724870,424037818,61640048,4096
1625724870,424037818,61640056,4096
1625724870,424037818,61640064,4096
1625724870,424155903,61640072,4096
1625724870,424155903,61640080,4096
1625724870,424155903,61640088,4096
1625724870,424155903,61640096,4096
1625724870,424155903,61640104,4096
1625724870,424155903,61640112,4096
1625724870,424155903,61640120,4096
1625724870,424156977,61640128,4096
1625724870,424156977,61640136,4096
1625724870,424156977,61640144,4096
1625724870,424156977,61640152,4096
1625724870,424156977,61640160,4096
1625724870,424156977,61640168,4096
1625724870,424156977,61640176,4096
1625724870,424156977,61640184,4096
1625724870,424158050,61640192,4096
1625724870,428201925,61640200,4096
1625724870,428202998,61640208,4096
1625724870,428202998,61640216,4096
1625724870,428202998,61640224,4096
1625724870,428202998,61640232,4096
1625724870,428202998,61640240,4096
1625724870,428202998,61640248,4096
1625724870,428204072,61640256,4096
1625724870,428204072,61640264,4096
1625724870,428204072,61640272,4096
1625724870,428204072,61640280,4096
1625724870,428204072,61640288,4096
1625724870,428204072,61640296,4096
1625724870,428204072,61640304,4096
1625724870,428204072,61640312,4096
1625724870,428205145,61640320,4096
1625724870,428318936,61640328,4096
1625724870,428318936,61640336,4096
1625724870,428318936,61640344,4096
1625724870,428318936,61640352,4096
1625724870,428318936,61640360,4096
1625724870,428320010,61640368,4096
1625724870,428320010,61640376,4096
1625724870,428320010,61640384,4096
1625724870,428320010,61640392,4096
1625724870,428320010,61640400,4096
1625724870,428320010,61640408,4096
1625724870,428320010,61640416,4096
1625724870,428320010,61640424,4096
1625724870,428320010,61640432,4096
1625724870,428321083,61640440,4096
1625724870,428321083,61640448,4096
1625724870,432619377,61640456,4096
1625724870,432619377,61640464,4096
1625724870,432620451,61640472,4096
1625724870,432620451,61640480,4096
1625724870,432620451,61640488,4096
1625724870,432620451,61640496,4096
1625724870,432620451,61640504,4096
1625724870,432620451,61640512,4096
1625724870,432620451,61640520,4096
1625724870,432620451,61640528,4096
1625724870,432621524,61640536,4096
1625724870,432621524,61640544,4096
1625724870,432621524,61640552,4096
1625724870,432621524,61640560,4096
1625724870,432621524,61640568,4096
1625724870,432621524,61640576,4096
1625724870,432746050,61640584,4096
1625724870,432746050,61640592,4096
1625724870,432746050,61640600,4096
1625724870,432746050,61640608,4096
1625724870,432746050,61640616,4096
1625724870,432746050,61640624,4096
1625724870,432746050,61640632,4096
1625724870,432746050,61640640,4096
1625724870,432747124,61640648,4096
1625724870,432747124,61640656,4096
1625724870,432747124,61640664,4096
1625724870,432747124,61640672,4096
1625724870,432747124,61640680,4096
1625724870,432747124,61640688,4096
1625724870,432747124,61640696,4096
1625724870,432747124,61640704,4096
1625724870,436868290,61640712,4096
1625724870,436868290,61640720,4096
1625724870,436868290,61640728,4096
1625724870,436868290,61640736,4096
1625724870,436868290,61640744,4096
1625724870,436868290,61640752,3072
1625724871,273258016,67224768,4096
1625724871,273258016,67224776,4096
1625724871,273258016,67224784,4096
1625724871,273259089,67224792,4096
1625724871,299865787,67327552,4096
1625724871,299865787,67327560,4096
1625724871,299865787,67327568,4096
1625724871,299865787,67327576,4096
1625724871,299949520,60051072,4096
1625724871,299949520,60051080,4096
1625724871,299949520,60051088,4096
1625724871,299950593,60051096,4096
1625724871,299950593,60051104,4096
1625724871,299950593,60051112,4096
1625724871,299950593,60051120,4096
1625724871,299950593,60051128,4096
1625724871,300148117,68060000,4096
1625724871,300148117,68060008,4096
1625724871,300148117,68060016,4096
1625724871,300148117,68060024,4096
1625724871,300148117,68060032,4096
1625724871,300149191,68060040,4096
1625724871,300149191,68060048,4096
1625724871,300149191,68060056,4096
1625724871,300186763,69495808,4096
1625724871,300186763,69495816,4096
1625724871,300186763,69495824,4096
1625724871,300187837,69495832,4096
1625724871,307026032,69093568,4096
1625724871,307026032,69093576,4096
1625724871,307026032,69093584,4096
1625724871,307027105,69093592,4096
1625724871,307027105,69093600,4096
1625724871,307027105,69093608,4096
1625724871,307027105,69093616,4096
1625724871,307027105,69093624,4096
1625724871,311594848,70474752,4096
1625724871,311594848,70474760,4096
1625724871,311594848,70474768,4096
1625724871,311594848,70474776,4096
1625724871,311594848,70474784,4096
1625724871,311595921,70474792,4096
1625724871,311595921,70474800,4096
1625724871,311595921,70474808,4096
1625724871,311595921,70474816,4096
1625724871,311595921,70474824,4096
1625724871,311595921,70474832,4096
1625724871,311595921,70474840,4096
1625724871,311739770,70474848,4096
1625724871,311739770,70474856,4096
1625724871,311739770,70474864,4096
1625724871,311739770,70474872,4096
1625724871,311739770,70474880,4096
1625724871,311739770,70474888,4096
1625724871,311739770,70474896,4096
1625724871,311740844,70474904,4096
1625724871,311740844,70474912,4096
1625724871,311740844,70474920,4096
1625724871,311740844,70474928,4096
1625724871,311740844,70474936,4096
1625724871,311937294,69006464,4096
1625724871,311937294,69006472,4096
1625724871,311937294,69006480,4096
1625724871,311937294,69006488,4096
1625724871,312036056,62036960,4096
1625724871,312037130,62036968,4096
1625724871,312037130,62036976,4096
1625724871,312037130,62036984,4096
1625724871,312037130,62036992,4096
1625724871,312037130,62037000,4096
1625724871,312037130,62037008,4096
1625724871,312037130,62037016,4096
1625724871,312037130,62037024,4096
1625724871,312038203,62037032,4096
1625724871,312038203,62037040,4096
1625724871,312038203,62037048,4096
1625724871,312073629,70594464,4096
1625724871,312073629,70594472,4096
1625724871,312073629,70594480,4096
1625724871,312073629,70594488,4096
1625724871,321836038,68856544,4096
1625724871,321837111,68856552,4096
1625724871,321837111,68856560,4096
1625724871,321837111,68856568,4096
1625724871,321837111,68856576,4096
1625724871,321837111,68856584,4096
1625724871,321837111,68856592,4096
1625724871,321837111,68856600,4096
1625724871,322031415,62038176,4096
1625724871,322031415,62038184,4096
1625724871,322031415,62038192,4096
1625724871,322031415,62038200,4096
1625724871,322031415,62038208,4096
1625724871,322031415,62038216,4096
1625724871,322031415,62038224,4096
1625724871,322031415,62038232,4096
1625724871,322032488,62038240,4096
1625724871,322032488,62038248,4096
1625724871,322032488,62038256,4096
1625724871,322032488,62038264,4096
1625724871,322032488,62038272,4096
1625724871,322032488,62038280,4096
1625724871,322032488,62038288,4096
1625724871,322032488,62038296,4096
1625724872,416828693,69919360,4096
1625724872,416829766,69919368,4096
1625724872,416829766,69919376,4096
1625724872,416829766,69919384,4096
1625724872,417658508,69919392,4096
1625724872,417658508,69919400,4096
1625724872,417658508,69919408,4096
1625724872,417658508,69919416,4096
1625724872,417659582,69919424,4096
1625724872,417659582,69919432,4096
1625724872,417659582,69919440,4096
1625724872,417659582,69919448,4096
1625724872,417659582,69919456,4096
1625724872,417659582,69919464,4096
1625724872,417659582,69919472,4096
1625724872,417659582,69919480,4096
1625724872,417659582,69919488,4096
1625724872,417660655,69919496,4096
1625724872,417764785,69919504,4096
1625724872,417764785,69919512,4096
1625724872,417764785,69919520,4096
1625724872,417764785,69919528,4096
1625724872,417765858,69919536,4096
1625724872,417765858,69919544,4096
1625724872,417765858,69919552,4096
1625724872,417765858,69919560,4096
1625724872,417765858,69919568,4096
1625724872,417765858,69919576,4096
1625724872,417765858,69919584,4096
1625724872,417765858,69919592,4096
1625724872,417766932,69919600,4096
1625724872,417766932,69919608,4096
1625724872,418554881,69919616,4096
1625724872,418555954,69919624,4096
1625724872,418555954,69919632,4096
1625724872,418555954,69919640,4096
1625724872,418555954,69919648,4096
1625724872,418555954,69919656,4096
1625724872,418555954,69919664,4096
1625724872,418555954,69919672,4096
1625724872,418557028,69919680,4096
1625724872,418557028,69919688,4096
1625724872,418557028,69919696,4096
1625724872,418557028,69919704,4096
1625724872,418557028,69919712,4096
1625724872,418557028,69919720,4096
1625724872,418557028,69919728,4096
1625724872,418557028,69919736,4096
1625724872,419352491,69919744,4096
1625724872,419352491,69919752,4096
1625724872,419352491,69919760,4096
1625724872,419352491,69919768,4096
1625724872,419352491,69919776,4096
1625724872,419353565,69919784,4096
1625724872,419353565,69919792,4096
1625724872,419353565,69919800,4096
1625724872,419353565,69919808,4096
1625724872,419353565,69919816,4096
1625724872,419353565,69919824,4096
1625724872,419353565,69919832,4096
1625724872,419353565,69919840,4096
1625724872,419354638,69919848,4096
1625724872,419354638,69919856,4096
1625724872,419354638,69919864,4096
1625724872,419466282,69919872,4096
1625724872,419466282,69919880,4096
1625724872,419466282,69919888,4096
1625724872,419466282,69919896,4096
1625724872,419466282,69919904,4096
1625724872,419466282,69919912,4096
1625724872,419467356,69919920,4096
1625724872,419467356,69919928,4096
1625724872,419467356,69919936,4096
1625724872,419467356,69919944,4096
1625724872,419467356,69919952,4096
1625724872,419467356,69919960,4096
1625724872,419467356,69919968,4096
1625724872,419467356,69919976,4096
1625724872,419467356,69919984,4096
1625724872,419468429,69919992,4096
1625724872,424047980,69920000,4096
1625724872,424049054,69920008,4096
1625724872,424049054,69920016,4096
1625724872,424049054,69920024,4096
1625724872,424049054,69920032,4096
1625724872,424049054,69920040,4096
1625724872,424049054,69920048,4096
1625724872,424049054,69920056,4096
1625724872,424049054,69920064,4096
1625724872,424050127,69920072,4096
1625724872,424050127,69920080,4096
1625724872,424050127,69920088,4096
1625724872,424050127,69920096,4096
1625724872,424050127,69920104,4096
1625724872,424050127,69920112,4096
1625724872,424050127,69920120,4096
1625724872,424161771,69920128,4096
1625724872,424161771,69920136,4096
1625724872,424161771,69920144,4096
1625724872,424162845,69920152,4096
1625724872,424162845,69920160,4096
1625724872,424162845,69920168,4096
1625724872,424162845,69920176,4096
1625724872,424162845,69920184,4096
1625724872,424162845,69920192,4096
1625724872,424162845,69920200,4096
1625724872,424162845,69920208,4096
1625724872,424163918,69920216,4096
1625724872,424163918,69920224,4096
1625724872,424163918,69920232,4096
1625724872,424163918,69920240,4096
1625724872,424163918,69920248,4096
1625724872,428755278,69920256,4096
1625724872,428755278,69920264,4096
1625724872,428755278,69920272,4096
1625724872,428755278,69920280,4096
1625724872,428755278,69920288,4096
1625724872,428756351,69920296,4096
1625724872,428756351,69920304,4096
1625724872,428756351,69920312,4096
1625724872,428756351,69920320,4096
1625724872,428756351,69920328,4096
1625724872,428756351,69920336,4096
1625724872,428756351,69920344,4096
1625724872,428756351,69920352,4096
1625724872,428756351,69920360,4096
1625724872,428757425,69920368,4096
1625724872,428757425,69920376,4096
1625724872,428869069,69920384,4096
1625724872,428869069,69920392,4096
1625724872,428869069,69920400,4096
1625724872,428869069,69920408,4096
1625724872,428869069,69920416,4096
1625724872,428869069,69920424,4096
1625724872,428869069,69920432,4096
1625724872,428869069,69920440,4096
1625724872,428869069,69920448,4096
1625724872,428870142,69920456,4096
1625724872,428870142,69920464,4096
1625724872,428870142,69920472,4096
1625724872,428870142,69920480,4096
1625724872,428870142,69920488,4096
1625724872,428870142,69920496,4096
1625724872,428870142,69920504,4096
1625724872,433465796,69920512,4096
1625724872,433465796,69920520,4096
1625724872,433465796,69920528,4096
1625724872,433465796,69920536,4096
1625724872,433465796,69920544,4096
1625724872,433465796,69920552,4096
1625724872,433465796,69920560,4096
1625724872,433465796,69920568,4096
1625724872,433466869,69920576,4096
1625724872,433466869,69920584,4096
1625724872,433466869,69920592,4096
1625724872,433466869,69920600,4096
1625724872,433466869,69920608,4096
1625724872,433466869,69920616,4096
1625724872,433466869,69920624,4096
1625724872,433466869,69920632,4096
1625724872,433579587,69920640,4096
1625724872,433579587,69920648,4096
1625724872,433579587,69920656,4096
1625724872,433579587,69920664,4096
1625724872,433579587,69920672,4096
1625724872,433579587,69920680,4096
1625724872,433579587,69920688,4096
1625724872,433579587,69920696,4096
1625724872,433579587,69920704,4096
1625724872,433580660,69920712,4096
1625724872,433580660,69920720,4096
1625724872,433580660,69920728,4096
1625724872,433580660,69920736,4096
1625724872,433580660,69920744,4096
1625724872,433580660,69920752,4096
1625724872,433580660,69920760,4096
1625724872,438217107,69920768,4096
1625724872,438217107,69920776,4096
1625724872,438218180,69920784,4096
1625724872,438218180,69920792,4096
1625724872,438218180,69920800,4096
1625724872,438218180,69920808,4096
1625724872,438218180,69920816,4096
1625724872,438218180,69920824,4096
1625724872,438218180,69920832,4096
1625724872,438218180,69920840,4096
1625724872,438218180,69920848,4096
1625724872,438219254,69920856,4096
1625724872,438219254,69920864,4096
1625724872,438219254,69920872,4096
1625724872,438219254,69920880,4096
1625724872,438219254,69920888,4096
1625724872,438334118,69920896,4096
1625724872,438334118,69920904,4096
1625724872,438334118,69920912,4096
1625724872,438334118,69920920,4096
1625724872,438334118,69920928,4096
1625724872,438334118,69920936,4096
1625724872,438334118,69920944,4096
1625724872,438334118,69920952,4096
1625724872,438334118,69920960,4096
1625724872,438335192,69920968,4096
1625724872,438335192,69920976,4096
1625724872,438335192,69920984,4096
1625724872,438335192,69920992,4096
1625724872,438335192,69921000,4096
1625724872,438335192,69921008,4096
1625724872,438335192,69921016,4096
1625724872,442966271,69921024,4096
1625724872,442966271,69921032,4096
1625724872,442966271,69921040,4096
1625724872,442967344,69921048,4096
1625724872,442967344,69921056,4096
1625724872,442967344,69921064,4096
1625724872,442967344,69921072,4096
1625724872,442967344,69921080,4096
1625724872,442967344,69921088,4096
1625724872,442967344,69921096,4096
1625724872,442967344,69921104,4096
1625724872,442968418,69921112,4096
1625724872,442968418,69921120,4096
1625724872,442968418,69921128,4096
1625724872,442968418,69921136,4096
1625724872,442968418,69921144,4096
1625724872,443089723,69921152,4096
1625724872,443089723,69921160,4096
1625724872,443089723,69921168,4096
1625724872,443090797,69921176,4096
1625724872,443090797,69921184,4096
1625724872,443090797,69921192,4096
1625724872,443090797,69921200,4096
1625724872,443090797,69921208,4096
1625724872,443090797,69921216,4096
1625724872,443090797,69921224,4096
1625724872,443090797,69921232,4096
1625724872,443090797,69921240,4096
1625724872,443091870,69921248,4096
1625724872,443091870,69921256,4096
1625724872,443091870,69921264,4096
1625724872,443091870,69921272,4096
1625724872,447678936,69921280,4096
1625724872,447678936,69921288,4096
1625724872,447678936,69921296,4096
1625724872,447678936,69921304,4096
1625724872,447678936,69921312,4096
1625724872,447680009,69921320,4096
1625724872,447680009,69921328,4096
1625724872,447680009,69921336,4096
1625724872,447680009,69921344,4096
1625724872,447680009,69921352,4096
1625724872,447680009,69921360,4096
1625724872,447680009,69921368,4096
1625724872,447680009,69921376,4096
1625724872,447681083,69921384,4096
1625724872,447681083,69921392,4096
1625724872,447681083,69921400,4096
1625724872,447792727,69921408,4096
1625724872,447792727,69921416,4096
1625724872,447792727,69921424,4096
1625724872,447792727,69921432,4096
1625724872,447792727,69921440,4096
1625724872,447792727,69921448,4096
1625724872,447792727,69921456,4096
1625724872,447792727,69921464,4096
1625724872,447793800,69921472,4096
1625724872,447793800,69921480,4096
1625724872,447793800,69921488,4096
1625724872,447793800,69921496,4096
1625724872,447793800,69921504,4096
1625724872,447793800,69921512,4096
1625724872,447793800,69921520,4096
1625724872,447793800,69921528,4096
1625724872,452399115,69921536,4096
1625724872,452399115,69921544,4096
1625724872,452399115,69921552,4096
1625724872,452400189,69921560,4096
1625724872,452400189,69921568,4096
1625724872,452400189,69921576,4096
1625724872,452400189,69921584,4096
1625724872,452400189,69921592,4096
1625724872,452400189,69921600,4096
1625724872,452400189,69921608,4096
1625724872,452400189,69921616,4096
1625724872,452401262,69921624,4096
1625724872,452401262,69921632,4096
1625724872,452401262,69921640,4096
1625724872,452401262,69921648,4096
1625724872,452401262,69921656,4096
1625724872,452515053,69921664,4096
1625724872,452515053,69921672,4096
1625724872,452515053,69921680,4096
1625724872,452515053,69921688,4096
1625724872,452515053,69921696,4096
1625724872,452515053,69921704,4096
1625724872,452515053,69921712,4096
1625724872,452515053,69921720,4096
1625724872,452515053,69921728,4096
1625724872,452516127,69921736,4096
1625724872,452516127,69921744,4096
1625724872,452516127,69921752,4096
1625724872,452516127,69921760,4096
1625724872,452516127,69921768,4096
1625724872,452516127,69921776,4096
1625724872,452516127,69921784,4096
1625724872,459069844,69921792,4096
1625724872,459070918,69921800,4096
1625724872,459070918,69921808,4096
1625724872,459070918,69921816,4096
1625724872,459070918,69921824,4096
1625724872,459070918,69921832,4096
1625724872,459070918,69921840,4096
1625724872,459070918,69921848,4096
1625724872,459071991,69921856,4096
1625724872,459071991,69921864,4096
1625724872,459071991,69921872,4096
1625724872,459071991,69921880,4096
1625724872,459071991,69921888,4096
1625724872,459071991,69921896,4096
1625724872,459071991,69921904,4096
1625724872,459071991,69921912,4096
1625724872,459190076,69921920,4096
1625724872,459190076,69921928,4096
1625724872,459190076,69921936,4096
1625724872,459190076,69921944,4096
1625724872,459190076,69921952,4096
1625724872,459190076,69921960,4096
1625724872,459190076,69921968,4096
1625724872,459190076,69921976,4096
1625724872,459191150,69921984,4096
1625724872,459191150,69921992,4096
1625724872,459191150,69922000,4096
1625724872,459191150,69922008,4096
1625724872,459191150,69922016,4096
1625724872,459191150,69922024,4096
1625724872,459191150,69922032,4096
1625724872,459191150,69922040,4096
1625724872,464088457,69922048,4096
1625724872,464089530,69922056,4096
1625724872,464089530,69922064,4096
1625724872,464089530,69922072,4096
1625724872,464089530,69922080,4096
1625724872,464089530,69922088,4096
1625724872,464089530,69922096,4096
1625724872,464089530,69922104,4096
1625724872,464090604,69922112,4096
1625724872,464090604,69922120,4096
1625724872,464090604,69922128,4096
1625724872,464090604,69922136,4096
1625724872,464090604,69922144,4096
1625724872,464090604,69922152,4096
1625724872,464090604,69922160,4096
1625724872,464090604,69922168,4096
1625724872,464215130,69922176,4096
1625724872,464215130,69922184,4096
1625724872,464215130,69922192,4096
1625724872,464215130,69922200,4096
1625724872,464215130,69922208,4096
1625724872,464215130,69922216,4096
1625724872,464215130,69922224,4096
1625724872,464216203,69922232,4096
1625724872,464216203,69922240,4096
1625724872,464216203,69922248,4096
1625724872,464216203,69922256,4096
1625724872,464216203,69922264,4096
1625724872,464216203,69922272,4096
1625724872,464216203,69922280,4096
1625724872,464216203,69922288,4096
1625724872,464216203,69922296,4096
1625724872,468970735,69922304,4096
1625724872,468970735,69922312,4096
1625724872,468970735,69922320,4096
1625724872,468970735,69922328,4096
1625724872,468970735,69922336,4096
1625724872,468970735,69922344,4096
1625724872,468970735,69922352,4096
1625724872,468971808,69922360,4096
1625724872,468971808,69922368,4096
1625724872,468971808,69922376,4096
1625724872,468971808,69922384,4096
1625724872,468971808,69922392,4096
1625724872,468971808,69922400,4096
1625724872,468971808,69922408,4096
1625724872,468971808,69922416,4096
1625724872,468971808,69922424,4096
1625724872,469088820,69922432,4096
1625724872,469088820,69922440,4096
1625724872,469088820,69922448,4096
1625724872,469088820,69922456,4096
1625724872,469088820,69922464,4096
1625724872,469088820,69922472,4096
1625724872,469088820,69922480,4096
1625724872,469089893,69922488,4096
1625724872,469089893,69922496,4096
1625724872,469089893,69922504,4096
1625724872,469089893,69922512,4096
1625724872,469089893,69922520,4096
1625724872,469089893,69922528,4096
1625724872,469089893,69922536,4096
1625724872,469089893,69922544,4096
1625724872,469090967,69922552,4096
1625724872,473784309,69922560,4096
1625724872,473785382,69922568,4096
1625724872,473785382,69922576,4096
1625724872,473785382,69922584,4096
1625724872,473785382,69922592,4096
1625724872,473785382,69922600,4096
1625724872,473785382,69922608,4096
1625724872,473785382,69922616,4096
1625724872,473785382,69922624,4096
1625724872,473786456,69922632,4096
1625724872,473786456,69922640,4096
1625724872,473786456,69922648,4096
1625724872,473786456,69922656,4096
1625724872,473786456,69922664,4096
1625724872,473786456,69922672,4096
1625724872,473786456,69922680,4096
1625724872,473909908,69922688,4096
1625724872,473910982,69922696,4096
1625724872,473910982,69922704,4096
1625724872,473910982,69922712,4096
1625724872,473910982,69922720,4096
1625724872,473910982,69922728,4096
1625724872,473910982,69922736,4096
1625724872,473910982,69922744,4096
1625724872,473910982,69922752,4096
1625724872,473910982,69922760,4096
1625724872,473912055,69922768,4096
1625724872,473912055,69922776,4096
1625724872,473912055,69922784,4096
1625724872,473912055,69922792,4096
1625724872,473912055,69922800,4096
1625724872,473912055,69922808,4096
1625724872,478505562,69922816,4096
1625724872,478505562,69922824,4096
1625724872,478505562,69922832,4096
1625724872,478505562,69922840,4096
1625724872,478505562,69922848,4096
1625724872,478505562,69922856,4096
1625724872,478506635,69922864,4096
1625724872,478506635,69922872,4096
1625724872,478506635,69922880,4096
1625724872,478506635,69922888,4096
1625724872,478506635,69922896,4096
1625724872,478506635,69922904,4096
1625724872,478506635,69922912,4096
1625724872,478506635,69922920,4096
1625724872,478506635,69922928,4096
1625724872,478507709,69922936,4096
1625724872,478630088,69922944,4096
1625724872,478630088,69922952,4096
1625724872,478631161,69922960,4096
1625724872,478631161,69922968,4096
1625724872,478631161,69922976,4096
1625724872,478631161,69922984,4096
1625724872,478631161,69922992,4096
1625724872,478631161,69923000,4096
1625724872,478631161,69923008,4096
1625724872,478631161,69923016,4096
1625724872,478631161,69923024,4096
1625724872,478632235,69923032,4096
1625724872,478632235,69923040,4096
1625724872,478632235,69923048,4096
1625724872,478632235,69923056,4096
1625724872,478632235,69923064,4096
1625724872,483202124,69923072,4096
1625724872,483202124,69923080,4096
1625724872,483202124,69923088,4096
1625724872,483202124,69923096,4096
1625724872,483203198,69923104,4096
1625724872,483203198,69923112,4096
1625724872,483203198,69923120,4096
1625724872,483203198,69923128,4096
1625724872,483203198,69923136,4096
1625724872,483203198,69923144,4096
1625724872,483203198,69923152,4096
1625724872,483203198,69923160,4096
1625724872,483204271,69923168,4096
1625724872,483204271,69923176,4096
1625724872,483204271,69923184,4096
1625724872,483204271,69923192,4096
1625724872,483327724,69923200,4096
1625724872,483327724,69923208,4096
1625724872,483327724,69923216,4096
1625724872,483327724,69923224,4096
1625724872,483327724,69923232,4096
1625724872,483327724,69923240,4096
1625724872,483327724,69923248,4096
1625724872,483327724,69923256,4096
1625724872,483328797,69923264,4096
1625724872,483328797,69923272,4096
1625724872,483328797,69923280,4096
1625724872,483328797,69923288,4096
1625724872,483328797,69923296,4096
1625724872,483328797,69923304,4096
1625724872,483328797,69923312,4096
1625724872,483328797,69923320,4096
1625724872,487929818,69923328,4096
1625724872,487929818,69923336,4096
1625724872,487929818,69923344,4096
1625724872,487929818,69923352,4096
1625724872,487929818,69923360,4096
1625724872,487930892,69923368,4096
1625724872,487930892,69923376,4096
1625724872,487930892,69923384,4096
1625724872,487930892,69923392,4096
1625724872,487930892,69923400,4096
1625724872,487930892,69923408,4096
1625724872,487930892,69923416,4096
1625724872,487930892,69923424,4096
1625724872,487930892,69923432,4096
1625724872,487931965,69923440,4096
1625724872,487931965,69923448,4096
1625724872,488060785,69923456,4096
1625724872,488060785,69923464,4096
1625724872,488060785,69923472,4096
1625724872,488060785,69923480,4096
1625724872,488060785,69923488,4096
1625724872,488060785,69923496,4096
1625724872,488060785,69923504,4096
1625724872,488061859,69923512,4096
1625724872,488061859,69923520,4096
1625724872,488061859,69923528,4096
1625724872,488061859,69923536,4096
1625724872,488061859,69923544,4096
1625724872,488061859,69923552,4096
1625724872,488061859,69923560,4096
1625724872,488061859,69923568,4096
1625724872,488061859,69923576,4096
1625724872,492633895,69923584,4096
1625724872,492633895,69923592,4096
1625724872,492634969,69923600,4096
1625724872,492634969,69923608,4096
1625724872,492634969,69923616,4096
1625724872,492634969,69923624,4096
1625724872,492634969,69923632,4096
1625724872,492634969,69923640,4096
1625724872,492634969,69923648,4096
1625724872,492634969,69923656,4096
1625724872,492634969,69923664,4096
1625724872,492636042,69923672,4096
1625724872,492636042,69923680,4096
1625724872,492636042,69923688,4096
1625724872,492636042,69923696,4096
1625724872,492636042,69923704,4096
1625724872,492758421,69923712,4096
1625724872,492759495,69923720,4096
1625724872,492759495,69923728,4096
1625724872,492759495,69923736,4096
1625724872,492759495,69923744,4096
1625724872,492759495,69923752,4096
1625724872,492759495,69923760,4096
1625724872,492759495,69923768,4096
1625724872,492759495,69923776,4096
1625724872,492759495,69923784,4096
1625724872,492759495,69923792,4096
1625724872,492760568,69923800,4096
1625724872,492760568,69923808,4096
1625724872,492760568,69923816,4096
1625724872,492760568,69923824,4096
1625724872,492760568,69923832,4096
1625724872,497507585,69923840,4096
1625724872,497507585,69923848,4096
1625724872,497507585,69923856,4096
1625724872,497507585,69923864,4096
1625724872,497507585,69923872,4096
1625724872,497507585,69923880,4096
1625724872,497507585,69923888,4096
1625724872,497507585,69923896,4096
1625724872,497508659,69923904,4096
1625724872,497508659,69923912,4096
1625724872,497508659,69923920,4096
1625724872,497508659,69923928,4096
1625724872,497508659,69923936,4096
1625724872,497508659,69923944,4096
1625724872,497508659,69923952,4096
1625724872,497508659,69923960,4096
1625724872,497634258,69923968,4096
1625724872,497635332,69923976,4096
1625724872,497635332,69923984,4096
1625724872,497635332,69923992,4096
1625724872,497635332,69924000,4096
1625724872,497635332,69924008,4096
1625724872,497635332,69924016,4096
1625724872,497635332,69924024,4096
1625724872,497635332,69924032,4096
1625724872,497635332,69924040,4096
1625724872,497636405,69924048,4096
1625724872,497636405,69924056,4096
1625724872,497636405,69924064,4096
1625724872,497636405,69924072,4096
1625724872,497636405,69924080,4096
1625724872,497636405,69924088,4096
1625724872,502199854,69924096,4096
1625724872,502199854,69924104,4096
1625724872,502199854,69924112,4096
1625724872,502199854,69924120,4096
1625724872,502199854,69924128,4096
1625724872,502199854,69924136,4096
1625724872,502200927,69924144,4096
1625724872,502200927,69924152,4096
1625724872,502200927,69924160,4096
1625724872,502200927,69924168,4096
1625724872,502200927,69924176,4096
1625724872,502200927,69924184,4096
1625724872,502200927,69924192,4096
1625724872,502200927,69924200,4096
1625724872,502200927,69924208,4096
1625724872,502202001,69924216,4096
1625724872,502324380,69924224,4096
1625724872,502324380,69924232,4096
1625724872,502324380,69924240,4096
1625724872,502324380,69924248,4096
1625724872,502324380,69924256,4096
1625724872,502325453,69924264,4096
1625724872,502325453,69924272,4096
1625724872,502325453,69924280,4096
1625724872,502325453,69924288,4096
1625724872,502325453,69924296,4096
1625724872,502325453,69924304,4096
1625724872,502325453,69924312,4096
1625724872,502325453,69924320,4096
1625724872,502325453,69924328,4096
1625724872,502326527,69924336,4096
1625724872,502326527,69924344,4096
1625724872,507251745,69924352,4096
1625724872,507252818,69924360,4096
1625724872,507252818,69924368,4096
1625724872,507252818,69924376,4096
1625724872,507252818,69924384,4096
1625724872,507252818,69924392,4096
1625724872,507252818,69924400,4096
1625724872,507252818,69924408,4096
1625724872,507252818,69924416,4096
1625724872,507253892,69924424,4096
1625724872,507253892,69924432,4096
1625724872,507253892,69924440,4096
1625724872,507253892,69924448,4096
1625724872,507253892,69924456,4096
1625724872,507253892,69924464,4096
1625724872,507253892,69924472,4096
1625724872,507369830,69924480,4096
1625724872,507369830,69924488,4096
1625724872,507369830,69924496,4096
1625724872,507369830,69924504,4096
1625724872,507369830,69924512,4096
1625724872,507369830,69924520,4096
1625724872,507369830,69924528,4096
1625724872,507370903,69924536,4096
1625724872,507370903,69924544,4096
1625724872,507370903,69924552,4096
1625724872,507370903,69924560,4096
1625724872,507370903,69924568,4096
1625724872,507370903,69924576,4096
1625724872,507370903,69924584,4096
1625724872,507370903,69924592,4096
1625724872,507370903,69924600,4096
1625724872,511949381,69924608,4096
1625724872,511949381,69924616,4096
1625724872,511949381,69924624,4096
1625724872,511949381,69924632,4096
1625724872,511949381,69924640,4096
1625724872,511949381,69924648,4096
1625724872,511950454,69924656,4096
1625724872,511950454,69924664,4096
1625724872,511950454,69924672,4096
1625724872,511950454,69924680,4096
1625724872,511950454,69924688,4096
1625724872,511950454,69924696,4096
1625724872,511950454,69924704,4096
1625724872,511950454,69924712,4096
1625724872,511951528,69924720,4096
1625724872,511951528,69924728,4096
1625724872,512073907,69924736,4096
1625724872,512073907,69924744,4096
1625724872,512073907,69924752,4096
1625724872,512074980,69924760,4096
1625724872,512074980,69924768,4096
1625724872,512074980,69924776,4096
1625724872,512074980,69924784,4096
1625724872,512074980,69924792,4096
1625724872,512074980,69924800,4096
1625724872,512074980,69924808,4096
1625724872,512074980,69924816,4096
1625724872,512074980,69924824,4096
1625724872,512076054,69924832,4096
1625724872,512076054,69924840,4096
1625724872,512076054,69924848,4096
1625724872,512076054,69924856,4096
1625724872,516636282,69924864,4096
1625724872,516636282,69924872,4096
1625724872,516636282,69924880,4096
1625724872,516636282,69924888,4096
1625724872,516637355,69924896,4096
1625724872,516637355,69924904,4096
1625724872,516637355,69924912,4096
1625724872,516637355,69924920,4096
1625724872,516637355,69924928,4096
1625724872,516637355,69924936,4096
1625724872,516637355,69924944,4096
1625724872,516637355,69924952,4096
1625724872,516638429,69924960,4096
1625724872,516638429,69924968,4096
1625724872,516638429,69924976,4096
1625724872,516638429,69924984,4096
1625724872,516761881,69924992,4096
1625724872,516761881,69925000,4096
1625724872,516761881,69925008,4096
1625724872,516761881,69925016,4096
1625724872,516761881,69925024,4096
1625724872,516761881,69925032,4096
1625724872,516762955,69925040,4096
1625724872,516762955,69925048,4096
1625724872,516762955,69925056,4096
1625724872,516762955,69925064,4096
1625724872,516762955,69925072,4096
1625724872,516762955,69925080,4096
1625724872,516762955,69925088,4096
1625724872,516762955,69925096,4096
1625724872,516762955,69925104,4096
1625724872,516762955,69925112,4096
1625724872,521657041,69925120,4096
1625724872,521657041,69925128,4096
1625724872,521657041,69925136,4096
1625724872,521657041,69925144,4096
1625724872,521657041,69925152,4096
1625724872,521657041,69925160,4096
1625724872,521658115,69925168,4096
1625724872,521658115,69925176,4096
1625724872,521658115,69925184,4096
1625724872,521658115,69925192,4096
1625724872,521658115,69925200,4096
1625724872,521658115,69925208,4096
1625724872,521658115,69925216,4096
1625724872,521658115,69925224,4096
1625724872,521659188,69925232,4096
1625724872,521659188,69925240,4096
1625724872,521775126,69925248,4096
1625724872,521775126,69925256,4096
1625724872,521776200,69925264,4096
1625724872,521776200,69925272,4096
1625724872,521776200,69925280,4096
1625724872,521776200,69925288,4096
1625724872,521776200,69925296,4096
1625724872,521776200,69925304,4096
1625724872,521776200,69925312,4096
1625724872,521776200,69925320,4096
1625724872,521777273,69925328,4096
1625724872,521777273,69925336,4096
1625724872,521777273,69925344,4096
1625724872,521777273,69925352,4096
1625724872,521777273,69925360,4096
1625724872,521777273,69925368,4096
1625724872,526508188,69925376,4096
1625724872,526509261,69925384,4096
1625724872,526509261,69925392,4096
1625724872,526509261,69925400,4096
1625724872,526509261,69925408,4096
1625724872,526509261,69925416,4096
1625724872,526509261,69925424,4096
1625724872,526509261,69925432,4096
1625724872,526509261,69925440,4096
1625724872,526509261,69925448,4096
1625724872,526510335,69925456,4096
1625724872,526510335,69925464,4096
1625724872,526510335,69925472,4096
1625724872,526510335,69925480,4096
1625724872,526510335,69925488,4096
1625724872,526510335,69925496,4096
1625724872,526634861,69925504,4096
1625724872,526634861,69925512,4096
1625724872,526634861,69925520,4096
1625724872,526634861,69925528,4096
1625724872,526635934,69925536,4096
1625724872,526635934,69925544,4096
1625724872,526635934,69925552,4096
1625724872,526635934,69925560,4096
1625724872,526635934,69925568,4096
1625724872,526635934,69925576,4096
1625724872,526635934,69925584,4096
1625724872,526635934,69925592,4096
1625724872,526635934,69925600,4096
1625724872,526635934,69925608,4096
1625724872,526637008,69925616,4096
1625724872,526637008,69925624,4096
1625724872,531213338,69925632,4096
1625724872,531213338,69925640,4096
1625724872,531213338,69925648,4096
1625724872,531214412,69925656,4096
1625724872,531214412,69925664,4096
1625724872,531214412,69925672,4096
1625724872,531214412,69925680,4096
1625724872,531214412,69925688,4096
1625724872,531214412,69925696,4096
1625724872,531214412,69925704,4096
1625724872,531214412,69925712,4096
1625724872,531215485,69925720,4096
1625724872,531215485,69925728,4096
1625724872,531215485,69925736,4096
1625724872,531215485,69925744,4096
1625724872,531215485,69925752,4096
1625724872,531338938,69925760,4096
1625724872,531338938,69925768,4096
1625724872,531338938,69925776,4096
1625724872,531338938,69925784,4096
1625724872,531340011,69925792,4096
1625724872,531340011,69925800,4096
1625724872,531340011,69925808,4096
1625724872,531340011,69925816,4096
1625724872,531340011,69925824,4096
1625724872,531340011,69925832,4096
1625724872,531340011,69925840,4096
1625724872,531340011,69925848,4096
1625724872,531340011,69925856,4096
1625724872,531341085,69925864,4096
1625724872,531341085,69925872,4096
1625724872,531341085,69925880,4096
1625724872,536126748,69925888,4096
1625724872,536126748,69925896,4096
1625724872,536126748,69925904,4096
1625724872,536127821,69925912,4096
1625724872,536127821,69925920,4096
1625724872,536127821,69925928,4096
1625724872,536127821,69925936,4096
1625724872,536127821,69925944,4096
1625724872,536127821,69925952,4096
1625724872,536127821,69925960,4096
1625724872,536127821,69925968,4096
1625724872,536128895,69925976,4096
1625724872,536128895,69925984,4096
1625724872,536128895,69925992,4096
1625724872,536128895,69926000,4096
1625724872,536128895,69926008,4096
1625724872,536254494,69926016,4096
1625724872,536255568,69926024,4096
1625724872,536255568,69926032,4096
1625724872,536255568,69926040,4096
1625724872,536255568,69926048,4096
1625724872,536255568,69926056,4096
1625724872,536255568,69926064,4096
1625724872,536255568,69926072,4096
1625724872,536255568,69926080,4096
1625724872,536256641,69926088,4096
1625724872,536256641,69926096,4096
1625724872,536256641,69926104,4096
1625724872,536256641,69926112,4096
1625724872,536256641,69926120,4096
1625724872,536256641,69926128,4096
1625724872,536256641,69926136,4096
1625724872,540579626,69926144,4096
1625724872,540579626,69926152,4096
1625724872,540579626,69926160,4096
1625724872,540579626,69926168,4096
1625724872,540579626,69926176,4096
1625724872,540579626,69926184,4096
1625724872,540580699,69926192,4096
1625724872,540580699,69926200,4096
1625724872,540580699,69926208,4096
1625724872,540580699,69926216,4096
1625724872,540580699,69926224,4096
1625724872,540580699,69926232,4096
1625724872,540580699,69926240,4096
1625724872,540580699,69926248,4096
1625724872,540580699,69926256,4096
1625724872,540581773,69926264,4096
1625724872,540704152,69926272,4096
1625724872,540704152,69926280,4096
1625724872,540704152,69926288,4096
1625724872,540705225,69926296,4096
1625724872,540705225,69926304,4096
1625724872,540705225,69926312,4096
1625724872,540705225,69926320,4096
1625724872,540705225,69926328,4096
1625724872,540705225,69926336,4096
1625724872,540705225,69926344,4096
1625724872,540705225,69926352,4096
1625724872,540705225,69926360,4096
1625724872,540705225,69926368,4096
1625724872,540706299,69926376,4096
1625724872,540706299,69926384,4096
1625724872,540706299,69926392,4096
1625724872,545289070,69926400,4096
1625724872,545289070,69926408,4096
1625724872,545289070,69926416,4096
1625724872,545289070,69926424,4096
1625724872,545289070,69926432,4096
1625724872,545289070,69926440,4096
1625724872,545290144,69926448,4096
1625724872,545290144,69926456,4096
1625724872,545290144,69926464,4096
1625724872,545290144,69926472,4096
1625724872,545290144,69926480,4096
1625724872,545290144,69926488,4096
1625724872,545290144,69926496,4096
1625724872,545290144,69926504,4096
1625724872,545290144,69926512,4096
1625724872,545291217,69926520,4096
1625724872,545414670,69926528,4096
1625724872,545414670,69926536,4096
1625724872,545414670,69926544,4096
1625724872,545414670,69926552,4096
1625724872,545414670,69926560,4096
1625724872,545414670,69926568,4096
1625724872,545414670,69926576,4096
1625724872,545414670,69926584,4096
1625724872,545415743,69926592,4096
1625724872,545415743,69926600,4096
1625724872,545415743,69926608,4096
1625724872,545415743,69926616,4096
1625724872,545415743,69926624,4096
1625724872,545415743,69926632,4096
1625724872,545415743,69926640,4096
1625724872,545415743,69926648,4096
1625724872,549985633,69926656,4096
1625724872,549986706,69926664,4096
1625724872,549986706,69926672,4096
1625724872,549986706,69926680,4096
1625724872,549986706,69926688,4096
1625724872,549986706,69926696,4096
1625724872,549986706,69926704,4096
1625724872,549986706,69926712,4096
1625724872,549986706,69926720,4096
1625724872,549987780,69926728,4096
1625724872,549987780,69926736,4096
1625724872,549987780,69926744,4096
1625724872,549987780,69926752,4096
1625724872,549987780,69926760,4096
1625724872,549987780,69926768,4096
1625724872,549987780,69926776,4096
1625724872,550111232,69926784,4096
1625724872,550111232,69926792,4096
1625724872,550111232,69926800,4096
1625724872,550111232,69926808,4096
1625724872,550111232,69926816,4096
1625724872,550111232,69926824,4096
1625724872,550111232,69926832,4096
1625724872,550111232,69926840,4096
1625724872,550112306,69926848,4096
1625724872,550112306,69926856,4096
1625724872,550112306,69926864,4096
1625724872,550112306,69926872,4096
1625724872,550112306,69926880,4096
1625724872,550112306,69926888,4096
1625724872,550112306,69926896,4096
1625724872,550112306,69926904,4096
1625724872,554738017,69926912,4096
1625724872,554738017,69926920,4096
1625724872,554738017,69926928,4096
1625724872,554738017,69926936,4096
1625724872,554738017,69926944,4096
1625724872,554738017,69926952,4096
1625724872,554739091,69926960,4096
1625724872,554739091,69926968,4096
1625724872,554739091,69926976,4096
1625724872,554739091,69926984,4096
1625724872,554739091,69926992,4096
1625724872,554739091,69927000,4096
1625724872,554739091,69927008,4096
1625724872,554739091,69927016,4096
1625724872,554739091,69927024,4096
1625724872,554740164,69927032,4096
1625724872,554865764,69927040,4096
1625724872,554865764,69927048,4096
1625724872,554865764,69927056,4096
1625724872,554865764,69927064,4096
1625724872,554865764,69927072,4096
1625724872,554865764,69927080,4096
1625724872,554865764,69927088,4096
1625724872,554865764,69927096,4096
1625724872,554866837,69927104,4096
1625724872,554866837,69927112,4096
1625724872,554866837,69927120,4096
1625724872,554866837,69927128,4096
1625724872,554866837,69927136,4096
1625724872,554866837,69927144,4096
1625724872,554866837,69927152,4096
1625724872,554866837,69927160,4096
1625724872,559447462,69927168,4096
1625724872,559447462,69927176,4096
1625724872,559447462,69927184,4096
1625724872,559447462,69927192,4096
1625724872,559447462,69927200,4096
1625724872,559447462,69927208,4096
1625724872,559448535,69927216,4096
1625724872,559448535,69927224,4096
1625724872,559448535,69927232,4096
1625724872,559448535,69927240,4096
1625724872,559448535,69927248,4096
1625724872,559448535,69927256,4096
1625724872,559448535,69927264,4096
1625724872,559448535,69927272,4096
1625724872,559448535,69927280,4096
1625724872,559449609,69927288,4096
1625724872,559571988,69927296,4096
1625724872,559571988,69927304,4096
1625724872,559571988,69927312,4096
1625724872,559571988,69927320,4096
1625724872,559571988,69927328,4096
1625724872,559571988,69927336,4096
1625724872,559573061,69927344,4096
1625724872,559573061,69927352,4096
1625724872,559573061,69927360,4096
1625724872,559573061,69927368,4096
1625724872,559573061,69927376,4096
1625724872,559573061,69927384,4096
1625724872,559573061,69927392,4096
1625724872,559573061,69927400,4096
1625724872,559573061,69927408,4096
1625724872,559574135,69927416,4096
1625724872,564157980,69927424,4096
1625724872,564159053,69927432,4096
1625724872,564159053,69927440,4096
1625724872,564159053,69927448,4096
1625724872,564159053,69927456,4096
1625724872,564159053,69927464,4096
1625724872,564159053,69927472,4096
1625724872,564159053,69927480,4096
1625724872,564159053,69927488,4096
1625724872,564160127,69927496,4096
1625724872,564160127,69927504,4096
1625724872,564160127,69927512,4096
1625724872,564160127,69927520,4096
1625724872,564160127,69927528,4096
1625724872,564160127,69927536,4096
1625724872,564160127,69927544,4096
1625724872,564283579,69927552,4096
1625724872,564283579,69927560,4096
1625724872,564284653,69927568,4096
1625724872,564284653,69927576,4096
1625724872,564284653,69927584,4096
1625724872,564284653,69927592,4096
1625724872,564284653,69927600,4096
1625724872,564284653,69927608,4096
1625724872,564284653,69927616,4096
1625724872,564284653,69927624,4096
1625724872,564284653,69927632,4096
1625724872,564285726,69927640,4096
1625724872,564285726,69927648,4096
1625724872,564285726,69927656,4096
1625724872,564285726,69927664,4096
1625724872,564285726,69927672,4096
1625724872,568877086,69927680,4096
1625724872,568877086,69927688,4096
1625724872,568877086,69927696,4096
1625724872,568877086,69927704,4096
1625724872,568878159,69927712,4096
1625724872,568878159,69927720,4096
1625724872,568878159,69927728,4096
1625724872,568878159,69927736,4096
1625724872,568878159,69927744,4096
1625724872,568878159,69927752,4096
1625724872,568878159,69927760,4096
1625724872,568878159,69927768,4096
1625724872,568878159,69927776,4096
1625724872,568879233,69927784,4096
1625724872,568879233,69927792,4096
1625724872,568879233,69927800,4096
1625724872,569001612,69927808,4096
1625724872,569002685,69927816,4096
1625724872,569002685,69927824,4096
1625724872,569002685,69927832,4096
1625724872,569002685,69927840,4096
1625724872,569002685,69927848,4096
1625724872,569002685,69927856,4096
1625724872,569002685,69927864,4096
1625724872,569002685,69927872,4096
1625724872,569002685,69927880,4096
1625724872,569003759,69927888,4096
1625724872,569003759,69927896,4096
1625724872,569003759,69927904,4096
1625724872,569003759,69927912,4096
1625724872,569003759,69927920,4096
1625724872,569003759,69927928,4096
1625724872,573809818,69927936,4096
1625724872,573810892,69927944,4096
1625724872,573810892,69927952,4096
1625724872,573810892,69927960,4096
1625724872,573810892,69927968,4096
1625724872,573810892,69927976,4096
1625724872,573810892,69927984,4096
1625724872,573810892,69927992,4096
1625724872,573810892,69928000,4096
1625724872,573811965,69928008,4096
1625724872,573811965,69928016,4096
1625724872,573811965,69928024,4096
1625724872,573811965,69928032,4096
1625724872,573811965,69928040,4096
1625724872,573811965,69928048,4096
1625724872,573811965,69928056,4096
1625724872,573926830,69928064,4096
1625724872,573926830,69928072,4096
1625724872,573926830,69928080,4096
1625724872,573927903,69928088,4096
1625724872,573927903,69928096,4096
1625724872,573927903,69928104,4096
1625724872,573927903,69928112,4096
1625724872,573927903,69928120,4096
1625724872,573927903,69928128,4096
1625724872,573927903,69928136,4096
1625724872,573927903,69928144,4096
1625724872,573927903,69928152,4096
1625724872,573928977,69928160,4096
1625724872,573928977,69928168,4096
1625724872,573928977,69928176,4096
1625724872,573928977,69928184,4096
1625724872,578535365,69928192,4096
1625724872,578535365,69928200,4096
1625724872,578535365,69928208,4096
1625724872,578535365,69928216,4096
1625724872,578536439,69928224,4096
1625724872,578536439,69928232,4096
1625724872,578536439,69928240,4096
1625724872,578536439,69928248,4096
1625724872,578536439,69928256,4096
1625724872,578536439,69928264,4096
1625724872,578536439,69928272,4096
1625724872,578536439,69928280,4096
1625724872,578536439,69928288,4096
1625724872,578537512,69928296,4096
1625724872,578537512,69928304,4096
1625724872,578537512,69928312,4096
1625724872,578659891,69928320,4096
1625724872,578659891,69928328,4096
1625724872,578659891,69928336,4096
1625724872,578660965,69928344,4096
1625724872,578660965,69928352,4096
1625724872,578660965,69928360,4096
1625724872,578660965,69928368,4096
1625724872,578660965,69928376,4096
1625724872,578660965,69928384,4096
1625724872,578660965,69928392,4096
1625724872,578660965,69928400,4096
1625724872,578660965,69928408,4096
1625724872,578662038,69928416,4096
1625724872,578662038,69928424,4096
1625724872,578662038,69928432,4096
1625724872,578662038,69928440,4096
1625724872,583268427,69928448,4096
1625724872,583268427,69928456,4096
1625724872,583268427,69928464,4096
1625724872,583268427,69928472,4096
1625724872,583269500,69928480,4096
1625724872,583269500,69928488,4096
1625724872,583269500,69928496,4096
1625724872,583269500,69928504,4096
1625724872,583269500,69928512,4096
1625724872,583269500,69928520,4096
1625724872,583269500,69928528,4096
1625724872,583269500,69928536,4096
1625724872,583269500,69928544,4096
1625724872,583270574,69928552,4096
1625724872,583270574,69928560,4096
1625724872,583270574,69928568,4096
1625724872,583392953,69928576,4096
1625724872,583392953,69928584,4096
1625724872,583392953,69928592,4096
1625724872,583392953,69928600,4096
1625724872,583392953,69928608,4096
1625724872,583392953,69928616,4096
1625724872,583392953,69928624,4096
1625724872,583392953,69928632,4096
1625724872,583394026,69928640,4096
1625724872,583394026,69928648,4096
1625724872,583394026,69928656,4096
1625724872,583394026,69928664,4096
1625724872,583394026,69928672,4096
1625724872,583394026,69928680,4096
1625724872,583394026,69928688,4096
1625724872,583394026,69928696,4096
1625724872,588010076,69928704,4096
1625724872,588011150,69928712,4096
1625724872,588011150,69928720,4096
1625724872,588011150,69928728,4096
1625724872,588011150,69928736,4096
1625724872,588011150,69928744,4096
1625724872,588011150,69928752,4096
1625724872,588011150,69928760,4096
1625724872,588011150,69928768,4096
1625724872,588011150,69928776,4096
1625724872,588012223,69928784,4096
1625724872,588012223,69928792,4096
1625724872,588012223,69928800,4096
1625724872,588012223,69928808,4096
1625724872,588012223,69928816,4096
1625724872,588012223,69928824,4096
1625724872,588137823,69928832,4096
1625724872,588138896,69928840,4096
1625724872,588138896,69928848,4096
1625724872,588138896,69928856,4096
1625724872,588138896,69928864,4096
1625724872,588138896,69928872,4096
1625724872,588138896,69928880,4096
1625724872,588138896,69928888,4096
1625724872,588138896,69928896,4096
1625724872,588139970,69928904,4096
1625724872,588139970,69928912,4096
1625724872,588139970,69928920,4096
1625724872,588139970,69928928,4096
1625724872,588139970,69928936,4096
1625724872,588139970,69928944,4096
1625724872,588139970,69928952,4096
1625724872,592758167,69928960,4096
1625724872,592759240,69928968,4096
1625724872,592759240,69928976,4096
1625724872,592759240,69928984,4096
1625724872,592759240,69928992,4096
1625724872,592759240,69929000,4096
1625724872,592759240,69929008,4096
1625724872,592759240,69929016,4096
1625724872,592759240,69929024,4096
1625724872,592759240,69929032,4096
1625724872,592760314,69929040,4096
1625724872,592760314,69929048,4096
1625724872,592760314,69929056,4096
1625724872,592760314,69929064,4096
1625724872,592760314,69929072,4096
1625724872,592760314,69929080,4096
1625724872,592883766,69929088,4096
1625724872,592883766,69929096,4096
1625724872,592884840,69929104,4096
1625724872,592884840,69929112,4096
1625724872,592884840,69929120,4096
1625724872,592884840,69929128,4096
1625724872,592884840,69929136,4096
1625724872,592884840,69929144,4096
1625724872,592884840,69929152,4096
1625724872,592884840,69929160,4096
1625724872,592884840,69929168,4096
1625724872,592885913,69929176,4096
1625724872,592885913,69929184,4096
1625724872,592885913,69929192,4096
1625724872,592885913,69929200,4096
1625724872,592885913,69929208,4096
1625724872,597476199,69929216,4096
1625724872,597477273,69929224,4096
1625724872,597477273,69929232,4096
1625724872,597477273,69929240,4096
1625724872,597477273,69929248,4096
1625724872,597477273,69929256,4096
1625724872,597477273,69929264,4096
1625724872,597477273,69929272,4096
1625724872,597477273,69929280,4096
1625724872,597478346,69929288,4096
1625724872,597478346,69929296,4096
1625724872,597478346,69929304,4096
1625724872,597478346,69929312,4096
1625724872,597478346,69929320,4096
1625724872,597478346,69929328,4096
1625724872,597478346,69929336,4096
1625724872,597601799,69929344,4096
1625724872,597601799,69929352,4096
1625724872,597601799,69929360,4096
1625724872,597601799,69929368,4096
1625724872,597601799,69929376,4096
1625724872,597601799,69929384,4096
1625724872,597602872,69929392,4096
1625724872,597602872,69929400,4096
1625724872,597602872,69929408,4096
1625724872,597602872,69929416,4096
1625724872,597602872,69929424,4096
1625724872,597602872,69929432,4096
1625724872,597602872,69929440,4096
1625724872,597602872,69929448,4096
1625724872,597602872,69929456,4096
1625724872,597603946,69929464,4096
1625724872,602170615,69929472,4096
1625724872,602171688,69929480,4096
1625724872,602171688,69929488,4096
1625724872,602171688,69929496,4096
1625724872,602171688,69929504,4096
1625724872,602171688,69929512,4096
1625724872,602171688,69929520,4096
1625724872,602171688,69929528,4096
1625724872,602172762,69929536,4096
1625724872,602172762,69929544,4096
1625724872,602172762,69929552,4096
1625724872,602172762,69929560,4096
1625724872,602172762,69929568,4096
1625724872,602172762,69929576,4096
1625724872,602172762,69929584,4096
1625724872,602172762,69929592,4096
1625724872,602296214,69929600,4096
1625724872,602296214,69929608,4096
1625724872,602296214,69929616,4096
1625724872,602296214,69929624,4096
1625724872,602296214,69929632,4096
1625724872,602297288,69929640,4096
1625724872,602297288,69929648,4096
1625724872,602297288,69929656,4096
1625724872,602297288,69929664,4096
1625724872,602297288,69929672,4096
1625724872,602297288,69929680,4096
1625724872,602297288,69929688,4096
1625724872,602297288,69929696,4096
1625724872,602297288,69929704,4096
1625724872,602297288,69929712,4096
1625724872,602298361,69929720,4096
1625724872,606907970,69929728,4096
1625724872,606909044,69929736,4096
1625724872,606909044,69929744,4096
1625724872,606909044,69929752,4096
1625724872,606909044,69929760,4096
1625724872,606909044,69929768,4096
1625724872,606909044,69929776,4096
1625724872,606910117,69929784,4096
1625724872,606910117,69929792,4096
1625724872,606910117,69929800,4096
1625724872,606910117,69929808,4096
1625724872,606910117,69929816,4096
1625724872,606910117,69929824,4096
1625724872,606910117,69929832,4096
1625724872,606910117,69929840,4096
1625724872,606910117,69929848,4096
1625724872,607035717,69929856,4096
1625724872,607036790,69929864,4096
1625724872,607036790,69929872,4096
1625724872,607036790,69929880,4096
1625724872,607036790,69929888,4096
1625724872,607036790,69929896,4096
1625724872,607036790,69929904,4096
1625724872,607036790,69929912,4096
1625724872,607036790,69929920,4096
1625724872,607036790,69929928,4096
1625724872,607037864,69929936,4096
1625724872,607037864,69929944,4096
1625724872,607037864,69929952,4096
1625724872,607037864,69929960,4096
1625724872,607037864,69929968,4096
1625724872,607037864,69929976,4096
1625724872,611769852,69929984,4096
1625724872,611769852,69929992,4096
1625724872,611769852,69930000,4096
1625724872,611769852,69930008,4096
1625724872,611769852,69930016,4096
1625724872,611769852,69930024,4096
1625724872,611769852,69930032,4096
1625724872,611769852,69930040,4096
1625724872,611770925,69930048,4096
1625724872,611770925,69930056,4096
1625724872,611770925,69930064,4096
1625724872,611770925,69930072,4096
1625724872,611770925,69930080,4096
1625724872,611770925,69930088,4096
1625724872,611770925,69930096,4096
1625724872,611770925,69930104,4096
1625724872,611897598,69930112,4096
1625724872,611897598,69930120,4096
1625724872,611897598,69930128,4096
1625724872,611897598,69930136,4096
1625724872,611897598,69930144,4096
1625724872,611897598,69930152,4096
1625724872,611897598,69930160,4096
1625724872,611897598,69930168,4096
1625724872,611898672,69930176,4096
1625724872,611898672,69930184,4096
1625724872,611898672,69930192,4096
1625724872,611898672,69930200,4096
1625724872,611898672,69930208,4096
1625724872,611898672,69930216,4096
1625724872,611898672,69930224,4096
1625724872,611898672,69930232,4096
1625724872,616469635,69930240,4096
1625724872,616469635,69930248,4096
1625724872,616469635,69930256,4096
1625724872,616469635,69930264,4096
1625724872,616469635,69930272,4096
1625724872,616470708,69930280,4096
1625724872,616470708,69930288,4096
1625724872,616470708,69930296,4096
1625724872,616470708,69930304,4096
1625724872,616470708,69930312,4096
1625724872,616470708,69930320,4096
1625724872,616470708,69930328,4096
1625724872,616470708,69930336,4096
1625724872,616470708,69930344,4096
1625724872,616471782,69930352,4096
1625724872,616471782,69930360,4096
1625724872,616595234,69930368,4096
1625724872,616595234,69930376,4096
1625724872,616595234,69930384,4096
1625724872,616595234,69930392,4096
1625724872,616595234,69930400,4096
1625724872,616595234,69930408,4096
1625724872,616595234,69930416,4096
1625724872,616595234,69930424,4096
1625724872,616596308,69930432,4096
1625724872,616596308,69930440,4096
1625724872,616596308,69930448,4096
1625724872,616596308,69930456,4096
1625724872,616596308,69930464,4096
1625724872,616596308,69930472,4096
1625724872,616596308,69930480,4096
1625724872,616596308,69930488,4096
1625724872,621260665,69930496,4096
1625724872,621260665,69930504,4096
1625724872,621260665,69930512,4096
1625724872,621260665,69930520,4096
1625724872,621261739,69930528,4096
1625724872,621261739,69930536,4096
1625724872,621261739,69930544,4096
1625724872,621261739,69930552,4096
1625724872,621261739,69930560,4096
1625724872,621261739,69930568,4096
1625724872,621261739,69930576,4096
1625724872,621261739,69930584,4096
1625724872,621261739,69930592,4096
1625724872,621262812,69930600,4096
1625724872,621262812,69930608,4096
1625724872,621262812,69930616,4096
1625724872,621388412,69930624,4096
1625724872,621388412,69930632,4096
1625724872,621388412,69930640,4096
1625724872,621388412,69930648,4096
1625724872,621389485,69930656,4096
1625724872,621389485,69930664,4096
1625724872,621389485,69930672,4096
1625724872,621389485,69930680,4096
1625724872,621389485,69930688,4096
1625724872,621389485,69930696,4096
1625724872,621389485,69930704,4096
1625724872,621389485,69930712,4096
1625724872,621389485,69930720,4096
1625724872,621390559,69930728,4096
1625724872,621390559,69930736,4096
1625724872,621390559,69930744,4096
1625724872,626007682,69930752,4096
1625724872,626007682,69930760,4096
1625724872,626007682,69930768,4096
1625724872,626007682,69930776,4096
1625724872,626007682,69930784,4096
1625724872,626007682,69930792,4096
1625724872,626007682,69930800,4096
1625724872,626008756,69930808,4096
1625724872,626008756,69930816,4096
1625724872,626008756,69930824,4096
1625724872,626008756,69930832,4096
1625724872,626008756,69930840,4096
1625724872,626008756,69930848,4096
1625724872,626008756,69930856,4096
1625724872,626008756,69930864,4096
1625724872,626009829,69930872,4096
1625724872,626132208,69930880,4096
1625724872,626132208,69930888,4096
1625724872,626133282,69930896,4096
1625724872,626133282,69930904,4096
1625724872,626133282,69930912,4096
1625724872,626133282,69930920,4096
1625724872,626133282,69930928,4096
1625724872,626133282,69930936,4096
1625724872,626133282,69930944,4096
1625724872,626133282,69930952,4096
1625724872,626133282,69930960,4096
1625724872,626134355,69930968,4096
1625724872,626134355,69930976,4096
1625724872,626134355,69930984,4096
1625724872,626134355,69930992,4096
1625724872,626134355,69931000,4096
1625724872,630716053,69931008,4096
1625724872,630716053,69931016,4096
1625724872,630716053,69931024,4096
1625724872,630716053,69931032,4096
1625724872,630716053,69931040,4096
1625724872,630717127,69931048,4096
1625724872,630717127,69931056,4096
1625724872,630717127,69931064,4096
1625724872,630717127,69931072,4096
1625724872,630717127,69931080,4096
1625724872,630717127,69931088,4096
1625724872,630717127,69931096,4096
1625724872,630717127,69931104,4096
1625724872,630717127,69931112,4096
1625724872,630718200,69931120,4096
1625724872,630718200,69931128,4096
1625724872,630841653,69931136,4096
1625724872,630841653,69931144,4096
1625724872,630841653,69931152,4096
1625724872,630841653,69931160,4096
1625724872,630841653,69931168,4096
1625724872,630841653,69931176,4096
1625724872,630841653,69931184,4096
1625724872,630841653,69931192,4096
1625724872,630841653,69931200,4096
1625724872,630841653,69931208,4096
1625724872,630842726,69931216,4096
1625724872,630842726,69931224,4096
1625724872,630842726,69931232,4096
1625724872,630842726,69931240,4096
1625724872,630842726,69931248,4096
1625724872,630842726,69931256,4096
1625724872,635430865,69931264,4096
1625724872,635430865,69931272,4096
1625724872,635431939,69931280,4096
1625724872,635431939,69931288,4096
1625724872,635431939,69931296,4096
1625724872,635431939,69931304,4096
1625724872,635431939,69931312,4096
1625724872,635431939,69931320,4096
1625724872,635431939,69931328,4096
1625724872,635431939,69931336,4096
1625724872,635431939,69931344,4096
1625724872,635433012,69931352,4096
1625724872,635433012,69931360,4096
1625724872,635433012,69931368,4096
1625724872,635433012,69931376,4096
1625724872,635433012,69931384,4096
1625724872,635555391,69931392,4096
1625724872,635555391,69931400,4096
1625724872,635556465,69931408,4096
1625724872,635556465,69931416,4096
1625724872,635556465,69931424,4096
1625724872,635556465,69931432,4096
1625724872,635556465,69931440,4096
1625724872,635556465,69931448,4096
1625724872,635556465,69931456,4096
1625724872,635556465,69931464,4096
1625724872,635556465,69931472,4096
1625724872,635557538,69931480,4096
1625724872,635557538,69931488,4096
1625724872,635557538,69931496,4096
1625724872,635557538,69931504,4096
1625724872,635557538,69931512,4096
1625724872,640187544,69931520,4096
1625724872,640187544,69931528,4096
1625724872,640187544,69931536,4096
1625724872,640188617,69931544,4096
1625724872,640188617,69931552,4096
1625724872,640188617,69931560,4096
1625724872,640188617,69931568,4096
1625724872,640188617,69931576,4096
1625724872,640188617,69931584,4096
1625724872,640188617,69931592,4096
1625724872,640188617,69931600,4096
1625724872,640189691,69931608,4096
1625724872,640189691,69931616,4096
1625724872,640189691,69931624,4096
1625724872,640189691,69931632,4096
1625724872,640189691,69931640,4096
1625724872,640315290,69931648,4096
1625724872,640315290,69931656,4096
1625724872,640315290,69931664,4096
1625724872,640315290,69931672,4096
1625724872,640316364,69931680,4096
1625724872,640316364,69931688,4096
1625724872,640316364,69931696,4096
1625724872,640316364,69931704,4096
1625724872,640316364,69931712,4096
1625724872,640316364,69931720,4096
1625724872,640316364,69931728,4096
1625724872,640316364,69931736,4096
1625724872,640316364,69931744,4096
1625724872,640317437,69931752,4096
1625724872,640317437,69931760,4096
1625724872,640317437,69931768,4096
1625724872,644909870,69931776,4096
1625724872,644909870,69931784,4096
1625724872,644909870,69931792,4096
1625724872,644909870,69931800,4096
1625724872,644910944,69931808,4096
1625724872,644910944,69931816,4096
1625724872,644910944,69931824,4096
1625724872,644910944,69931832,4096
1625724872,644910944,69931840,4096
1625724872,644910944,69931848,4096
1625724872,644910944,69931856,4096
1625724872,644910944,69931864,4096
1625724872,644910944,69931872,4096
1625724872,644912017,69931880,4096
1625724872,644912017,69931888,4096
1625724872,644912017,69931896,4096
1625724872,645034396,69931904,4096
1625724872,645035470,69931912,4096
1625724872,645035470,69931920,4096
1625724872,645035470,69931928,4096
1625724872,645035470,69931936,4096
1625724872,645035470,69931944,4096
1625724872,645035470,69931952,4096
1625724872,645035470,69931960,4096
1625724872,645035470,69931968,4096
1625724872,645035470,69931976,4096
1625724872,645036543,69931984,4096
1625724872,645036543,69931992,4096
1625724872,645036543,69932000,4096
1625724872,645036543,69932008,4096
1625724872,645036543,69932016,4096
1625724872,645036543,69932024,4096
1625724872,649752429,69932032,4096
1625724872,649752429,69932040,4096
1625724872,649752429,69932048,4096
1625724872,649752429,69932056,4096
1625724872,649752429,69932064,4096
1625724872,649752429,69932072,4096
1625724872,649752429,69932080,4096
1625724872,649753502,69932088,4096
1625724872,649753502,69932096,4096
1625724872,649753502,69932104,4096
1625724872,649753502,69932112,4096
1625724872,649753502,69932120,4096
1625724872,649753502,69932128,4096
1625724872,649753502,69932136,4096
1625724872,649753502,69932144,4096
1625724872,649753502,69932152,4096
1625724872,649879102,69932160,4096
1625724872,649879102,69932168,4096
1625724872,649880175,69932176,4096
1625724872,649880175,69932184,4096
1625724872,649880175,69932192,4096
1625724872,649880175,69932200,4096
1625724872,649880175,69932208,4096
1625724872,649880175,69932216,4096
1625724872,649880175,69932224,4096
1625724872,649880175,69932232,4096
1625724872,649881249,69932240,4096
1625724872,649881249,69932248,4096
1625724872,649881249,69932256,4096
1625724872,649881249,69932264,4096
1625724872,649881249,69932272,4096
1625724872,649881249,69932280,4096
1625724872,654535945,69932288,4096
1625724872,654535945,69932296,4096
1625724872,654535945,69932304,4096
1625724872,654537018,69932312,4096
1625724872,654537018,69932320,4096
1625724872,654537018,69932328,4096
1625724872,654537018,69932336,4096
1625724872,654537018,69932344,4096
1625724872,654537018,69932352,4096
1625724872,654537018,69932360,4096
1625724872,654537018,69932368,4096
1625724872,654537018,69932376,4096
1625724872,654538092,69932384,4096
1625724872,654538092,69932392,4096
1625724872,654538092,69932400,4096
1625724872,654538092,69932408,4096
1625724872,654652956,69932416,4096
1625724872,654654030,69932424,4096
1625724872,654654030,69932432,4096
1625724872,654654030,69932440,4096
1625724872,654654030,69932448,4096
1625724872,654654030,69932456,4096
1625724872,654654030,69932464,4096
1625724872,654654030,69932472,4096
1625724872,654654030,69932480,4096
1625724872,654655103,69932488,4096
1625724872,654655103,69932496,4096
1625724872,654655103,69932504,4096
1625724872,654655103,69932512,4096
1625724872,654655103,69932520,4096
1625724872,654655103,69932528,4096
1625724872,654655103,69932536,4096
1625724872,659265786,69932544,4096
1625724872,659265786,69932552,4096
1625724872,659266859,69932560,4096
1625724872,659266859,69932568,4096
1625724872,659266859,69932576,4096
1625724872,659266859,69932584,4096
1625724872,659266859,69932592,4096
1625724872,659266859,69932600,4096
1625724872,659266859,69932608,4096
1625724872,659266859,69932616,4096
1625724872,659267933,69932624,4096
1625724872,659267933,69932632,4096
1625724872,659267933,69932640,4096
1625724872,659267933,69932648,4096
1625724872,659267933,69932656,4096
1625724872,659267933,69932664,4096
1625724872,659380650,69932672,4096
1625724872,659380650,69932680,4096
1625724872,659380650,69932688,4096
1625724872,659380650,69932696,4096
1625724872,659380650,69932704,4096
1625724872,659380650,69932712,4096
1625724872,659381724,69932720,4096
1625724872,659381724,69932728,4096
1625724872,659381724,69932736,4096
1625724872,659381724,69932744,4096
1625724872,659381724,69932752,4096
1625724872,659381724,69932760,4096
1625724872,659381724,69932768,4096
1625724872,659381724,69932776,4096
1625724872,659381724,69932784,4096
1625724872,659382797,69932792,4096
1625724872,663966642,69932800,4096
1625724872,663966642,69932808,4096
1625724872,663966642,69932816,4096
1625724872,663966642,69932824,4096
1625724872,663967716,69932832,4096
1625724872,663967716,69932840,4096
1625724872,663967716,69932848,4096
1625724872,663967716,69932856,4096
1625724872,663967716,69932864,4096
1625724872,663967716,69932872,4096
1625724872,663967716,69932880,4096
1625724872,663967716,69932888,4096
1625724872,663967716,69932896,4096
1625724872,663968789,69932904,4096
1625724872,663968789,69932912,4096
1625724872,663968789,69932920,4096
1625724872,664079360,69932928,4096
1625724872,664080433,69932936,4096
1625724872,664080433,69932944,4096
1625724872,664080433,69932952,4096
1625724872,664080433,69932960,4096
1625724872,664080433,69932968,4096
1625724872,664080433,69932976,4096
1625724872,664080433,69932984,4096
1625724872,664080433,69932992,4096
1625724872,664080433,69933000,4096
1625724872,664081507,69933008,4096
1625724872,664081507,69933016,4096
1625724872,664081507,69933024,4096
1625724872,664081507,69933032,4096
1625724872,664081507,69933040,4096
1625724872,664081507,69933048,4096
1625724872,668691116,69933056,4096
1625724872,668691116,69933064,4096
1625724872,668692189,69933072,4096
1625724872,668692189,69933080,4096
1625724872,668692189,69933088,4096
1625724872,668692189,69933096,4096
1625724872,668692189,69933104,4096
1625724872,668692189,69933112,4096
1625724872,668692189,69933120,4096
1625724872,668692189,69933128,4096
1625724872,668693263,69933136,4096
1625724872,668693263,69933144,4096
1625724872,668693263,69933152,4096
1625724872,668693263,69933160,4096
1625724872,668693263,69933168,4096
1625724872,668693263,69933176,4096
1625724872,668804907,69933184,4096
1625724872,668804907,69933192,4096
1625724872,668804907,69933200,4096
1625724872,668804907,69933208,4096
1625724872,668804907,69933216,4096
1625724872,668804907,69933224,4096
1625724872,668804907,69933232,4096
1625724872,668804907,69933240,4096
1625724872,668805980,69933248,4096
1625724872,668805980,69933256,4096
1625724872,668805980,69933264,4096
1625724872,668805980,69933272,4096
1625724872,668805980,69933280,4096
1625724872,668805980,69933288,4096
1625724872,668805980,69933296,4096
1625724872,668805980,69933304,4096
1625724872,673470338,69933312,4096
1625724872,673470338,69933320,4096
1625724872,673470338,69933328,4096
1625724872,673470338,69933336,4096
1625724872,673470338,69933344,4096
1625724872,673470338,69933352,4096
1625724872,673471411,69933360,4096
1625724872,673471411,69933368,4096
1625724872,673471411,69933376,4096
1625724872,673471411,69933384,4096
1625724872,673471411,69933392,4096
1625724872,673471411,69933400,4096
1625724872,673471411,69933408,4096
1625724872,673471411,69933416,4096
1625724872,673471411,69933424,4096
1625724872,673472485,69933432,4096
1625724872,673585202,69933440,4096
1625724872,673585202,69933448,4096
1625724872,673585202,69933456,4096
1625724872,673586276,69933464,4096
1625724872,673586276,69933472,4096
1625724872,673586276,69933480,4096
1625724872,673586276,69933488,4096
1625724872,673586276,69933496,4096
1625724872,673586276,69933504,4096
1625724872,673586276,69933512,4096
1625724872,673586276,69933520,4096
1625724872,673586276,69933528,4096
1625724872,673587349,69933536,4096
1625724872,673587349,69933544,4096
1625724872,673587349,69933552,4096
1625724872,673587349,69933560,4096
1625724872,678192664,69933568,4096
1625724872,678192664,69933576,4096
1625724872,678193738,69933584,4096
1625724872,678193738,69933592,4096
1625724872,678193738,69933600,4096
1625724872,678193738,69933608,4096
1625724872,678193738,69933616,4096
1625724872,678193738,69933624,4096
1625724872,678193738,69933632,4096
1625724872,678193738,69933640,4096
1625724872,678193738,69933648,4096
1625724872,678194811,69933656,4096
1625724872,678194811,69933664,4096
1625724872,678194811,69933672,4096
1625724872,678194811,69933680,4096
1625724872,678194811,69933688,4096
1625724872,678309676,69933696,4096
1625724872,678309676,69933704,4096
1625724872,678309676,69933712,4096
1625724872,678309676,69933720,4096
1625724872,678309676,69933728,4096
1625724872,678309676,69933736,4096
1625724872,678309676,69933744,4096
1625724872,678310749,69933752,4096
1625724872,678310749,69933760,4096
1625724872,678310749,69933768,4096
1625724872,678310749,69933776,4096
1625724872,678310749,69933784,4096
1625724872,678310749,69933792,4096
1625724872,678310749,69933800,4096
1625724872,678310749,69933808,4096
1625724872,678310749,69933816,4096
1625724872,682924652,69933824,4096
1625724872,682924652,69933832,4096
1625724872,682924652,69933840,4096
1625724872,682924652,69933848,4096
1625724872,682924652,69933856,4096
1625724872,682924652,69933864,4096
1625724872,682924652,69933872,4096
1625724872,682925726,69933880,4096
1625724872,682925726,69933888,4096
1625724872,682925726,69933896,4096
1625724872,682925726,69933904,4096
1625724872,682925726,69933912,4096
1625724872,682925726,69933920,4096
1625724872,682925726,69933928,4096
1625724872,682925726,69933936,4096
1625724872,682926799,69933944,4096
1625724872,683037370,69933952,4096
1625724872,683037370,69933960,4096
1625724872,683037370,69933968,4096
1625724872,683037370,69933976,4096
1625724872,683037370,69933984,4096
1625724872,683037370,69933992,4096
1625724872,683038443,69934000,4096
1625724872,683038443,69934008,4096
1625724872,683038443,69934016,4096
1625724872,683038443,69934024,4096
1625724872,683038443,69934032,4096
1625724872,683038443,69934040,4096
1625724872,683038443,69934048,4096
1625724872,683038443,69934056,4096
1625724872,683038443,69934064,4096
1625724872,683039517,69934072,4096
1625724872,687863826,69934080,4096
1625724872,687863826,69934088,4096
1625724872,687864899,69934096,4096
1625724872,687864899,69934104,4096
1625724872,687864899,69934112,4096
1625724872,687864899,69934120,4096
1625724872,687864899,69934128,4096
1625724872,687864899,69934136,4096
1625724872,687864899,69934144,4096
1625724872,687864899,69934152,4096
1625724872,687865973,69934160,4096
1625724872,687865973,69934168,4096
1625724872,687865973,69934176,4096
1625724872,687865973,69934184,4096
1625724872,687865973,69934192,4096
1625724872,687865973,69934200,4096
1625724872,687979764,69934208,4096
1625724872,687979764,69934216,4096
1625724872,687979764,69934224,4096
1625724872,687979764,69934232,4096
1625724872,687980837,69934240,4096
1625724872,687980837,69934248,4096
1625724872,687980837,69934256,4096
1625724872,687980837,69934264,4096
1625724872,687980837,69934272,4096
1625724872,687980837,69934280,4096
1625724872,687980837,69934288,4096
1625724872,687980837,69934296,4096
1625724872,687980837,69934304,4096
1625724872,687981911,69934312,4096
1625724872,687981911,69934320,4096
1625724872,687981911,69934328,4096
1625724872,692567903,69934336,4096
1625724872,692567903,69934344,4096
1625724872,692568976,69934352,4096
1625724872,692568976,69934360,4096
1625724872,692568976,69934368,4096
1625724872,692568976,69934376,4096
1625724872,692568976,69934384,4096
1625724872,692568976,69934392,4096
1625724872,692568976,69934400,4096
1625724872,692568976,69934408,4096
1625724872,692570050,69934416,4096
1625724872,692570050,69934424,4096
1625724872,692570050,69934432,4096
1625724872,692570050,69934440,4096
1625724872,692570050,69934448,4096
1625724872,692570050,69934456,2048
1625724872,692681694,69934460,4096
1625724872,692681694,69934468,4096
1625724872,692681694,69934476,4096
1625724872,692681694,69934484,4096
1625724872,692681694,69934492,4096
1625724872,692681694,69934500,4096
1625724872,692682767,69934508,4096
1625724872,692682767,69934516,4096
1625724872,692682767,69934524,4096
1625724872,692682767,69934532,4096
1625724872,692682767,69934540,4096
1625724872,692682767,69934548,4096
1625724872,692682767,69934556,4096
1625724872,692682767,69934564,4096
1625724872,692683841,69934572,4096
1625724872,692683841,69934580,2048
1625724873,267377883,62038304,4096
1625724873,267378957,62038312,4096
1625724873,267378957,62038320,4096
1625724873,267378957,62038328,4096
1625724873,267378957,62038336,4096
1625724873,267378957,62038344,4096
1625724873,267378957,62038352,4096
1625724873,267378957,62038360,4096
1625724873,267378957,62038368,4096
1625724873,267380030,62038376,4096
1625724873,267380030,62038384,4096
1625724873,267380030,62038392,4096
1625724873,267380030,62038400,4096
1625724873,267380030,62038408,4096
1625724873,267380030,62038416,4096
1625724873,267380030,62038424,4096
1625724873,267398280,62036768,4096
1625724873,267398280,62036776,4096
1625724873,267398280,62036784,4096
1625724873,267398280,62036792,4096
1625724873,267532467,67315040,4096
1625724873,267532467,67315048,4096
1625724873,267532467,67315056,4096
1625724873,267532467,67315064,4096
1625724873,267533541,67315072,4096
1625724873,267533541,67315080,4096
1625724873,267533541,67315088,4096
1625724873,267533541,67315096,4096
1625724873,267533541,67315104,4096
1625724873,267533541,67315112,4096
1625724873,267533541,67315120,4096
1625724873,267533541,67315128,4096
1625724873,267534614,67315136,4096
1625724873,267534614,67315144,4096
1625724873,267534614,67315152,4096
1625724873,267534614,67315160,4096
1625724873,267660214,67314912,4096
1625724873,267660214,67314920,4096
1625724873,267660214,67314928,4096
1625724873,267660214,67314936,4096
1625724873,267660214,67314944,4096
1625724873,267660214,67314952,4096
1625724873,267660214,67314960,4096
1625724873,267660214,67314968,4096
1625724873,267660214,67314976,4096
1625724873,267661287,67314984,4096
1625724873,267661287,67314992,4096
1625724873,267661287,67315000,4096
1625724873,267661287,67315008,4096
1625724873,267661287,67315016,4096
1625724873,267661287,67315024,4096
1625724873,267661287,67315032,4096
1625724873,276950283,62430432,4096
1625724873,276950283,62430440,4096
1625724873,276950283,62430448,4096
1625724873,276950283,62430456,4096
1625724873,276950283,62430464,4096
1625724873,276950283,62430472,4096
1625724873,276950283,62430480,4096
1625724873,276950283,62430488,4096
1625724873,276951356,62430496,4096
1625724873,276951356,62430504,4096
1625724873,276951356,62430512,4096
1625724873,276951356,62430520,4096
1625724873,277245495,70635232,4096
1625724873,277246569,70635240,4096
1625724873,277246569,70635248,4096
1625724873,277246569,70635256,4096
1625724873,277246569,70635264,4096
1625724873,277246569,70635272,4096
1625724873,277246569,70635280,4096
1625724873,277246569,70635288,4096
1625724873,285375111,62462912,4096
1625724873,285375111,62462920,4096
1625724873,285376184,62462928,4096
1625724873,285376184,62462936,4096
1625724873,285376184,62462944,4096
1625724873,285376184,62462952,4096
1625724873,285376184,62462960,4096
1625724873,285376184,62462968,4096
1625724873,285376184,62462976,4096
1625724873,285376184,62462984,4096
1625724873,285376184,62462992,4096
1625724873,285377258,62463000,4096
1625724873,285377258,62463008,4096
1625724873,285377258,62463016,4096
1625724873,285377258,62463024,4096
1625724873,285377258,62463032,4096
1625724873,285391213,63556480,4096
1625724873,285391213,63556488,4096
1625724873,285391213,63556496,4096
1625724873,285391213,63556504,4096
1625724873,285585517,68806528,4096
1625724873,285585517,68806536,4096
1625724873,285585517,68806544,4096
1625724873,285585517,68806552,4096
1625724873,285585517,68806560,4096
1625724873,285585517,68806568,4096
1625724873,285585517,68806576,4096
1625724873,285585517,68806584,4096
1625724873,285585517,68806592,4096
1625724873,285586590,68806600,4096
1625724873,285586590,68806608,4096
1625724873,285586590,68806616,4096
1625724873,285586590,68806624,4096
1625724873,285586590,68806632,4096
1625724873,285586590,68806640,4096
1625724873,285586590,68806648,4096
1625724873,285735807,68806656,4096
1625724873,285735807,68806664,4096
1625724873,285735807,68806672,4096
1625724873,285736880,68806680,4096
1625724873,285736880,68806688,4096
1625724873,285736880,68806696,4096
1625724873,285736880,68806704,4096
1625724873,285736880,68806712,4096
1625724873,285736880,68806720,4096
1625724873,285736880,68806728,4096
1625724873,285736880,68806736,4096
1625724873,285736880,68806744,4096
1625724873,285737954,68806752,4096
1625724873,285737954,68806760,4096
1625724873,285737954,68806768,4096
1625724873,285737954,68806776,4096
1625724873,290746905,7737920,4096
1625724873,290746905,7737928,4096
1625724873,290746905,7737936,4096
1625724873,290746905,7737944,4096
1625724873,290746905,7737952,4096
1625724873,290747978,7737960,4096
1625724873,290747978,7737968,4096
1625724873,290747978,7737976,4096
1625724873,290747978,7737984,4096
1625724873,290747978,7737992,4096
1625724873,290747978,7738000,4096
1625724873,290747978,7738008,4096
1625724873,290749052,7738016,4096
1625724873,290749052,7738024,4096
1625724873,290749052,7738032,4096
1625724873,290749052,7738040,4096
1625724873,290749052,7738048,4096
1625724873,290749052,7738056,4096
1625724873,290749052,7738064,4096
1625724873,290749052,7738072,4096
1625724873,290749052,7738080,4096
1625724873,290750125,7738088,1536
1625724873,290907930,7738091,4096
1625724873,290907930,7738099,4096
1625724873,290909003,7738107,4096
1625724873,290909003,7738115,4096
1625724873,290909003,7738123,4096
1625724873,290909003,7738131,4096
1625724873,290909003,7738139,4096
1625724873,290909003,7738147,4096
1625724873,290909003,7738155,4096
1625724873,290909003,7738163,4096
1625724873,290909003,7738171,4096
1625724873,290910077,7738179,4096
1625724873,290910077,7738187,4096
1625724873,290910077,7738195,4096
1625724873,290910077,7738203,4096
1625724873,290910077,7738211,4096
1625724873,290910077,7738219,4096
1625724873,290910077,7738227,4096
1625724873,290910077,7738235,4096
1625724873,290910077,7738243,4096
1625724873,290911150,7738251,4096
1625724873,290911150,7738259,1536
1625724873,291071102,7738262,4096
1625724873,291071102,7738270,4096
1625724873,291071102,7738278,4096
1625724873,291071102,7738286,4096
1625724873,291072175,7738294,4096
1625724873,291072175,7738302,4096
1625724873,291072175,7738310,4096
1625724873,291072175,7738318,4096
1625724873,291072175,7738326,4096
1625724873,291072175,7738334,4096
1625724873,291072175,7738342,4096
1625724873,291072175,7738350,4096
1625724873,291073249,7738358,4096
1625724873,291073249,7738366,4096
1625724873,291073249,7738374,4096
1625724873,291073249,7738382,4096
1625724873,291073249,7738390,4096
1625724873,291073249,7738398,4096
1625724873,291073249,7738406,4096
1625724873,291073249,7738414,4096
1625724873,291073249,7738422,4096
1625724873,291074322,7738430,1024
1625724873,291318007,7738432,4096
1625724873,291318007,7738440,4096
1625724873,291318007,7738448,4096
1625724873,291318007,7738456,4096
1625724873,291318007,7738464,4096
1625724873,291318007,7738472,4096
1625724873,291318007,7738480,4096
1625724873,291318007,7738488,4096
1625724873,291319080,7738496,4096
1625724873,291319080,7738504,4096
1625724873,291319080,7738512,4096
1625724873,291319080,7738520,4096
1625724873,291319080,7738528,4096
1625724873,291322301,7738536,4096
1625724873,291322301,7738544,4096
1625724873,291323374,7738552,4096
1625724873,291323374,7738560,4096
1625724873,291323374,7738568,4096
1625724873,291323374,7738576,4096
1625724873,291323374,7738584,4096
1625724873,291323374,7738592,4096
1625724873,291323374,7738600,1536
1625724873,291412475,7738603,4096
1625724873,291412475,7738611,4096
1625724873,291412475,7738619,4096
1625724873,291412475,7738627,4096
1625724873,291412475,7738635,4096
1625724873,291412475,7738643,4096
1625724873,291413548,7738651,4096
1625724873,291413548,7738659,4096
1625724873,291413548,7738667,4096
1625724873,291413548,7738675,4096
1625724873,291413548,7738683,4096
1625724873,291413548,7738691,4096
1625724873,291413548,7738699,4096
1625724873,291413548,7738707,4096
1625724873,291413548,7738715,4096
1625724873,291414622,7738723,4096
1625724873,291414622,7738731,4096
1625724873,291414622,7738739,4096
1625724873,291414622,7738747,4096
1625724873,291414622,7738755,4096
1625724873,291414622,7738763,4096
1625724873,291414622,7738771,1536
1625724873,291572426,7738774,4096
1625724873,291572426,7738782,4096
1625724873,291572426,7738790,4096
1625724873,291572426,7738798,4096
1625724873,291572426,7738806,4096
1625724873,291573500,7738814,4096
1625724873,291573500,7738822,4096
1625724873,291573500,7738830,4096
1625724873,291573500,7738838,4096
1625724873,291573500,7738846,4096
1625724873,291573500,7738854,4096
1625724873,291573500,7738862,4096
1625724873,291573500,7738870,4096
1625724873,291573500,7738878,4096
1625724873,291574573,7738886,4096
1625724873,291574573,7738894,4096
1625724873,291574573,7738902,4096
1625724873,291574573,7738910,4096
1625724873,291574573,7738918,4096
1625724873,291574573,7738926,4096
1625724873,291574573,7738934,4096
1625724873,291574573,7738942,1024
1625724873,291778538,7738944,4096
1625724873,291778538,7738952,4096
1625724873,291778538,7738960,4096
1625724873,291778538,7738968,4096
1625724873,291778538,7738976,4096
1625724873,291778538,7738984,4096
1625724873,291778538,7738992,4096
1625724873,291778538,7739000,4096
1625724873,291779612,7739008,4096
1625724873,291779612,7739016,4096
1625724873,291779612,7739024,4096
1625724873,291779612,7739032,4096
1625724873,291779612,7739040,4096
1625724873,291779612,7739048,4096
1625724873,291779612,7739056,4096
1625724873,291779612,7739064,4096
1625724873,291779612,7739072,4096
1625724873,291780685,7739080,4096
1625724873,291780685,7739088,4096
1625724873,291780685,7739096,4096
1625724873,291780685,7739104,4096
1625724873,291780685,7739112,4096
1625724873,291780685,7739120,4096
1625724873,291780685,7739128,4096
1625724873,291954592,7739136,4096
1625724873,291954592,7739144,4096
1625724873,291954592,7739152,4096
1625724873,291954592,7739160,4096
1625724873,291954592,7739168,4096
1625724873,291954592,7739176,4096
1625724873,291954592,7739184,4096
1625724873,291954592,7739192,4096
1625724873,291955666,7739200,4096
1625724873,291955666,7739208,4096
1625724873,291955666,7739216,4096
1625724873,291955666,7739224,4096
1625724873,291955666,7739232,4096
1625724873,291955666,7739240,4096
1625724873,291955666,7739248,4096
1625724873,291955666,7739256,4096
1625724873,291956739,7739264,4096
1625724873,291956739,7739272,4096
1625724873,291956739,7739280,4096
1625724873,291956739,7739288,4096
1625724873,291956739,7739296,4096
1625724873,291956739,7739304,4096
1625724873,291956739,7739312,4096
1625724873,291956739,7739320,4096
1625724873,485203915,66795330,4096
1625724873,485204989,66795338,4096
1625724873,485204989,66795346,4096
1625724873,485204989,66795354,4096
1625724873,485204989,66795362,4096
1625724873,485204989,66795370,4096
1625724873,485204989,66795378,4096
1625724873,485206062,66795386,4096
1625724873,485808296,66798998,4096
1625724873,485809369,66799006,4096
1625724873,485809369,66799014,4096
1625724873,485809369,66799022,4096
1625724873,486317135,66798958,4096
1625724873,486317135,66798966,4096
1625724873,486317135,66798974,4096
1625724873,486317135,66798982,4096
1625724873,486847444,66797531,4096
1625724873,486847444,66797539,4096
1625724873,486847444,66797547,4096
1625724873,486847444,66797555,4096
1625724873,487313343,66798870,4096
1625724873,489761996,48953272,4096
1625724873,490329878,59765808,4096
1625724873,491276705,66799038,4096
1625724873,491277778,66799046,4096
1625724873,491277778,66799054,4096
1625724873,491277778,66799062,4096
1625724873,491664238,66799030,4096
1625724873,492160195,66797587,4096
1625724873,492160195,66797595,4096
1625724873,492160195,66797603,4096
1625724873,492160195,66797611,4096
1625724873,492623947,66798950,4096
1625724873,495042543,48979152,4096
1625724873,495537426,48979288,4096
1625724873,495994737,48979256,4096
1625724873,496649572,66797195,4096
1625724873,496649572,66797203,4096
1625724873,497158411,6808976,4096
1625724873,498177163,6808984,4096
1625724873,499132578,6808992,4096
1625724873,701928536,66616906,4096
1625724873,701928536,66616914,4096
1625724873,701928536,66616922,4096
1625724873,701928536,66616930,4096
1625724873,701929610,66616938,4096
1625724873,701929610,66616946,4096
1625724873,701929610,66616954,4096
1625724873,701929610,66616962,4096
1625724874,284159622,934133,4096
1625724874,284159622,934141,2560
1625724874,284970115,2370578,4096
1625724874,770192115,6809016,4096
1625724875,280429997,7739328,4096
1625724875,280429997,7739336,4096
1625724875,280431070,7739344,4096
1625724875,280431070,7739352,4096
1625724875,280431070,7739360,4096
1625724875,280431070,7739368,4096
1625724875,280431070,7739376,4096
1625724875,280431070,7739384,4096
1625724875,280431070,7739392,4096
1625724875,280431070,7739400,4096
1625724875,280432144,7739408,4096
1625724875,280432144,7739416,4096
1625724875,280432144,7739424,4096
1625724875,280432144,7739432,4096
1625724875,280432144,7739440,4096
1625724875,280432144,7739448,4096
1625724875,280432144,7739456,4096
1625724875,280432144,7739464,4096
1625724875,280432144,7739472,4096
1625724875,280433217,7739480,4096
1625724875,280433217,7739488,4096
1625724875,280433217,7739496,1536
1625724875,280577066,7739499,4096
1625724875,280577066,7739507,4096
1625724875,280577066,7739515,4096
1625724875,280577066,7739523,4096
1625724875,280577066,7739531,4096
1625724875,280577066,7739539,4096
1625724875,280577066,7739547,4096
1625724875,280578140,7739555,4096
1625724875,280578140,7739563,4096
1625724875,280578140,7739571,4096
1625724875,280578140,7739579,4096
1625724875,280578140,7739587,4096
1625724875,280578140,7739595,4096
1625724875,280578140,7739603,4096
1625724875,280578140,7739611,4096
1625724875,280579213,7739619,4096
1625724875,280579213,7739627,4096
1625724875,280579213,7739635,4096
1625724875,280579213,7739643,4096
1625724875,280579213,7739651,4096
1625724875,280579213,7739659,4096
1625724875,280579213,7739667,1536
1625724875,280742385,7739670,4096
1625724875,280743459,7739678,4096
1625724875,280743459,7739686,4096
1625724875,280743459,7739694,4096
1625724875,280743459,7739702,4096
1625724875,280743459,7739710,4096
1625724875,280743459,7739718,4096
1625724875,280743459,7739726,4096
1625724875,280743459,7739734,4096
1625724875,280743459,7739742,4096
1625724875,280744532,7739750,4096
1625724875,280744532,7739758,4096
1625724875,280744532,7739766,4096
1625724875,280744532,7739774,4096
1625724875,280744532,7739782,4096
1625724875,280744532,7739790,4096
1625724875,280744532,7739798,4096
1625724875,280744532,7739806,4096
1625724875,280744532,7739814,4096
1625724875,280745606,7739822,4096
1625724875,280745606,7739830,4096
1625724875,280745606,7739838,1024
1625724875,280916292,7739840,4096
1625724875,280917366,7739848,4096
1625724875,280917366,7739856,4096
1625724875,280917366,7739864,4096
1625724875,280917366,7739872,4096
1625724875,280917366,7739880,4096
1625724875,280917366,7739888,4096
1625724875,280917366,7739896,4096
1625724875,280917366,7739904,4096
1625724875,280918439,7739912,4096
1625724875,280918439,7739920,4096
1625724875,280918439,7739928,4096
1625724875,280918439,7739936,4096
1625724875,280918439,7739944,4096
1625724875,280918439,7739952,4096
1625724875,280918439,7739960,4096
1625724875,280918439,7739968,4096
1625724875,280918439,7739976,4096
1625724875,280919513,7739984,4096
1625724875,280919513,7739992,4096
1625724875,280919513,7740000,4096
1625724875,280919513,7740008,1536
1625724875,281088052,7740011,4096
1625724875,281088052,7740019,4096
1625724875,281088052,7740027,4096
1625724875,281089126,7740035,4096
1625724875,281089126,7740043,4096
1625724875,281089126,7740051,4096
1625724875,281089126,7740059,4096
1625724875,281089126,7740067,4096
1625724875,281089126,7740075,4096
1625724875,281089126,7740083,4096
1625724875,281089126,7740091,4096
1625724875,281090199,7740099,4096
1625724875,281090199,7740107,4096
1625724875,281090199,7740115,4096
1625724875,281090199,7740123,4096
1625724875,281090199,7740131,4096
1625724875,281090199,7740139,4096
1625724875,281090199,7740147,4096
1625724875,281090199,7740155,4096
1625724875,281090199,7740163,4096
1625724875,281091273,7740171,4096
1625724875,281091273,7740179,1536
1625724875,281251224,7740182,4096
1625724875,281251224,7740190,4096
1625724875,281251224,7740198,4096
1625724875,281251224,7740206,4096
1625724875,281251224,7740214,4096
1625724875,281251224,7740222,4096
1625724875,281251224,7740230,4096
1625724875,281252298,7740238,4096
1625724875,281252298,7740246,4096
1625724875,281252298,7740254,4096
1625724875,281252298,7740262,4096
1625724875,281252298,7740270,4096
1625724875,281252298,7740278,4096
1625724875,281252298,7740286,4096
1625724875,281252298,7740294,4096
1625724875,281252298,7740302,4096
1625724875,281253371,7740310,4096
1625724875,281253371,7740318,4096
1625724875,281253371,7740326,4096
1625724875,281253371,7740334,4096
1625724875,281253371,7740342,4096
1625724875,281253371,7740350,1024
1625724875,281414396,7740352,4096
1625724875,281414396,7740360,4096
1625724875,281414396,7740368,4096
1625724875,281415470,7740376,4096
1625724875,281415470,7740384,4096
1625724875,281415470,7740392,4096
1625724875,281415470,7740400,4096
1625724875,281415470,7740408,4096
1625724875,281415470,7740416,4096
1625724875,281415470,7740424,4096
1625724875,281415470,7740432,4096
1625724875,281416543,7740440,4096
1625724875,281416543,7740448,4096
1625724875,281416543,7740456,4096
1625724875,281416543,7740464,4096
1625724875,281416543,7740472,4096
1625724875,281416543,7740480,4096
1625724875,281416543,7740488,4096
1625724875,281416543,7740496,4096
1625724875,281416543,7740504,4096
1625724875,281417617,7740512,4096
1625724875,281417617,7740520,1536
1625724875,281580789,7740523,4096
1625724875,281580789,7740531,4096
1625724875,281580789,7740539,4096
1625724875,281580789,7740547,4096
1625724875,281581862,7740555,4096
1625724875,281581862,7740563,4096
1625724875,281581862,7740571,4096
1625724875,281581862,7740579,4096
1625724875,281581862,7740587,4096
1625724875,281581862,7740595,4096
1625724875,281581862,7740603,4096
1625724875,281581862,7740611,4096
1625724875,281582936,7740619,4096
1625724875,281582936,7740627,4096
1625724875,281582936,7740635,4096
1625724875,281582936,7740643,4096
1625724875,281582936,7740651,4096
1625724875,281582936,7740659,4096
1625724875,281582936,7740667,4096
1625724875,281582936,7740675,4096
1625724875,281582936,7740683,4096
1625724875,281584009,7740691,1536
1625724875,281746108,7740694,4096
1625724875,281746108,7740702,4096
1625724875,281746108,7740710,4096
1625724875,281746108,7740718,4096
1625724875,281746108,7740726,4096
1625724875,281746108,7740734,4096
1625724875,281747181,7740742,4096
1625724875,281747181,7740750,4096
1625724875,281747181,7740758,4096
1625724875,281747181,7740766,4096
1625724875,281747181,7740774,4096
1625724875,281747181,7740782,4096
1625724875,281747181,7740790,4096
1625724875,281747181,7740798,4096
1625724875,281748255,7740806,4096
1625724875,281748255,7740814,4096
1625724875,281748255,7740822,4096
1625724875,281748255,7740830,4096
1625724875,281748255,7740838,4096
1625724875,281748255,7740846,4096
1625724875,281748255,7740854,4096
1625724875,281748255,7740862,1024
1625724875,281922162,7740864,4096
1625724875,281922162,7740872,4096
1625724875,281922162,7740880,4096
1625724875,281922162,7740888,4096
1625724875,281922162,7740896,4096
1625724875,281922162,7740904,4096
1625724875,281922162,7740912,4096
1625724875,281923235,7740920,4096
1625724875,281923235,7740928,4096
1625724875,281923235,7740936,4096
1625724875,281923235,7740944,4096
1625724875,281923235,7740952,4096
1625724875,281923235,7740960,4096
1625724875,281923235,7740968,4096
1625724875,281923235,7740976,4096
1625724875,281924309,7740984,4096
1625724875,281924309,7740992,4096
1625724875,281924309,7741000,4096
1625724875,281924309,7741008,4096
1625724875,281924309,7741016,4096
1625724875,281924309,7741024,4096
1625724875,281924309,7741032,1536
1625724875,282083187,7741035,4096
1625724875,282083187,7741043,4096
1625724875,282083187,7741051,4096
1625724875,282083187,7741059,4096
1625724875,282083187,7741067,4096
1625724875,282083187,7741075,4096
1625724875,282084260,7741083,4096
1625724875,282084260,7741091,4096
1625724875,282084260,7741099,4096
1625724875,282084260,7741107,4096
1625724875,282084260,7741115,4096
1625724875,282084260,7741123,4096
1625724875,282084260,7741131,4096
1625724875,282084260,7741139,4096
1625724875,282085334,7741147,4096
1625724875,282085334,7741155,4096
1625724875,282085334,7741163,4096
1625724875,282085334,7741171,4096
1625724875,282085334,7741179,4096
1625724875,282085334,7741187,4096
1625724875,282085334,7741195,4096
1625724875,282085334,7741203,1536
1625724875,282264608,7741206,4096
1625724875,282264608,7741214,4096
1625724875,282264608,7741222,4096
1625724875,282264608,7741230,4096
1625724875,282265682,7741238,4096
1625724875,282265682,7741246,4096
1625724875,282265682,7741254,4096
1625724875,282265682,7741262,4096
1625724875,282265682,7741270,4096
1625724875,282265682,7741278,4096
1625724875,282265682,7741286,4096
1625724875,282265682,7741294,4096
1625724875,282265682,7741302,4096
1625724875,282266755,7741310,4096
1625724875,282266755,7741318,4096
1625724875,282266755,7741326,4096
1625724875,282266755,7741334,4096
1625724875,282266755,7741342,4096
1625724875,282266755,7741350,4096
1625724875,282266755,7741358,4096
1625724875,282266755,7741366,4096
1625724875,282266755,7741374,1024
1625724877,276089263,7741376,4096
1625724877,276089263,7741384,4096
1625724877,276089263,7741392,4096
1625724877,276089263,7741400,4096
1625724877,276090337,7741408,4096
1625724877,276090337,7741416,4096
1625724877,276090337,7741424,4096
1625724877,276090337,7741432,4096
1625724877,276090337,7741440,4096
1625724877,276090337,7741448,4096
1625724877,276090337,7741456,4096
1625724877,276091410,7741464,4096
1625724877,276091410,7741472,4096
1625724877,276091410,7741480,4096
1625724877,276091410,7741488,4096
1625724877,276091410,7741496,4096
1625724877,276176217,68735456,4096
1625724877,276176217,68735464,4096
1625724877,276176217,68735472,4096
1625724877,276177290,68735480,4096
1625724877,276177290,68735488,4096
1625724877,276177290,68735496,4096
1625724877,276177290,68735504,4096
1625724877,276177290,68735512,4096
1625724877,276274979,7741504,4096
1625724877,276274979,7741512,4096
1625724877,276274979,7741520,4096
1625724877,276274979,7741528,4096
1625724877,276274979,7741536,4096
1625724877,276274979,7741544,4096
1625724877,276274979,7741552,4096
1625724877,276276052,7741560,4096
1625724877,276276052,7741568,4096
1625724877,276276052,7741576,4096
1625724877,276276052,7741584,4096
1625724877,276276052,7741592,4096
1625724877,276364079,7741600,4096
1625724877,276365153,7741608,4096
1625724877,276365153,7741616,4096
1625724877,276365153,7741624,4096
1625724877,276365153,7741632,4096
1625724877,276365153,7741640,4096
1625724877,276365153,7741648,4096
1625724877,276365153,7741656,4096
1625724877,276365153,7741664,4096
1625724877,276365153,7741672,4096
1625724877,276366226,7741680,4096
1625724877,276366226,7741688,4096
1625724877,276390917,60437728,4096
1625724877,276390917,60437736,4096
1625724877,276390917,60437744,4096
1625724877,276390917,60437752,4096
1625724877,287840868,15808960,4096
1625724877,287840868,15808968,4096
1625724877,287841941,15808976,4096
1625724877,287841941,15808984,4096
1625724877,287841941,15808992,4096
1625724877,287841941,15809000,4096
1625724877,287841941,15809008,4096
1625724877,287841941,15809016,4096
1625724877,287841941,15809024,4096
1625724877,287841941,15809032,4096
1625724877,287841941,15809040,4096
1625724877,287843015,15809048,4096
1625724877,287843015,15809056,4096
1625724877,287843015,15809064,4096
1625724877,287843015,15809072,4096
1625724877,287843015,15809080,4096
1625724877,287843015,15809088,4096
1625724877,287843015,15809096,4096
1625724877,287975055,15809104,4096
1625724877,287975055,15809112,4096
1625724877,287975055,15809120,4096
1625724877,287975055,15809128,4096
1625724877,287975055,15809136,4096
1625724877,287975055,15809144,4096
1625724877,287976129,15809152,4096
1625724877,287976129,15809160,4096
1625724877,287976129,15809168,4096
1625724877,287976129,15809176,4096
1625724877,287976129,15809184,4096
1625724877,287976129,15809192,4096
1625724877,287976129,15809200,4096
1625724877,287976129,15809208,4096
1625724877,287976129,15809216,4096
1625724877,287977202,15809224,4096
1625724877,287977202,15809232,4096
1625724877,287977202,15809240,4096
1625724877,288414117,15824448,4096
1625724877,288414117,15824456,4096
1625724877,288414117,15824464,4096
1625724877,288414117,15824472,4096
1625724877,288414117,15824480,4096
1625724877,288415190,15824488,4096
1625724877,288415190,15824496,4096
1625724877,288415190,15824504,4096
1625724877,288415190,15824512,4096
1625724877,288415190,15824520,4096
1625724877,288415190,15824528,4096
1625724877,288415190,15824536,4096
1625724877,288415190,15824544,4096
1625724877,288415190,15824552,4096
1625724877,288416264,15824560,4096
1625724877,288416264,15824568,4096
1625724877,288416264,15824576,4096
1625724877,288416264,15824584,4096
1625724877,288550451,15824592,4096
1625724877,288550451,15824600,4096
1625724877,288551525,15824608,4096
1625724877,288551525,15824616,4096
1625724877,288551525,15824624,4096
1625724877,288551525,15824632,4096
1625724877,288551525,15824640,4096
1625724877,288551525,15824648,4096
1625724877,288551525,15824656,4096
1625724877,288551525,15824664,4096
1625724877,288551525,15824672,4096
1625724877,288552598,15824680,4096
1625724877,288552598,15824688,4096
1625724877,288552598,15824696,4096
1625724877,288552598,15824704,4096
1625724877,288552598,15824712,4096
1625724877,288552598,15824720,4096
1625724877,288552598,15824728,4096
1625724877,288676051,15884928,4096
1625724877,288676051,15884936,4096
1625724877,288676051,15884944,4096
1625724877,288676051,15884952,4096
1625724877,288676051,15884960,4096
1625724877,288677124,15884968,4096
1625724877,288677124,15884976,4096
1625724877,288677124,15884984,4096
1625724877,288677124,15884992,4096
1625724877,288677124,15885000,4096
1625724877,288677124,15885008,4096
1625724877,288677124,15885016,4096
1625724877,288677124,15885024,4096
1625724877,288677124,15885032,4096
1625724877,288678198,15885040,4096
1625724877,288678198,15885048,4096
1625724877,289028159,15885056,4096
1625724877,289028159,15885064,4096
1625724877,289028159,15885072,4096
1625724877,289028159,15885080,4096
1625724877,289028159,15885088,4096
1625724877,289028159,15885096,4096
1625724877,289028159,15885104,4096
1625724877,289028159,15885112,4096
1625724877,289029232,15885120,4096
1625724877,289029232,15885128,4096
1625724877,289029232,15885136,4096
1625724877,289029232,15885144,4096
1625724877,289029232,15885152,4096
1625724877,289029232,15885160,4096
1625724877,289029232,15885168,4096
1625724877,289029232,15885176,4096
1625724877,289365238,15886816,4096
1625724877,289365238,15886824,4096
1625724877,289365238,15886832,4096
1625724877,289365238,15886840,4096
1625724877,289365238,15886848,4096
1625724877,289366311,15886856,4096
1625724877,289366311,15886864,4096
1625724877,289366311,15886872,4096
1625724877,289366311,15886880,4096
1625724877,289366311,15886888,4096
1625724877,289366311,15886896,4096
1625724877,289366311,15886904,4096
1625724877,289366311,15886912,4096
1625724877,289366311,15886920,4096
1625724877,289367385,15886928,4096
1625724877,289367385,15886936,4096
1625724877,289568129,15886944,4096
1625724877,289568129,15886952,4096
1625724877,289568129,15886960,4096
1625724877,289568129,15886968,4096
1625724877,289568129,15886976,4096
1625724877,289568129,15886984,4096
1625724877,289569203,15886992,4096
1625724877,289569203,15887000,4096
1625724877,289569203,15887008,4096
1625724877,289569203,15887016,4096
1625724877,289569203,15887024,4096
1625724877,289569203,15887032,4096
1625724877,289569203,15887040,4096
1625724877,289569203,15887048,4096
1625724877,289569203,15887056,4096
1625724877,289570276,15887064,4096
1625724877,289881591,15888736,4096
1625724877,289881591,15888744,4096
1625724877,289881591,15888752,4096
1625724877,289882665,15888760,4096
1625724877,289882665,15888768,4096
1625724877,289882665,15888776,4096
1625724877,289882665,15888784,4096
1625724877,289882665,15888792,4096
1625724877,289882665,15888800,4096
1625724877,289882665,15888808,4096
1625724877,289882665,15888816,4096
1625724877,289882665,15888824,4096
1625724877,289883738,15888832,4096
1625724877,289883738,15888840,4096
1625724877,289883738,15888848,4096
1625724877,289883738,15888856,4096
1625724877,289883738,15888864,4096
1625724877,289883738,15888872,4096
1625724877,290618012,15888880,4096
1625724877,290618012,15888888,4096
1625724877,290618012,15888896,4096
1625724877,290618012,15888904,4096
1625724877,290618012,15888912,4096
1625724877,290618012,15888920,4096
1625724877,290618012,15888928,4096
1625724877,290619086,15888936,4096
1625724877,290619086,15888944,4096
1625724877,290619086,15888952,4096
1625724877,290619086,15888960,4096
1625724877,290619086,15888968,4096
1625724877,290619086,15888976,4096
1625724877,290619086,15888984,4096
1625724877,290619086,15888992,4096
1625724877,290619086,15889000,4096
1625724877,290620159,15889008,4096
1625724877,290620159,15889016,4096
1625724879,272158607,69813376,4096
1625724879,272158607,69813384,4096
1625724879,272159680,69813392,4096
1625724879,272159680,69813400,4096
1625724879,272210135,69813632,4096
1625724879,272210135,69813640,4096
1625724879,272211208,69813648,4096
1625724879,272211208,69813656,4096
1625724881,269724409,69006592,4096
1625724881,269724409,69006600,4096
1625724881,269724409,69006608,4096
1625724881,269724409,69006616,4096
1625724881,269725483,69006624,4096
1625724881,269725483,69006632,4096
1625724881,269725483,69006640,4096
1625724881,269725483,69006648,4096
1625724881,285250440,15785824,4096
1625724881,285250440,15785832,4096
1625724881,285250440,15785840,4096
1625724881,285250440,15785848,4096
1625724881,285250440,15785856,4096
1625724881,285250440,15785864,4096
1625724881,285251513,15785872,4096
1625724881,285251513,15785880,4096
1625724881,285251513,15785888,4096
1625724881,285251513,15785896,4096
1625724881,285251513,15785904,4096
1625724881,285251513,15785912,4096
1625724881,285251513,15785920,4096
1625724881,285251513,15785928,4096
1625724881,285252587,15785936,4096
1625724881,285252587,15785944,4096
1625724881,285252587,15785952,4096
1625724881,285252587,15785960,4096
1625724881,285611136,15785968,4096
1625724881,285611136,15785976,4096
1625724881,285611136,15785984,4096
1625724881,285611136,15785992,4096
1625724881,285611136,15786000,4096
1625724881,285611136,15786008,4096
1625724881,285612209,15786016,4096
1625724881,285612209,15786024,4096
1625724881,285612209,15786032,4096
1625724881,285612209,15786040,4096
1625724881,285612209,15786048,4096
1625724881,285612209,15786056,4096
1625724881,285612209,15786064,4096
1625724881,285612209,15786072,4096
1625724881,285612209,15786080,4096
1625724881,285613283,15786088,4096
1625724881,285613283,15786096,4096
1625724881,285613283,15786104,4096
1625724881,291671043,27658688,4096
1625724881,291671043,27658696,4096
1625724881,291672117,27658704,4096
1625724881,291672117,27658712,4096
1625724881,291672117,27658720,4096
1625724881,291672117,27658728,4096
1625724881,291672117,27658736,4096
1625724881,291672117,27658744,4096
1625724881,291672117,27658752,4096
1625724881,291672117,27658760,4096
1625724881,291673190,27658768,4096
1625724881,291673190,27658776,4096
1625724881,291673190,27658784,4096
1625724881,291673190,27658792,4096
1625724881,291673190,27658800,4096
1625724881,291673190,27658808,4096
1625724881,291855685,27658560,4096
1625724881,291855685,27658568,4096
1625724881,291855685,27658576,4096
1625724881,291856759,27658584,4096
1625724881,291856759,27658592,4096
1625724881,291856759,27658600,4096
1625724881,291856759,27658608,4096
1625724881,291856759,27658616,4096
1625724881,291856759,27658624,4096
1625724881,291856759,27658632,4096
1625724881,291856759,27658640,4096
1625724881,291856759,27658648,4096
1625724881,291857832,27658656,4096
1625724881,291857832,27658664,4096
1625724881,291857832,27658672,4096
1625724881,291857832,27658680,4096
1625724881,292295820,28434080,4096
1625724881,292295820,28434088,4096
1625724881,292296894,28434096,4096
1625724881,292296894,28434104,4096
1625724881,292296894,28434112,4096
1625724881,292296894,28434120,4096
1625724881,292296894,28434128,4096
1625724881,292296894,28434136,4096
1625724881,292296894,28434144,4096
1625724881,292296894,28434152,4096
1625724881,292420346,28369056,4096
1625724881,292420346,28369064,4096
1625724881,292420346,28369072,4096
1625724881,292420346,28369080,4096
1625724881,292420346,28369088,4096
1625724881,292420346,28369096,4096
1625724881,292421420,28369104,4096
1625724881,292421420,28369112,4096
1625724881,292421420,28369120,4096
1625724881,292421420,28369128,4096
1625724881,292421420,28369136,4096
1625724881,292421420,28369144,4096
1625724881,292421420,28369152,4096
1625724881,292421420,28369160,4096
1625724881,292422493,28369168,4096
1625724881,292422493,28369176,4096
1625724881,292501932,28434160,4096
1625724881,292501932,28434168,4096
1625724881,292501932,28434176,4096
1625724881,292501932,28434184,4096
1625724881,292503006,28434192,4096
1625724881,292503006,28434200,4096
1625724881,292503006,28434208,4096
1625724881,292503006,28434216,4096
1625724881,292503006,28434224,4096
1625724881,292503006,28434232,4096
1625724881,292591033,62004192,4096
1625724881,292592106,62004200,4096
1625724881,292592106,62004208,4096
1625724881,292592106,62004216,4096
1625724881,292592106,62004224,4096
1625724881,292592106,62004232,4096
1625724881,292592106,62004240,4096
1625724881,292592106,62004248,4096
1625724881,292592106,62004256,4096
1625724881,292592106,62004264,4096
1625724881,292593180,62004272,4096
1625724881,292593180,62004280,4096
1625724881,292689795,28263712,4096
1625724881,292689795,28263720,4096
1625724881,292690868,28263728,4096
1625724881,292690868,28263736,4096
1625724881,292690868,28263744,4096
1625724881,292690868,28263752,4096
1625724881,292690868,28263760,4096
1625724881,292690868,28263768,4096
1625724881,292690868,28263776,4096
1625724881,292690868,28263784,4096
1625724881,292690868,28263792,4096
1625724881,292691942,28263800,4096
1625724881,292785336,28263808,4096
1625724881,292785336,28263816,4096
1625724881,292785336,28263824,4096
1625724881,292785336,28263832,4096
1625724881,292785336,28263840,4096
1625724881,292785336,28263848,4096
1625724881,292786410,28263856,4096
1625724881,292786410,28263864,4096
1625724881,292786410,28263872,4096
1625724881,292786410,28263880,4096
1625724881,292786410,28263888,4096
1625724881,292786410,28263896,4096
1625724881,292813247,69818656,4096
1625724881,292813247,69818664,4096
1625724881,292813247,69818672,4096
1625724881,292813247,69818680,4096
1625724883,264245766,28433664,4096
1625724883,264245766,28433672,4096
1625724883,264245766,28433680,4096
1625724883,264245766,28433688,4096
1625724883,264246839,28433696,4096
1625724883,264246839,28433704,4096
1625724883,264246839,28433712,4096
1625724883,264246839,28433720,4096
1625724883,264246839,28433728,4096
1625724883,264246839,28433736,4096
1625724883,264246839,28433744,4096
1625724883,264246839,28433752,4096
1625724883,264246839,28433760,4096
1625724883,264247913,28433768,4096
1625724883,264247913,28433776,4096
1625724883,264247913,28433784,4096
1625724883,264525949,67315168,4096
1625724883,264525949,67315176,4096
1625724883,264527023,67315184,4096
1625724883,264527023,67315192,4096
1625724883,264527023,67315200,4096
1625724883,264527023,67315208,4096
1625724883,264527023,67315216,4096
1625724883,264527023,67315224,4096
1625724883,264527023,67315232,4096
1625724883,264527023,67315240,4096
1625724883,264527023,67315248,4096
1625724883,264528096,67315256,4096
1625724883,264528096,67315264,4096
1625724883,264528096,67315272,4096
1625724883,264528096,67315280,4096
1625724883,264528096,67315288,4096
1625724883,264651549,70594176,4096
1625724883,264651549,70594184,4096
1625724883,264651549,70594192,4096
1625724883,264651549,70594200,4096
1625724883,264651549,70594208,4096
1625724883,264651549,70594216,4096
1625724883,264651549,70594224,4096
1625724883,264651549,70594232,4096
1625724883,264652622,70594240,4096
1625724883,264652622,70594248,4096
1625724883,264652622,70594256,4096
1625724883,264652622,70594264,4096
1625724883,264652622,70594272,4096
1625724883,264652622,70594280,4096
1625724883,264652622,70594288,4096
1625724883,264652622,70594296,4096
1625724883,264678386,69906944,4096
1625724883,264678386,69906952,4096
1625724883,264678386,69906960,4096
1625724883,264678386,69906968,4096
1625724883,274154171,3549504,4096
1625724883,274154171,3549512,4096
1625724883,274154171,3549520,4096
1625724883,274155244,3549528,4096
1625724883,274181008,3427040,4096
1625724883,274181008,3427048,4096
1625724883,274181008,3427056,4096
1625724883,274181008,3427064,4096
1625724883,274244345,28433984,4096
1625724883,274244345,28433992,4096
1625724883,274244345,28434000,4096
1625724883,274244345,28434008,4096
1625724883,274244345,28434016,4096
1625724883,274244345,28434024,4096
1625724883,274244345,28434032,4096
1625724883,274244345,28434040,4096
1625724883,274339886,69727264,4096
1625724883,274339886,69727272,4096
1625724883,274339886,69727280,4096
1625724883,274339886,69727288,4096
1625724883,285832777,45784512,4096
1625724883,285832777,45784520,4096
1625724883,285832777,45784528,4096
1625724883,285833851,45784536,4096
1625724883,285833851,45784544,4096
1625724883,285833851,45784552,4096
1625724883,285833851,45784560,4096
1625724883,285833851,45784568,4096
1625724883,285833851,45784576,4096
1625724883,285833851,45784584,4096
1625724883,285833851,45784592,4096
1625724883,285834924,45784600,4096
1625724883,285834924,45784608,4096
1625724883,285834924,45784616,4096
1625724883,285834924,45784624,4096
1625724883,285834924,45784632,4096
1625724883,285834924,45784640,4096
1625724883,285834924,45784648,4096
1625724883,285834924,45784656,4096
1625724883,285835998,45784664,4096
1625724883,286031375,45784672,4096
1625724883,286031375,45784680,4096
1625724883,286031375,45784688,4096
1625724883,286032448,45784696,4096
1625724883,286032448,45784704,4096
1625724883,286032448,45784712,4096
1625724883,286032448,45784720,4096
1625724883,286032448,45784728,4096
1625724883,286032448,45784736,4096
1625724883,286032448,45784744,4096
1625724883,286032448,45784752,4096
1625724883,286033522,45784760,4096
1625724883,286033522,45784768,4096
1625724883,286033522,45784776,4096
1625724883,286033522,45784784,4096
1625724883,286033522,45784792,4096
1625724883,286033522,45784800,4096
1625724883,286033522,45784808,4096
1625724883,286033522,45784816,4096
1625724883,286033522,45784824,4096
1625724883,286121549,60446688,4096
1625724883,286122622,60446696,4096
1625724883,286122622,60446704,4096
1625724883,286122622,60446712,4096
1625724883,286122622,60446720,4096
1625724883,286122622,60446728,4096
1625724883,286122622,60446736,4096
1625724883,286122622,60446744,4096
1625724883,286122622,60446752,4096
1625724883,286123696,60446760,4096
1625724883,286123696,60446768,4096
1625724883,286123696,60446776,4096
1625724883,286149460,69783840,4096
1625724883,286149460,69783848,4096
1625724883,286150533,69783856,4096
1625724883,286150533,69783864,4096
1625724883,286175224,68806432,4096
1625724883,286175224,68806440,4096
1625724883,286175224,68806448,4096
1625724883,286175224,68806456,4096
1625724884,792708059,48935872,4096
1625724884,793407981,61572088,4096
1625724884,793407981,61572096,4096
1625724884,793407981,61572104,4096
1625724884,793407981,61572112,4096
1625724884,794222768,61572120,4096
1625724884,794223841,61572128,4096
1625724884,794223841,61572136,4096
1625724884,794223841,61572144,4096
1625724884,794223841,61572152,4096
1625724884,794223841,61572160,4096
1625724884,794223841,61572168,4096
1625724884,794223841,61572176,4096
1625724884,794223841,61572184,4096
1625724884,794224915,61572192,4096
1625724884,794224915,61572200,4096
1625724884,794224915,61572208,4096
1625724884,794224915,61572216,4096
1625724884,794224915,61572224,4096
1625724884,794316162,61572232,4096
1625724884,794316162,61572240,4096
1625724884,794316162,61572248,4096
1625724884,794316162,61572256,4096
1625724884,794317236,61572264,4096
1625724884,794317236,61572272,4096
1625724884,794317236,61572280,4096
1625724884,794317236,61572288,4096
1625724884,794317236,61572296,4096
1625724884,794317236,61572304,4096
1625724884,794317236,61572312,4096
1625724884,794317236,61572320,4096
1625724884,794317236,61572328,4096
1625724884,794318309,61572336,4096
1625724884,794900146,61572344,4096
1625724884,794900146,61572352,4096
1625724884,794900146,61572360,4096
1625724884,794900146,61572368,4096
1625724884,794900146,61572376,4096
1625724884,794900146,61572384,4096
1625724884,794900146,61572392,4096
1625724884,794901220,61572400,4096
1625724884,794901220,61572408,4096
1625724884,794901220,61572416,4096
1625724884,794901220,61572424,4096
1625724884,794901220,61572432,4096
1625724884,794901220,61572440,4096
1625724884,794901220,61572448,4096
1625724884,794901220,61572456,4096
1625724884,794901220,61572464,4096
1625724884,795436896,61572472,4096
1625724884,795436896,61572480,4096
1625724884,795436896,61572488,4096
1625724884,795436896,61572496,4096
1625724884,795436896,61572504,4096
1625724884,795436896,61572512,4096
1625724884,795436896,61572520,4096
1625724884,795436896,61572528,4096
1625724884,795437970,61572536,4096
1625724884,795437970,61572544,4096
1625724884,795437970,61572552,4096
1625724884,795437970,61572560,4096
1625724884,795437970,61572568,2048
1625724884,795527070,61572572,4096
1625724884,795527070,61572580,4096
1625724884,795527070,61572588,4096
1625724884,795527070,61572596,4096
1625724884,795527070,61572604,4096
1625724884,795527070,61572612,4096
1625724884,795527070,61572620,4096
1625724884,795527070,61572628,4096
1625724884,795527070,61572636,4096
1625724884,795528144,61572644,4096
1625724884,795528144,61572652,4096
1625724884,795528144,61572660,4096
1625724884,795528144,61572668,2048
1625724884,912771520,6809024,4096
1625724885,170603788,56676184,4096
1625724885,170603788,56676192,4096
1625724885,170603788,56676200,4096
1625724885,170603788,56676208,4096
1625724885,171429309,56676216,4096
1625724885,171429309,56676224,4096
1625724885,171429309,56676232,4096
1625724885,171430383,56676240,4096
1625724885,171430383,56676248,4096
1625724885,171430383,56676256,4096
1625724885,171430383,56676264,4096
1625724885,171430383,56676272,4096
1625724885,171430383,56676280,4096
1625724885,171430383,56676288,4096
1625724885,171430383,56676296,4096
1625724885,171431456,56676304,4096
1625724885,171431456,56676312,3072
1625724885,171509822,56676318,4096
1625724885,171509822,56676326,4096
1625724885,171509822,56676334,4096
1625724885,171509822,56676342,4096
1625724885,171510895,56676350,4096
1625724885,171510895,56676358,4096
1625724885,171510895,56676366,4096
1625724885,171510895,56676374,4096
1625724885,171510895,56676382,4096
1625724885,171510895,56676390,4096
1625724885,171510895,56676398,4096
1625724885,171510895,56676406,4096
1625724885,171511969,56676414,3072
1625724885,277925877,69788832,4096
1625724885,277925877,69788840,4096
1625724885,277925877,69788848,4096
1625724885,277926950,69788856,4096
1625724885,278165267,69789120,4096
1625724885,278165267,69789128,4096
1625724885,278165267,69789136,4096
1625724885,278165267,69789144,4096
1625724885,278532404,69880448,4096
1625724885,278532404,69880456,4096
1625724885,278532404,69880464,4096
1625724885,278532404,69880472,4096
1625724885,278802926,69880768,4096
1625724885,278802926,69880776,4096
1625724885,278802926,69880784,4096
1625724885,278804000,69880792,4096
1625724885,279275266,45667232,4096
1625724885,279275266,45667240,4096
1625724885,279275266,45667248,4096
1625724885,279275266,45667256,4096
1625724885,279275266,45667264,4096
1625724885,279275266,45667272,4096
1625724885,279275266,45667280,4096
1625724885,279275266,45667288,4096
1625724885,279276340,45667296,4096
1625724885,279276340,45667304,4096
1625724885,279276340,45667312,4096
1625724885,279276340,45667320,4096
1625724885,279276340,45667328,4096
1625724885,279276340,45667336,4096
1625724885,279276340,45667344,4096
1625724885,279276340,45667352,4096
1625724885,279277413,45667360,4096
1625724885,279277413,45667368,4096
1625724885,279277413,45667376,4096
1625724885,279277413,45667384,4096
1625724885,279672461,45667392,4096
1625724885,279672461,45667400,4096
1625724885,279672461,45667408,4096
1625724885,279672461,45667416,4096
1625724885,279673535,45667424,4096
1625724885,279673535,45667432,4096
1625724885,279673535,45667440,4096
1625724885,279673535,45667448,4096
1625724885,279673535,45667456,4096
1625724885,279673535,45667464,4096
1625724885,279673535,45667472,4096
1625724885,279673535,45667480,4096
1625724885,279673535,45667488,4096
1625724885,279674608,45667496,4096
1625724885,279674608,45667504,4096
1625724885,279674608,45667512,4096
1625724885,279674608,45667520,4096
1625724885,279674608,45667528,4096
1625724885,279674608,45667536,4096
1625724885,279674608,45667544,4096
1625724885,288484823,6809040,4096
1625724885,292536212,45369568,4096
1625724885,292536212,45369576,4096
1625724885,292536212,45369584,4096
1625724885,292536212,45369592,4096
1625724885,292536212,45369600,4096
1625724885,292537285,45369608,4096
1625724885,292537285,45369616,4096
1625724885,292537285,45369624,4096
1625724885,292537285,45369632,4096
1625724885,292537285,45369640,4096
1625724885,292537285,45369648,4096
1625724885,292537285,45369656,4096
1625724885,292537285,45369664,4096
1625724885,292537285,45369672,4096
1625724885,292538359,45369680,4096
1625724885,292538359,45369688,4096
1625724885,292538359,45369696,4096
1625724885,292538359,45369704,4096
1625724885,292538359,45369712,4096
1625724885,292538359,45369720,4096
1625724885,292746618,45369728,4096
1625724885,292746618,45369736,4096
1625724885,292746618,45369744,4096
1625724885,292747691,45369752,4096
1625724885,292747691,45369760,4096
1625724885,292747691,45369768,4096
1625724885,292747691,45369776,4096
1625724885,292747691,45369784,4096
1625724885,292747691,45369792,4096
1625724885,292747691,45369800,4096
1625724885,292747691,45369808,4096
1625724885,292747691,45369816,4096
1625724885,292748765,45369824,4096
1625724885,292748765,45369832,4096
1625724885,292748765,45369840,4096
1625724885,292748765,45369848,4096
1625724885,292748765,45369856,4096
1625724885,292748765,45369864,4096
1625724885,292748765,45369872,4096
1625724885,292748765,45369880,4096
1625724885,292873291,45415552,4096
1625724885,292873291,45415560,4096
1625724885,292873291,45415568,4096
1625724885,292873291,45415576,4096
1625724885,292874364,45415584,4096
1625724885,292874364,45415592,4096
1625724885,292874364,45415600,4096
1625724885,292874364,45415608,4096
1625724885,292874364,45415616,4096
1625724885,292874364,45415624,4096
1625724885,292954877,45415632,4096
1625724885,292954877,45415640,4096
1625724885,292954877,45415648,4096
1625724885,292954877,45415656,4096
1625724885,292954877,45415664,4096
1625724885,292954877,45415672,4096
1625724885,292954877,45415680,4096
1625724885,292954877,45415688,4096
1625724885,292955950,45415696,4096
1625724885,292955950,45415704,4096
1625724885,319607735,45415712,4096
1625724885,319607735,45415720,4096
1625724885,319607735,45415728,4096
1625724885,319607735,45415736,4096
1625724885,319607735,45415744,4096
1625724885,319607735,45415752,4096
1625724885,319608808,45415760,4096
1625724885,319608808,45415768,4096
1625724885,319608808,45415776,4096
1625724885,319608808,45415784,4096
1625724885,319691468,45415792,4096
1625724885,319691468,45415800,4096
1625724885,319692541,45415808,4096
1625724885,319692541,45415816,4096
1625724885,319692541,45415824,4096
1625724885,319692541,45415832,4096
1625724885,319692541,45415840,4096
1625724885,319692541,45415848,4096
1625724885,319692541,45415856,4096
1625724885,319692541,45415864,4096
1625724885,320060752,28308064,4096
1625724885,320060752,28308072,4096
1625724885,320061825,28308080,4096
1625724885,320061825,28308088,4096
1625724885,320061825,28308096,4096
1625724885,320061825,28308104,4096
1625724885,320061825,28308112,4096
1625724885,320061825,28308120,4096
1625724885,320061825,28308128,4096
1625724885,320061825,28308136,4096
1625724885,320061825,28308144,4096
1625724885,320062899,28308152,4096
1625724885,320187425,45522928,4096
1625724885,320187425,45522936,4096
1625724885,320187425,45522944,4096
1625724885,320187425,45522952,4096
1625724885,320187425,45522960,4096
1625724885,320187425,45522968,4096
1625724885,320187425,45522976,4096
1625724885,320188498,45522984,4096
1625724885,320188498,45522992,4096
1625724885,320188498,45523000,4096
1625724885,320188498,45523008,4096
1625724885,320188498,45523016,4096
1625724885,320188498,45523024,4096
1625724885,320188498,45523032,4096
1625724885,320188498,45523040,4096
1625724885,320188498,45523048,4096
1625724885,320189572,45523056,4096
1625724885,320189572,45523064,4096
1625724885,320335568,45522784,4096
1625724885,320335568,45522792,4096
1625724885,320335568,45522800,4096
1625724885,320335568,45522808,4096
1625724885,320335568,45522816,4096
1625724885,320335568,45522824,4096
1625724885,320335568,45522832,4096
1625724885,320335568,45522840,4096
1625724885,320335568,45522848,4096
1625724885,320336641,45522856,4096
1625724885,320336641,45522864,4096
1625724885,320336641,45522872,4096
1625724885,320336641,45522880,4096
1625724885,320336641,45522888,4096
1625724885,320336641,45522896,4096
1625724885,320336641,45522904,4096
1625724885,320336641,45522912,4096
1625724885,320336641,45522920,4096
1625724885,320846554,28306016,4096
1625724885,320846554,28306024,4096
1625724885,320847627,28306032,4096
1625724885,320847627,28306040,4096
1625724885,320847627,28306048,4096
1625724885,320847627,28306056,4096
1625724885,320847627,28306064,4096
1625724885,320847627,28306072,4096
1625724885,320847627,28306080,4096
1625724885,320847627,28306088,4096
1625724885,320847627,28306096,4096
1625724885,320848701,28306104,4096
1625724885,321087018,61846272,4096
1625724885,321088091,61846280,4096
1625724885,321088091,61846288,4096
1625724885,321088091,61846296,4096
1625724885,321088091,61846304,4096
1625724885,321088091,61846312,4096
1625724885,321088091,61846320,4096
1625724885,321088091,61846328,4096
1625724885,321088091,61846336,4096
1625724885,321089165,61846344,4096
1625724885,321089165,61846352,4096
1625724885,321089165,61846360,4096
1625724885,335273320,62694496,4096
1625724885,335273320,62694504,4096
1625724885,335273320,62694512,4096
1625724885,335274394,62694520,4096
1625724885,335274394,62694528,4096
1625724885,335274394,62694536,4096
1625724885,335274394,62694544,4096
1625724885,335274394,62694552,4096
1625724885,335274394,62694560,4096
1625724885,335274394,62694568,4096
1625724885,335275467,62694576,4096
1625724885,335275467,62694584,4096
1625724885,335275467,62694592,4096
1625724885,335275467,62694600,4096
1625724885,335415022,62694608,4096
1625724885,335415022,62694616,4096
1625724885,335415022,62694624,4096
1625724885,335415022,62694632,4096
1625724885,335415022,62694640,4096
1625724885,335415022,62694648,4096
1625724885,335416096,62694656,4096
1625724885,335416096,62694664,4096
1625724885,335416096,62694672,4096
1625724885,335416096,62694680,4096
1625724885,335416096,62694688,4096
1625724885,335416096,62694696,4096
1625724885,335416096,62694704,4096
1625724885,335416096,62694712,4096
1625724885,335708088,63041120,4096
1625724885,335708088,63041128,4096
1625724885,335708088,63041136,4096
1625724885,335708088,63041144,4096
1625724885,335709161,63041152,4096
1625724885,335709161,63041160,4096
1625724885,335709161,63041168,4096
1625724885,335709161,63041176,4096
1625724885,335709161,63041184,4096
1625724885,335709161,63041192,4096
1625724885,335709161,63041200,4096
1625724885,335709161,63041208,4096
1625724885,335709161,63041216,4096
1625724885,335710235,63041224,4096
1625724885,335710235,63041232,4096
1625724885,335710235,63041240,4096
1625724885,335887362,62994176,4096
1625724885,335887362,62994184,4096
1625724885,335887362,62994192,4096
1625724885,335887362,62994200,4096
1625724885,335887362,62994208,4096
1625724885,335887362,62994216,4096
1625724885,335887362,62994224,4096
1625724885,335888436,62994232,4096
1625724885,335888436,62994240,4096
1625724885,335888436,62994248,4096
1625724885,335888436,62994256,4096
1625724885,335888436,62994264,4096
1625724885,336091327,62994272,4096
1625724885,336092401,62994280,4096
1625724885,336092401,62994288,4096
1625724885,336092401,62994296,4096
1625724885,336092401,62994304,4096
1625724885,336092401,62994312,4096
1625724885,336092401,62994320,4096
1625724885,336092401,62994328,4096
1625724885,336092401,62994336,4096
1625724885,336092401,62994344,4096
1625724885,336093474,62994352,4096
1625724885,336093474,62994360,4096
1625724885,336702149,63039008,4096
1625724885,336702149,63039016,4096
1625724885,336702149,63039024,4096
1625724885,336702149,63039032,4096
1625724885,336703222,63039040,4096
1625724885,336703222,63039048,4096
1625724885,336703222,63039056,4096
1625724885,336703222,63039064,4096
1625724885,336703222,63039072,4096
1625724885,336703222,63039080,4096
1625724885,336703222,63039088,4096
1625724885,336703222,63039096,4096
1625724885,336704296,63039104,4096
1625724885,336704296,63039112,4096
1625724885,336704296,63039120,4096
1625724885,336704296,63039128,4096
1625724885,389447498,2581728,4096
1625724885,389447498,2581736,4096
1625724885,389447498,2581744,4096
1625724885,389448571,2581752,4096
1625724885,390156008,2581760,4096
1625724885,390156008,2581768,4096
1625724885,390156008,2581776,4096
1625724885,390156008,2581784,4096
1625724885,390157081,2581792,2560
1625724885,44984965,13230688,4096
1625724885,44984965,13230696,4096
1625724885,44984965,13230704,4096
1625724885,44986038,13230712,4096
1625724885,45514200,13230720,4096
1625724885,45514200,13230728,4096
1625724885,45514200,13230736,2560
1625724885,540595224,48935880,4096
1625724885,541477641,61410016,4096
1625724885,541478715,61410024,4096
1625724885,541478715,61410032,4096
1625724885,541478715,61410040,4096
1625724885,542407292,61410048,4096
1625724885,542407292,61410056,4096
1625724885,542407292,61410064,4096
1625724885,542407292,61410072,4096
1625724885,542407292,61410080,4096
1625724885,542407292,61410088,4096
1625724885,542407292,61410096,4096
1625724885,542408366,61410104,4096
1625724885,542408366,61410112,4096
1625724885,542408366,61410120,4096
1625724885,542408366,61410128,4096
1625724885,542408366,61410136,4096
1625724885,542408366,61410144,4096
1625724885,542408366,61410152,4096
1625724885,542513569,61410160,4096
1625724885,542513569,61410168,4096
1625724885,542513569,61410176,4096
1625724885,542513569,61410184,4096
1625724885,542513569,61410192,4096
1625724885,542513569,61410200,4096
1625724885,542514642,61410208,4096
1625724885,542514642,61410216,4096
1625724885,542514642,61410224,4096
1625724885,542514642,61410232,4096
1625724885,542514642,61410240,4096
1625724885,542514642,61410248,4096
1625724885,542514642,61410256,4096
1625724885,542514642,61410264,4096
1625724885,543202756,61410272,4096
1625724885,543203829,61410280,4096
1625724885,543203829,61410288,4096
1625724885,543203829,61410296,4096
1625724885,543203829,61410304,4096
1625724885,543203829,61410312,4096
1625724885,543203829,61410320,4096
1625724885,543203829,61410328,4096
1625724885,543204903,61410336,4096
1625724885,543204903,61410344,4096
1625724885,543204903,61410352,4096
1625724885,543204903,61410360,4096
1625724885,543204903,61410368,4096
1625724885,543204903,61410376,4096
1625724885,543204903,61410384,4096
1625724885,543204903,61410392,4096
1625724885,544063703,61410400,4096
1625724885,544063703,61410408,4096
1625724885,544063703,61410416,4096
1625724885,544064776,61410424,4096
1625724885,544064776,61410432,4096
1625724885,544064776,61410440,4096
1625724885,544064776,61410448,4096
1625724885,544064776,61410456,4096
1625724885,544064776,61410464,4096
1625724885,544064776,61410472,4096
1625724885,544064776,61410480,4096
1625724885,544065850,61410488,4096
1625724885,544065850,61410496,4096
1625724885,544065850,61410504,4096
1625724885,544065850,61410512,4096
1625724885,544065850,61410520,4096
1625724885,544179641,61410528,4096
1625724885,544179641,61410536,4096
1625724885,544179641,61410544,4096
1625724885,544179641,61410552,4096
1625724885,544179641,61410560,4096
1625724885,544179641,61410568,4096
1625724885,544180714,61410576,4096
1625724885,544180714,61410584,4096
1625724885,544180714,61410592,4096
1625724885,544180714,61410600,4096
1625724885,544180714,61410608,4096
1625724885,544180714,61410616,4096
1625724885,544180714,61410624,4096
1625724885,544180714,61410632,4096
1625724885,544180714,61410640,4096
1625724885,544181788,61410648,4096
1625724885,548414598,61410656,4096
1625724885,548415672,61410664,4096
1625724885,548415672,61410672,4096
1625724885,548415672,61410680,4096
1625724885,548415672,61410688,4096
1625724885,548415672,61410696,4096
1625724885,548415672,61410704,4096
1625724885,548415672,61410712,4096
1625724885,548416745,61410720,4096
1625724885,548416745,61410728,4096
1625724885,548416745,61410736,4096
1625724885,548416745,61410744,4096
1625724885,548416745,61410752,4096
1625724885,548416745,61410760,4096
1625724885,548416745,61410768,4096
1625724885,548416745,61410776,4096
1625724885,548541271,61410784,4096
1625724885,548541271,61410792,4096
1625724885,548541271,61410800,4096
1625724885,548541271,61410808,4096
1625724885,548541271,61410816,4096
1625724885,548541271,61410824,4096
1625724885,548541271,61410832,4096
1625724885,548541271,61410840,4096
1625724885,548542345,61410848,4096
1625724885,548542345,61410856,4096
1625724885,548542345,61410864,4096
1625724885,548542345,61410872,4096
1625724885,548542345,61410880,4096
1625724885,548542345,61410888,4096
1625724885,548542345,61410896,4096
1625724885,548542345,61410904,4096
1625724885,552561529,61410912,4096
1625724885,552562602,61410920,4096
1625724885,552562602,61410928,4096
1625724885,552562602,61410936,4096
1625724885,552562602,61410944,4096
1625724885,552562602,61410952,4096
1625724885,552562602,61410960,4096
1625724885,552562602,61410968,4096
1625724885,552562602,61410976,4096
1625724885,552563676,61410984,4096
1625724885,552563676,61410992,4096
1625724885,552563676,61411000,4096
1625724885,552563676,61411008,4096
1625724885,552563676,61411016,4096
1625724885,552563676,61411024,4096
1625724885,552563676,61411032,4096
1625724885,552687128,61411040,4096
1625724885,552687128,61411048,4096
1625724885,552687128,61411056,4096
1625724885,552687128,61411064,4096
1625724885,552687128,61411072,4096
1625724885,552688202,61411080,4096
1625724885,552688202,61411088,4096
1625724885,552688202,61411096,4096
1625724885,552688202,61411104,4096
1625724885,552688202,61411112,4096
1625724885,552688202,61411120,4096
1625724885,552688202,61411128,4096
1625724885,552688202,61411136,4096
1625724885,552688202,61411144,4096
1625724885,552689275,61411152,4096
1625724885,552689275,61411160,4096
1625724885,556709533,61411168,4096
1625724885,556709533,61411176,4096
1625724885,556710606,61411184,4096
1625724885,556710606,61411192,4096
1625724885,556710606,61411200,4096
1625724885,556710606,61411208,4096
1625724885,556710606,61411216,4096
1625724885,556710606,61411224,4096
1625724885,556710606,61411232,4096
1625724885,556710606,61411240,4096
1625724885,556711680,61411248,4096
1625724885,556711680,61411256,4096
1625724885,556711680,61411264,4096
1625724885,556711680,61411272,4096
1625724885,556711680,61411280,4096
1625724885,556711680,61411288,4096
1625724885,556835132,61411296,4096
1625724885,556836206,61411304,4096
1625724885,556836206,61411312,4096
1625724885,556836206,61411320,4096
1625724885,556836206,61411328,4096
1625724885,556836206,61411336,4096
1625724885,556836206,61411344,4096
1625724885,556836206,61411352,4096
1625724885,556836206,61411360,4096
1625724885,556836206,61411368,4096
1625724885,556837279,61411376,4096
1625724885,556837279,61411384,4096
1625724885,556837279,61411392,4096
1625724885,556837279,61411400,4096
1625724885,556837279,61411408,4096
1625724885,556837279,61411416,4096
1625724885,561088339,61411424,4096
1625724885,561089413,61411432,4096
1625724885,561089413,61411440,4096
1625724885,561089413,61411448,4096
1625724885,561089413,61411456,4096
1625724885,561089413,61411464,4096
1625724885,561089413,61411472,4096
1625724885,561089413,61411480,4096
1625724885,561090486,61411488,4096
1625724885,561090486,61411496,4096
1625724885,561090486,61411504,4096
1625724885,561090486,61411512,4096
1625724885,561090486,61411520,4096
1625724885,561090486,61411528,4096
1625724885,561090486,61411536,4096
1625724885,561090486,61411544,4096
1625724885,561213939,61411552,4096
1625724885,561215012,61411560,4096
1625724885,561215012,61411568,4096
1625724885,561215012,61411576,4096
1625724885,561215012,61411584,4096
1625724885,561215012,61411592,4096
1625724885,561215012,61411600,4096
1625724885,561215012,61411608,4096
1625724885,561215012,61411616,4096
1625724885,561216086,61411624,4096
1625724885,561216086,61411632,4096
1625724885,561216086,61411640,4096
1625724885,561216086,61411648,4096
1625724885,561216086,61411656,4096
1625724885,561216086,61411664,4096
1625724885,561216086,61411672,4096
1625724885,565690434,61411680,4096
1625724885,565690434,61411688,4096
1625724885,565691507,61411696,4096
1625724885,565691507,61411704,4096
1625724885,565691507,61411712,4096
1625724885,565691507,61411720,4096
1625724885,565691507,61411728,4096
1625724885,565691507,61411736,4096
1625724885,565691507,61411744,4096
1625724885,565691507,61411752,4096
1625724885,565692581,61411760,4096
1625724885,565692581,61411768,4096
1625724885,565692581,61411776,4096
1625724885,565692581,61411784,4096
1625724885,565692581,61411792,4096
1625724885,565692581,61411800,4096
1625724885,565809592,61411808,4096
1625724885,565809592,61411816,4096
1625724885,565809592,61411824,4096
1625724885,565810666,61411832,4096
1625724885,565810666,61411840,4096
1625724885,565810666,61411848,4096
1625724885,565810666,61411856,4096
1625724885,565810666,61411864,4096
1625724885,565810666,61411872,4096
1625724885,565810666,61411880,4096
1625724885,565810666,61411888,4096
1625724885,565810666,61411896,4096
1625724885,565811739,61411904,4096
1625724885,565811739,61411912,4096
1625724885,565811739,61411920,4096
1625724885,565811739,61411928,4096
1625724885,569902848,61411936,4096
1625724885,569902848,61411944,4096
1625724885,569902848,61411952,4096
1625724885,569902848,61411960,4096
1625724885,569902848,61411968,4096
1625724885,569903921,61411976,4096
1625724885,569903921,61411984,4096
1625724885,569903921,61411992,4096
1625724885,569903921,61412000,4096
1625724885,569903921,61412008,4096
1625724885,569903921,61412016,4096
1625724885,569903921,61412024,4096
1625724885,569903921,61412032,4096
1625724885,569903921,61412040,4096
1625724885,569904995,61412048,4096
1625724885,569904995,61412056,4096
1625724885,570029521,61412064,4096
1625724885,570029521,61412072,4096
1625724885,570029521,61412080,4096
1625724885,570029521,61412088,4096
1625724885,570029521,61412096,4096
1625724885,570029521,61412104,4096
1625724885,570029521,61412112,4096
1625724885,570030594,61412120,4096
1625724885,570030594,61412128,4096
1625724885,570030594,61412136,4096
1625724885,570030594,61412144,4096
1625724885,570030594,61412152,4096
1625724885,570030594,61412160,4096
1625724885,570030594,61412168,4096
1625724885,570030594,61412176,4096
1625724885,570030594,61412184,4096
1625724885,574324594,61412192,4096
1625724885,574324594,61412200,4096
1625724885,574324594,61412208,4096
1625724885,574324594,61412216,4096
1625724885,574324594,61412224,4096
1625724885,574324594,61412232,4096
1625724885,574324594,61412240,4096
1625724885,574325668,61412248,4096
1625724885,574325668,61412256,4096
1625724885,574325668,61412264,4096
1625724885,574325668,61412272,4096
1625724885,574325668,61412280,4096
1625724885,574325668,61412288,4096
1625724885,574325668,61412296,4096
1625724885,574325668,61412304,4096
1625724885,574326741,61412312,4096
1625724885,574450194,61412320,4096
1625724885,574450194,61412328,4096
1625724885,574450194,61412336,4096
1625724885,574450194,61412344,4096
1625724885,574451267,61412352,4096
1625724885,574451267,61412360,4096
1625724885,574451267,61412368,4096
1625724885,574451267,61412376,4096
1625724885,574451267,61412384,4096
1625724885,574451267,61412392,4096
1625724885,574451267,61412400,4096
1625724885,574451267,61412408,4096
1625724885,574452341,61412416,4096
1625724885,574452341,61412424,4096
1625724885,574452341,61412432,4096
1625724885,574452341,61412440,4096
1625724885,579464512,61412448,4096
1625724885,579464512,61412456,4096
1625724885,579464512,61412464,4096
1625724885,579464512,61412472,4096
1625724885,579465586,61412480,4096
1625724885,579465586,61412488,4096
1625724885,579465586,61412496,4096
1625724885,579465586,61412504,4096
1625724885,579465586,61412512,4096
1625724885,579465586,61412520,4096
1625724885,579465586,61412528,4096
1625724885,579465586,61412536,4096
1625724885,579465586,61412544,4096
1625724885,579466659,61412552,4096
1625724885,579466659,61412560,4096
1625724885,579466659,61412568,4096
1625724885,579582597,61412576,4096
1625724885,579582597,61412584,4096
1625724885,579582597,61412592,4096
1625724885,579583671,61412600,4096
1625724885,579583671,61412608,4096
1625724885,579583671,61412616,4096
1625724885,579583671,61412624,4096
1625724885,579583671,61412632,4096
1625724885,579583671,61412640,4096
1625724885,579583671,61412648,4096
1625724885,579583671,61412656,4096
1625724885,579583671,61412664,4096
1625724885,579584744,61412672,4096
1625724885,579584744,61412680,4096
1625724885,579584744,61412688,4096
1625724885,579584744,61412696,4096
1625724885,583815408,61412704,4096
1625724885,583815408,61412712,4096
1625724885,583816481,61412720,4096
1625724885,583816481,61412728,4096
1625724885,583816481,61412736,4096
1625724885,583816481,61412744,4096
1625724885,583816481,61412752,4096
1625724885,583816481,61412760,4096
1625724885,583816481,61412768,4096
1625724885,583816481,61412776,4096
1625724885,583817555,61412784,4096
1625724885,583817555,61412792,4096
1625724885,583817555,61412800,4096
1625724885,583817555,61412808,4096
1625724885,583817555,61412816,4096
1625724885,583817555,61412824,4096
1625724885,583939934,61412832,4096
1625724885,583939934,61412840,4096
1625724885,583939934,61412848,4096
1625724885,583939934,61412856,4096
1625724885,583941007,61412864,4096
1625724885,583941007,61412872,4096
1625724885,583941007,61412880,4096
1625724885,583941007,61412888,4096
1625724885,583941007,61412896,4096
1625724885,583941007,61412904,4096
1625724885,583941007,61412912,4096
1625724885,583941007,61412920,4096
1625724885,583941007,61412928,4096
1625724885,583942081,61412936,4096
1625724885,583942081,61412944,4096
1625724885,583942081,61412952,4096
1625724885,588258624,61412960,4096
1625724885,588259698,61412968,4096
1625724885,588259698,61412976,4096
1625724885,588259698,61412984,4096
1625724885,588259698,61412992,4096
1625724885,588259698,61413000,4096
1625724885,588259698,61413008,4096
1625724885,588259698,61413016,4096
1625724885,588259698,61413024,4096
1625724885,588259698,61413032,4096
1625724885,588260771,61413040,4096
1625724885,588260771,61413048,4096
1625724885,588260771,61413056,4096
1625724885,588260771,61413064,4096
1625724885,588260771,61413072,4096
1625724885,588260771,61413080,4096
1625724885,588384224,61413088,4096
1625724885,588384224,61413096,4096
1625724885,588384224,61413104,4096
1625724885,588385297,61413112,4096
1625724885,588385297,61413120,4096
1625724885,588385297,61413128,4096
1625724885,588385297,61413136,4096
1625724885,588385297,61413144,4096
1625724885,588385297,61413152,4096
1625724885,588385297,61413160,4096
1625724885,588385297,61413168,4096
1625724885,588385297,61413176,4096
1625724885,588386371,61413184,4096
1625724885,588386371,61413192,4096
1625724885,588386371,61413200,4096
1625724885,588386371,61413208,4096
1625724885,592716870,61413216,4096
1625724885,592716870,61413224,4096
1625724885,592716870,61413232,4096
1625724885,592716870,61413240,4096
1625724885,592717943,61413248,4096
1625724885,592717943,61413256,4096
1625724885,592717943,61413264,4096
1625724885,592717943,61413272,4096
1625724885,592717943,61413280,4096
1625724885,592717943,61413288,4096
1625724885,592717943,61413296,4096
1625724885,592717943,61413304,4096
1625724885,592719017,61413312,4096
1625724885,592719017,61413320,4096
1625724885,592719017,61413328,4096
1625724885,592719017,61413336,4096
1625724885,592842469,61413344,4096
1625724885,592842469,61413352,4096
1625724885,592842469,61413360,4096
1625724885,592842469,61413368,4096
1625724885,592842469,61413376,4096
1625724885,592842469,61413384,4096
1625724885,592842469,61413392,4096
1625724885,592842469,61413400,4096
1625724885,592842469,61413408,4096
1625724885,592843543,61413416,4096
1625724885,592843543,61413424,4096
1625724885,592843543,61413432,4096
1625724885,592843543,61413440,4096
1625724885,592843543,61413448,4096
1625724885,592843543,61413456,4096
1625724885,592843543,61413464,4096
1625724885,598355965,61413472,4096
1625724885,598355965,61413480,4096
1625724885,598355965,61413488,4096
1625724885,598355965,61413496,4096
1625724885,598355965,61413504,4096
1625724885,598355965,61413512,4096
1625724885,598355965,61413520,4096
1625724885,598355965,61413528,4096
1625724885,598357039,61413536,4096
1625724885,598357039,61413544,4096
1625724885,598357039,61413552,4096
1625724885,598357039,61413560,4096
1625724885,598357039,61413568,4096
1625724885,598357039,61413576,4096
1625724885,598357039,61413584,4096
1625724885,598357039,61413592,4096
1625724885,598469756,61413600,4096
1625724885,598469756,61413608,4096
1625724885,598469756,61413616,4096
1625724885,598469756,61413624,4096
1625724885,598469756,61413632,4096
1625724885,598470830,61413640,4096
1625724885,598470830,61413648,4096
1625724885,598470830,61413656,4096
1625724885,598470830,61413664,4096
1625724885,598470830,61413672,4096
1625724885,598470830,61413680,4096
1625724885,598470830,61413688,4096
1625724885,598470830,61413696,4096
1625724885,598470830,61413704,4096
1625724885,598471903,61413712,4096
1625724885,598471903,61413720,4096
1625724885,602686464,61413728,4096
1625724885,602687538,61413736,4096
1625724885,602687538,61413744,4096
1625724885,602687538,61413752,4096
1625724885,602687538,61413760,4096
1625724885,602687538,61413768,4096
1625724885,602687538,61413776,4096
1625724885,602687538,61413784,4096
1625724885,602687538,61413792,4096
1625724885,602688611,61413800,4096
1625724885,602688611,61413808,4096
1625724885,602688611,61413816,4096
1625724885,602688611,61413824,3072
1625724885,602776638,61413830,4096
1625724885,602777712,61413838,4096
1625724885,602777712,61413846,4096
1625724885,602777712,61413854,4096
1625724885,602777712,61413862,4096
1625724885,602777712,61413870,4096
1625724885,602777712,61413878,4096
1625724885,602777712,61413886,4096
1625724885,602777712,61413894,4096
1625724885,602778785,61413902,4096
1625724885,602778785,61413910,4096
1625724885,602778785,61413918,4096
1625724885,602778785,61413926,2560
1625724886,106257911,6809056,4096
1625724887,1037143150,776376,4096
1625724887,1037143150,776384,4096
1625724887,1037143150,776392,4096
1625724887,1037144223,776400,4096
1625724887,1037778662,776408,4096
1625724887,1037778662,776416,4096
1625724887,1037779735,776424,4096
1625724887,1037779735,776432,4096
1625724887,1037779735,776440,4096
1625724887,1037779735,776448,4096
1625724887,1037779735,776456,4096
1625724887,1037779735,776464,4096
1625724887,1037779735,776472,1536
1625724887,273149302,63082688,4096
1625724887,273149302,63082696,4096
1625724887,273149302,63082704,4096
1625724887,273150376,63082712,4096
1625724887,273150376,63082720,4096
1625724887,273150376,63082728,4096
1625724887,273150376,63082736,4096
1625724887,273150376,63082744,4096
1625724887,273150376,63082752,4096
1625724887,273150376,63082760,4096
1625724887,273150376,63082768,4096
1625724887,273151449,63082776,4096
1625724887,273151449,63082784,4096
1625724887,273151449,63082792,4096
1625724887,273215859,62702816,4096
1625724887,273216933,62702824,4096
1625724887,273216933,62702832,4096
1625724887,273216933,62702840,4096
1625724887,273216933,62702848,4096
1625724887,273216933,62702856,4096
1625724887,273216933,62702864,4096
1625724887,273216933,62702872,4096
1625724887,273328577,63082800,4096
1625724887,273328577,63082808,4096
1625724887,273328577,63082816,4096
1625724887,273328577,63082824,4096
1625724887,273328577,63082832,4096
1625724887,273328577,63082840,4096
1625724887,273328577,63082848,4096
1625724887,273329650,63082856,4096
1625724887,273329650,63082864,4096
1625724887,273329650,63082872,4096
1625724887,273329650,63082880,4096
1625724887,273329650,63082888,4096
1625724887,273329650,63082896,4096
1625724887,273329650,63082904,4096
1625724887,273453103,62734528,4096
1625724887,273453103,62734536,4096
1625724887,273453103,62734544,4096
1625724887,273454176,62734552,4096
1625724887,273454176,62734560,4096
1625724887,273454176,62734568,4096
1625724887,273454176,62734576,4096
1625724887,273454176,62734584,4096
1625724887,273454176,62734592,4096
1625724887,273454176,62734600,4096
1625724887,273454176,62734608,4096
1625724887,273454176,62734616,4096
1625724887,273455250,62734624,4096
1625724887,273455250,62734632,4096
1625724887,273455250,62734640,4096
1625724887,273455250,62734648,4096
1625724887,273481014,62691200,4096
1625724887,273482087,62691208,4096
1625724887,273482087,62691216,4096
1625724887,273482087,62691224,4096
1625724887,273604466,62734656,4096
1625724887,273604466,62734664,4096
1625724887,273604466,62734672,4096
1625724887,273604466,62734680,4096
1625724887,273604466,62734688,4096
1625724887,273604466,62734696,4096
1625724887,273604466,62734704,4096
1625724887,273604466,62734712,4096
1625724887,273604466,62734720,4096
1625724887,273605540,62734728,4096
1625724887,273605540,62734736,4096
1625724887,273605540,62734744,4096
1625724887,273605540,62734752,4096
1625724887,273605540,62734760,4096
1625724887,273605540,62734768,4096
1625724887,273605540,62734776,4096
1625724887,273749389,63071040,4096
1625724887,273749389,63071048,4096
1625724887,273749389,63071056,4096
1625724887,273749389,63071064,4096
1625724887,273749389,63071072,4096
1625724887,273749389,63071080,4096
1625724887,273749389,63071088,4096
1625724887,273749389,63071096,4096
1625724887,273749389,63071104,4096
1625724887,273750462,63071112,4096
1625724887,273750462,63071120,4096
1625724887,273750462,63071128,4096
1625724887,273750462,63071136,4096
1625724887,273750462,63071144,4096
1625724887,273750462,63071152,4096
1625724887,273750462,63071160,4096
1625724887,273750462,63071168,4096
1625724887,273750462,63071176,4096
1625724887,273896458,63071184,4096
1625724887,273896458,63071192,4096
1625724887,273896458,63071200,4096
1625724887,273896458,63071208,4096
1625724887,273897532,63071216,4096
1625724887,273897532,63071224,4096
1625724887,273897532,63071232,4096
1625724887,273897532,63071240,4096
1625724887,273897532,63071248,4096
1625724887,273897532,63071256,4096
1625724887,273897532,63071264,4096
1625724887,273897532,63071272,4096
1625724887,273898605,63071280,4096
1625724887,273898605,63071288,4096
1625724887,273898605,63071296,4096
1625724887,273898605,63071304,4096
1625724887,273898605,63071312,4096
1625724887,273898605,63071320,4096
1625724887,273949060,69002592,4096
1625724887,273950133,69002600,4096
1625724887,273950133,69002608,4096
1625724887,273950133,69002616,4096
1625724887,273950133,69002624,4096
1625724887,273950133,69002632,4096
1625724887,273950133,69002640,4096
1625724887,273950133,69002648,4096
1625724887,273976971,69874528,4096
1625724887,273978044,69874536,4096
1625724887,273978044,69874544,4096
1625724887,273978044,69874552,4096
1625724887,274582425,69874848,4096
1625724887,274582425,69874856,4096
1625724887,274582425,69874864,4096
1625724887,274582425,69874872,4096
1625724887,290707468,63107104,4096
1625724887,290707468,63107112,4096
1625724887,290707468,63107120,4096
1625724887,290707468,63107128,4096
1625724887,290707468,63107136,4096
1625724887,290707468,63107144,4096
1625724887,290708542,63107152,4096
1625724887,290708542,63107160,4096
1625724887,290708542,63107168,4096
1625724887,290708542,63107176,4096
1625724887,290708542,63107184,4096
1625724887,290708542,63107192,4096
1625724887,291006975,45503520,4096
1625724887,291008048,45503528,4096
1625724887,291008048,45503536,4096
1625724887,291008048,45503544,4096
1625724887,291008048,45503552,4096
1625724887,291008048,45503560,4096
1625724887,291008048,45503568,4096
1625724887,291008048,45503576,4096
1625724887,291008048,45503584,4096
1625724887,291009122,45503592,4096
1625724887,291009122,45503600,4096
1625724887,291009122,45503608,4096
1625724887,291009122,45503616,4096
1625724887,291009122,45503624,4096
1625724887,291009122,45503632,4096
1625724887,291009122,45503640,4096
1625724887,291009122,45503648,4096
1625724887,291009122,45503656,4096
1625724887,291010195,45503664,4096
1625724887,291010195,45503672,4096
1625724887,291207719,45503680,4096
1625724887,291207719,45503688,4096
1625724887,291207719,45503696,4096
1625724887,291207719,45503704,4096
1625724887,291207719,45503712,4096
1625724887,291207719,45503720,4096
1625724887,291207719,45503728,4096
1625724887,291207719,45503736,4096
1625724887,291208793,45503744,4096
1625724887,291208793,45503752,4096
1625724887,291208793,45503760,4096
1625724887,291208793,45503768,4096
1625724887,291208793,45503776,4096
1625724887,291208793,45503784,4096
1625724887,291208793,45503792,4096
1625724887,291208793,45503800,4096
1625724887,291208793,45503808,4096
1625724887,291209866,45503816,4096
1625724887,291209866,45503824,4096
1625724887,291209866,45503832,4096
1625724887,291472874,62606848,4096
1625724887,291472874,62606856,4096
1625724887,291472874,62606864,4096
1625724887,291472874,62606872,4096
1625724887,291472874,62606880,4096
1625724887,291472874,62606888,4096
1625724887,291472874,62606896,4096
1625724887,291473947,62606904,4096
1625724887,291609208,45765888,4096
1625724887,291609208,45765896,4096
1625724887,291609208,45765904,4096
1625724887,291609208,45765912,4096
1625724887,291610282,45765920,4096
1625724887,291610282,45765928,4096
1625724887,291610282,45765936,4096
1625724887,291610282,45765944,4096
1625724887,291610282,45765952,4096
1625724887,291610282,45765960,4096
1625724887,291610282,45765968,4096
1625724887,291610282,45765976,4096
1625724887,291611355,45765984,4096
1625724887,291611355,45765992,4096
1625724887,291611355,45766000,4096
1625724887,291611355,45766008,4096
1625724887,299629327,45766016,4096
1625724887,299629327,45766024,4096
1625724887,299630400,45766032,4096
1625724887,299630400,45766040,4096
1625724887,299630400,45766048,4096
1625724887,299630400,45766056,4096
1625724887,299630400,45766064,4096
1625724887,299630400,45766072,4096
1625724887,299630400,45766080,4096
1625724887,299630400,45766088,4096
1625724887,299703398,45766096,4096
1625724887,299703398,45766104,4096
1625724887,299703398,45766112,4096
1625724887,299703398,45766120,4096
1625724887,299703398,45766128,4096
1625724887,299703398,45766136,4096
1625724887,299703398,45766144,4096
1625724887,299703398,45766152,4096
1625724887,299704472,45766160,4096
1625724887,299704472,45766168,4096
1625724887,300305632,60043296,4096
1625724887,300305632,60043304,4096
1625724887,300306705,60043312,4096
1625724887,300306705,60043320,4096
1625724887,300306705,60043328,4096
1625724887,300306705,60043336,4096
1625724887,300306705,60043344,4096
1625724887,300306705,60043352,4096
1625724887,300306705,60043360,4096
1625724887,300306705,60043368,4096
1625724887,300307779,60043376,4096
1625724887,300307779,60043384,4096
1625724887,300307779,60043392,4096
1625724887,300307779,60043400,4096
1625724887,300307779,60043408,4096
1625724887,300307779,60043416,4096
1625724887,300307779,60043424,4096
1625724887,300307779,60043432,4096
1625724887,300307779,60043440,4096
1625724887,300308852,60043448,4096
1625724887,300454848,60043136,4096
1625724887,300454848,60043144,4096
1625724887,300455922,60043152,4096
1625724887,300455922,60043160,4096
1625724887,300455922,60043168,4096
1625724887,300455922,60043176,4096
1625724887,300455922,60043184,4096
1625724887,300455922,60043192,4096
1625724887,300455922,60043200,4096
1625724887,300455922,60043208,4096
1625724887,300455922,60043216,4096
1625724887,300456995,60043224,4096
1625724887,300456995,60043232,4096
1625724887,300456995,60043240,4096
1625724887,300456995,60043248,4096
1625724887,300456995,60043256,4096
1625724887,300456995,60043264,4096
1625724887,300456995,60043272,4096
1625724887,300456995,60043280,4096
1625724887,300456995,60043288,4096
1625724887,300641637,69935520,4096
1625724887,300641637,69935528,4096
1625724887,300641637,69935536,4096
1625724887,300641637,69935544,4096
1625724887,300718929,28312192,4096
1625724887,300720003,28312200,4096
1625724887,300720003,28312208,4096
1625724887,300720003,28312216,4096
1625724887,300720003,28312224,4096
1625724887,300720003,28312232,4096
1625724887,300720003,28312240,4096
1625724887,300720003,28312248,4096
1625724887,300720003,28312256,4096
1625724887,300720003,28312264,4096
1625724887,300721076,28312272,4096
1625724887,300721076,28312280,4096
1625724887,300756502,69864544,4096
1625724887,300756502,69864552,4096
1625724887,300756502,69864560,4096
1625724887,300757575,69864568,4096
1625724887,300793001,69864864,4096
1625724887,300793001,69864872,4096
1625724887,300793001,69864880,4096
1625724887,300793001,69864888,4096
1625724887,301385573,69935840,4096
1625724887,301385573,69935848,4096
1625724887,301385573,69935856,4096
1625724887,301385573,69935864,4096
1625724887,557539849,2053376,4096
1625724887,557540922,2053384,4096
1625724887,557540922,2053392,4096
1625724887,557540922,2053400,4096
1625724887,707375758,1108576,4096
1625724887,707375758,1108584,512
1625724887,780979212,2733762,4096
1625724887,780979212,2733770,4096
1625724887,780979212,2733778,4096
1625724887,780980286,2733786,4096
1625724887,780980286,2733794,4096
1625724887,784899634,5605536,3584
1625724887,902188097,48935888,4096
1625724887,902937400,2450272,4096
1625724887,902937400,2450280,4096
1625724887,902937400,2450288,4096
1625724887,902937400,2450296,4096
1625724887,903629808,2450304,4096
1625724887,903629808,2450312,4096
1625724887,903629808,2450320,4096
1625724887,903629808,2450328,4096
1625724887,903629808,2450336,4096
1625724887,903629808,2450344,1536
1625724888,146888240,993312,4096
1625724888,146888240,993320,4096
1625724888,146888240,993328,1024
1625724888,250488504,6659784,4096
1625724888,251166956,48935896,4096
1625724888,251861511,28337608,4096
1625724888,251861511,28337616,4096
1625724888,251861511,28337624,4096
1625724888,251862584,28337632,4096
1625724888,252660195,28337640,4096
1625724888,252660195,28337648,4096
1625724888,252661268,28337656,4096
1625724888,252661268,28337664,4096
1625724888,252661268,28337672,4096
1625724888,252661268,28337680,4096
1625724888,252661268,28337688,4096
1625724888,252661268,28337696,4096
1625724888,252661268,28337704,4096
1625724888,252661268,28337712,4096
1625724888,252662342,28337720,4096
1625724888,252662342,28337728,4096
1625724888,252662342,28337736,4096
1625724888,252662342,28337744,4096
1625724888,252753589,28337752,4096
1625724888,252753589,28337760,4096
1625724888,252753589,28337768,4096
1625724888,252753589,28337776,4096
1625724888,252753589,28337784,4096
1625724888,252754663,28337792,4096
1625724888,252754663,28337800,4096
1625724888,252754663,28337808,4096
1625724888,252754663,28337816,4096
1625724888,252754663,28337824,4096
1625724888,252754663,28337832,4096
1625724888,252754663,28337840,4096
1625724888,252754663,28337848,4096
1625724888,252754663,28337856,4096
1625724888,253365484,28337864,4096
1625724888,253365484,28337872,4096
1625724888,253365484,28337880,4096
1625724888,253365484,28337888,4096
1625724888,253365484,28337896,4096
1625724888,253365484,28337904,4096
1625724888,253366558,28337912,4096
1625724888,253366558,28337920,4096
1625724888,253366558,28337928,4096
1625724888,253366558,28337936,4096
1625724888,253366558,28337944,4096
1625724888,253366558,28337952,4096
1625724888,253366558,28337960,4096
1625724888,253366558,28337968,4096
1625724888,253367631,28337976,4096
1625724888,253367631,28337984,4096
1625724888,253938733,28337992,4096
1625724888,253938733,28338000,4096
1625724888,253938733,28338008,4096
1625724888,253938733,28338016,4096
1625724888,253938733,28338024,4096
1625724888,253938733,28338032,4096
1625724888,253938733,28338040,4096
1625724888,253939807,28338048,4096
1625724888,253939807,28338056,4096
1625724888,253939807,28338064,4096
1625724888,253939807,28338072,4096
1625724888,253939807,28338080,4096
1625724888,253939807,28338088,4096
1625724888,253939807,28338096,4096
1625724888,253939807,28338104,4096
1625724888,253939807,28338112,4096
1625724888,254052524,28338120,4096
1625724888,254052524,28338128,4096
1625724888,254053598,28338136,4096
1625724888,254053598,28338144,4096
1625724888,254053598,28338152,4096
1625724888,254053598,28338160,4096
1625724888,254053598,28338168,4096
1625724888,254053598,28338176,4096
1625724888,254053598,28338184,4096
1625724888,254053598,28338192,4096
1625724888,254053598,28338200,4096
1625724888,254054671,28338208,4096
1625724888,254054671,28338216,4096
1625724888,254054671,28338224,4096
1625724888,254054671,28338232,4096
1625724888,254054671,28338240,4096
1625724888,258089958,28338248,4096
1625724888,258091031,28338256,4096
1625724888,258091031,28338264,4096
1625724888,258091031,28338272,4096
1625724888,258091031,28338280,4096
1625724888,258091031,28338288,4096
1625724888,258091031,28338296,4096
1625724888,258091031,28338304,4096
1625724888,258091031,28338312,4096
1625724888,258092105,28338320,4096
1625724888,258092105,28338328,4096
1625724888,258092105,28338336,4096
1625724888,258092105,28338344,4096
1625724888,258092105,28338352,4096
1625724888,258092105,28338360,4096
1625724888,258092105,28338368,4096
1625724888,258206969,28338376,4096
1625724888,258206969,28338384,4096
1625724888,258206969,28338392,4096
1625724888,258206969,28338400,4096
1625724888,258206969,28338408,4096
1625724888,258206969,28338416,4096
1625724888,258206969,28338424,4096
1625724888,258206969,28338432,4096
1625724888,258208043,28338440,4096
1625724888,258208043,28338448,4096
1625724888,258208043,28338456,4096
1625724888,258208043,28338464,4096
1625724888,258208043,28338472,4096
1625724888,258208043,28338480,4096
1625724888,258208043,28338488,4096
1625724888,258208043,28338496,4096
1625724888,262064055,28338504,4096
1625724888,262064055,28338512,4096
1625724888,262064055,28338520,4096
1625724888,262065128,28338528,4096
1625724888,262065128,28338536,4096
1625724888,262065128,28338544,4096
1625724888,262065128,28338552,4096
1625724888,262065128,28338560,4096
1625724888,262065128,28338568,4096
1625724888,262065128,28338576,4096
1625724888,262065128,28338584,4096
1625724888,262066202,28338592,4096
1625724888,262066202,28338600,4096
1625724888,262066202,28338608,4096
1625724888,262066202,28338616,4096
1625724888,262066202,28338624,4096
1625724888,262177846,28338632,4096
1625724888,262177846,28338640,4096
1625724888,262177846,28338648,4096
1625724888,262177846,28338656,4096
1625724888,262177846,28338664,4096
1625724888,262177846,28338672,4096
1625724888,262177846,28338680,4096
1625724888,262177846,28338688,4096
1625724888,262178919,28338696,4096
1625724888,262178919,28338704,4096
1625724888,262178919,28338712,4096
1625724888,262178919,28338720,4096
1625724888,262178919,28338728,4096
1625724888,262178919,28338736,4096
1625724888,262178919,28338744,4096
1625724888,262178919,28338752,4096
1625724888,266051034,28338760,4096
1625724888,266051034,28338768,4096
1625724888,266051034,28338776,4096
1625724888,266051034,28338784,4096
1625724888,266051034,28338792,4096
1625724888,266052107,28338800,4096
1625724888,266052107,28338808,4096
1625724888,266052107,28338816,4096
1625724888,266052107,28338824,4096
1625724888,266052107,28338832,4096
1625724888,266052107,28338840,4096
1625724888,266052107,28338848,4096
1625724888,266052107,28338856,4096
1625724888,266052107,28338864,4096
1625724888,266053181,28338872,4096
1625724888,266053181,28338880,4096
1625724888,266163751,28338888,4096
1625724888,266163751,28338896,4096
1625724888,266163751,28338904,4096
1625724888,266163751,28338912,4096
1625724888,266163751,28338920,4096
1625724888,266163751,28338928,4096
1625724888,266164825,28338936,4096
1625724888,266164825,28338944,4096
1625724888,266164825,28338952,4096
1625724888,266164825,28338960,4096
1625724888,266164825,28338968,4096
1625724888,266164825,28338976,4096
1625724888,266164825,28338984,4096
1625724888,266164825,28338992,4096
1625724888,266164825,28339000,4096
1625724888,266165898,28339008,4096
1625724888,270108864,28339016,4096
1625724888,270108864,28339024,4096
1625724888,270108864,28339032,4096
1625724888,270109937,28339040,4096
1625724888,270109937,28339048,4096
1625724888,270109937,28339056,4096
1625724888,270109937,28339064,4096
1625724888,270109937,28339072,4096
1625724888,270109937,28339080,4096
1625724888,270109937,28339088,4096
1625724888,270109937,28339096,4096
1625724888,270109937,28339104,4096
1625724888,270111011,28339112,4096
1625724888,270111011,28339120,4096
1625724888,270111011,28339128,4096
1625724888,270111011,28339136,4096
1625724888,270234463,28339144,4096
1625724888,270234463,28339152,4096
1625724888,270234463,28339160,4096
1625724888,270234463,28339168,4096
1625724888,270234463,28339176,4096
1625724888,270234463,28339184,4096
1625724888,270234463,28339192,4096
1625724888,270234463,28339200,4096
1625724888,270234463,28339208,4096
1625724888,270235537,28339216,4096
1625724888,270235537,28339224,4096
1625724888,270235537,28339232,4096
1625724888,270235537,28339240,4096
1625724888,270235537,28339248,4096
1625724888,270235537,28339256,4096
1625724888,270235537,28339264,4096
1625724888,284712758,28339272,4096
1625724888,284713831,28339280,4096
1625724888,284713831,28339288,4096
1625724888,284713831,28339296,4096
1625724888,284713831,28339304,4096
1625724888,284713831,28339312,4096
1625724888,284713831,28339320,4096
1625724888,284713831,28339328,4096
1625724888,284713831,28339336,4096
1625724888,284714905,28339344,4096
1625724888,284714905,28339352,4096
1625724888,284714905,28339360,4096
1625724888,284714905,28339368,4096
1625724888,284714905,28339376,4096
1625724888,284714905,28339384,4096
1625724888,284714905,28339392,4096
1625724888,284831916,28339400,4096
1625724888,284831916,28339408,4096
1625724888,284831916,28339416,4096
1625724888,284832990,28339424,4096
1625724888,284832990,28339432,4096
1625724888,284832990,28339440,4096
1625724888,284832990,28339448,4096
1625724888,284832990,28339456,4096
1625724888,284832990,28339464,4096
1625724888,284832990,28339472,4096
1625724888,284832990,28339480,4096
1625724888,284834063,28339488,4096
1625724888,284834063,28339496,4096
1625724888,284834063,28339504,4096
1625724888,284834063,28339512,4096
1625724888,284834063,28339520,4096
1625724888,288956303,28339528,4096
1625724888,288957377,28339536,4096
1625724888,288957377,28339544,4096
1625724888,288957377,28339552,4096
1625724888,288957377,28339560,4096
1625724888,288957377,28339568,4096
1625724888,288957377,28339576,4096
1625724888,288957377,28339584,4096
1625724888,288957377,28339592,4096
1625724888,288958450,28339600,4096
1625724888,288958450,28339608,4096
1625724888,288958450,28339616,4096
1625724888,288958450,28339624,4096
1625724888,288958450,28339632,4096
1625724888,288958450,28339640,4096
1625724888,288958450,28339648,4096
1625724888,289074388,28339656,4096
1625724888,289074388,28339664,4096
1625724888,289074388,28339672,4096
1625724888,289074388,28339680,4096
1625724888,289074388,28339688,4096
1625724888,289074388,28339696,4096
1625724888,289075462,28339704,4096
1625724888,289075462,28339712,4096
1625724888,289075462,28339720,4096
1625724888,289075462,28339728,4096
1625724888,289075462,28339736,4096
1625724888,289075462,28339744,4096
1625724888,289075462,28339752,4096
1625724888,289075462,28339760,4096
1625724888,289075462,28339768,4096
1625724888,289076535,28339776,4096
1625724888,293354433,28339784,4096
1625724888,293354433,28339792,4096
1625724888,293354433,28339800,4096
1625724888,293354433,28339808,4096
1625724888,293354433,28339816,4096
1625724888,293354433,28339824,4096
1625724888,293354433,28339832,4096
1625724888,293355506,28339840,4096
1625724888,293355506,28339848,4096
1625724888,293355506,28339856,4096
1625724888,293355506,28339864,4096
1625724888,293355506,28339872,4096
1625724888,293355506,28339880,4096
1625724888,293355506,28339888,4096
1625724888,293355506,28339896,4096
1625724888,293355506,28339904,4096
1625724888,293468224,28339912,4096
1625724888,293468224,28339920,4096
1625724888,293468224,28339928,4096
1625724888,293468224,28339936,4096
1625724888,293468224,28339944,4096
1625724888,293468224,28339952,4096
1625724888,293468224,28339960,4096
1625724888,293468224,28339968,4096
1625724888,293469297,28339976,4096
1625724888,293469297,28339984,4096
1625724888,293469297,28339992,4096
1625724888,293469297,28340000,4096
1625724888,293469297,28340008,4096
1625724888,293469297,28340016,4096
1625724888,293469297,28340024,4096
1625724888,293469297,28340032,4096
1625724888,297593684,28340040,4096
1625724888,297593684,28340048,4096
1625724888,297593684,28340056,4096
1625724888,297593684,28340064,4096
1625724888,297594758,28340072,4096
1625724888,297594758,28340080,4096
1625724888,297594758,28340088,4096
1625724888,297594758,28340096,4096
1625724888,297594758,28340104,4096
1625724888,297594758,28340112,4096
1625724888,297594758,28340120,4096
1625724888,297594758,28340128,4096
1625724888,297594758,28340136,4096
1625724888,297595831,28340144,4096
1625724888,297595831,28340152,4096
1625724888,297595831,28340160,4096
1625724888,297709622,28340168,4096
1625724888,297709622,28340176,4096
1625724888,297709622,28340184,4096
1625724888,297709622,28340192,4096
1625724888,297710696,28340200,4096
1625724888,297710696,28340208,4096
1625724888,297710696,28340216,4096
1625724888,297710696,28340224,4096
1625724888,297710696,28340232,4096
1625724888,297710696,28340240,4096
1625724888,297710696,28340248,4096
1625724888,297710696,28340256,4096
1625724888,297711769,28340264,4096
1625724888,297711769,28340272,4096
1625724888,297711769,28340280,4096
1625724888,297711769,28340288,4096
1625724888,301672984,28340296,4096
1625724888,301674058,28340304,4096
1625724888,301674058,28340312,4096
1625724888,301674058,28340320,4096
1625724888,301674058,28340328,4096
1625724888,301674058,28340336,4096
1625724888,301674058,28340344,4096
1625724888,301674058,28340352,4096
1625724888,301674058,28340360,4096
1625724888,301674058,28340368,4096
1625724888,301675131,28340376,4096
1625724888,301675131,28340384,4096
1625724888,301675131,28340392,4096
1625724888,301675131,28340400,4096
1625724888,301675131,28340408,4096
1625724888,301675131,28340416,4096
1625724888,301786775,28340424,4096
1625724888,301786775,28340432,4096
1625724888,301786775,28340440,4096
1625724888,301786775,28340448,4096
1625724888,301786775,28340456,4096
1625724888,301786775,28340464,4096
1625724888,301787849,28340472,4096
1625724888,301787849,28340480,4096
1625724888,301787849,28340488,4096
1625724888,301787849,28340496,4096
1625724888,301787849,28340504,4096
1625724888,301787849,28340512,4096
1625724888,301787849,28340520,4096
1625724888,301787849,28340528,4096
1625724888,301787849,28340536,4096
1625724888,301788922,28340544,4096
1625724888,305935853,28340552,4096
1625724888,305935853,28340560,4096
1625724888,305935853,28340568,4096
1625724888,305935853,28340576,4096
1625724888,305935853,28340584,4096
1625724888,305935853,28340592,4096
1625724888,305936926,28340600,4096
1625724888,305936926,28340608,4096
1625724888,305936926,28340616,4096
1625724888,305936926,28340624,4096
1625724888,305936926,28340632,4096
1625724888,305936926,28340640,4096
1625724888,305936926,28340648,4096
1625724888,305936926,28340656,4096
1625724888,305938000,28340664,4096
1625724888,305938000,28340672,4096
1625724888,306053938,28340680,4096
1625724888,306053938,28340688,4096
1625724888,306055011,28340696,4096
1625724888,306055011,28340704,4096
1625724888,306055011,28340712,4096
1625724888,306055011,28340720,4096
1625724888,306055011,28340728,4096
1625724888,306055011,28340736,4096
1625724888,306055011,28340744,4096
1625724888,306055011,28340752,4096
1625724888,306056085,28340760,4096
1625724888,306056085,28340768,4096
1625724888,306056085,28340776,4096
1625724888,306056085,28340784,4096
1625724888,306056085,28340792,4096
1625724888,306056085,28340800,4096
1625724888,310359746,28340808,4096
1625724888,310359746,28340816,4096
1625724888,310359746,28340824,4096
1625724888,310359746,28340832,4096
1625724888,310359746,28340840,4096
1625724888,310359746,28340848,4096
1625724888,310360820,28340856,4096
1625724888,310360820,28340864,4096
1625724888,310360820,28340872,4096
1625724888,310360820,28340880,4096
1625724888,310360820,28340888,4096
1625724888,310360820,28340896,4096
1625724888,310360820,28340904,4096
1625724888,310360820,28340912,4096
1625724888,310360820,28340920,4096
1625724888,310361893,28340928,4096
1625724888,310485346,28340936,4096
1625724888,310485346,28340944,4096
1625724888,310485346,28340952,4096
1625724888,310485346,28340960,4096
1625724888,310485346,28340968,4096
1625724888,310485346,28340976,4096
1625724888,310485346,28340984,4096
1625724888,310485346,28340992,4096
1625724888,310486419,28341000,4096
1625724888,310486419,28341008,4096
1625724888,310486419,28341016,4096
1625724888,310486419,28341024,4096
1625724888,310486419,28341032,4096
1625724888,310486419,28341040,4096
1625724888,310486419,28341048,4096
1625724888,310486419,28341056,4096
1625724888,314850197,28341064,4096
1625724888,314850197,28341072,4096
1625724888,314850197,28341080,4096
1625724888,314850197,28341088,4096
1625724888,314851270,28341096,4096
1625724888,314851270,28341104,4096
1625724888,314851270,28341112,4096
1625724888,314851270,28341120,4096
1625724888,314851270,28341128,4096
1625724888,314851270,28341136,4096
1625724888,314851270,28341144,4096
1625724888,314851270,28341152,4096
1625724888,314851270,28341160,4096
1625724888,314852344,28341168,4096
1625724888,314852344,28341176,4096
1625724888,314852344,28341184,4096
1625724888,314963988,28341192,4096
1625724888,314963988,28341200,4096
1625724888,314963988,28341208,4096
1625724888,314963988,28341216,4096
1625724888,314963988,28341224,4096
1625724888,314963988,28341232,4096
1625724888,314965061,28341240,4096
1625724888,314965061,28341248,4096
1625724888,314965061,28341256,4096
1625724888,314965061,28341264,4096
1625724888,314965061,28341272,4096
1625724888,314965061,28341280,4096
1625724888,314965061,28341288,4096
1625724888,314965061,28341296,4096
1625724888,314965061,28341304,4096
1625724888,314966135,28341312,4096
1625724888,318911247,28341320,4096
1625724888,318911247,28341328,4096
1625724888,318911247,28341336,4096
1625724888,318911247,28341344,4096
1625724888,318911247,28341352,4096
1625724888,318911247,28341360,4096
1625724888,318911247,28341368,4096
1625724888,318912321,28341376,4096
1625724888,318912321,28341384,4096
1625724888,318912321,28341392,4096
1625724888,318912321,28341400,4096
1625724888,318912321,28341408,4096
1625724888,318912321,28341416,4096
1625724888,318912321,28341424,4096
1625724888,318912321,28341432,4096
1625724888,318912321,28341440,4096
1625724888,319023965,28341448,4096
1625724888,319023965,28341456,4096
1625724888,319023965,28341464,4096
1625724888,319023965,28341472,4096
1625724888,319023965,28341480,4096
1625724888,319023965,28341488,4096
1625724888,319025038,28341496,4096
1625724888,319025038,28341504,4096
1625724888,319025038,28341512,4096
1625724888,319025038,28341520,4096
1625724888,319025038,28341528,4096
1625724888,319025038,28341536,4096
1625724888,319025038,28341544,4096
1625724888,319025038,28341552,4096
1625724888,319025038,28341560,4096
1625724888,319026112,28341568,4096
1625724888,323032414,28341576,4096
1625724888,323032414,28341584,4096
1625724888,323033487,28341592,4096
1625724888,323033487,28341600,4096
1625724888,323033487,28341608,4096
1625724888,323033487,28341616,4096
1625724888,323033487,28341624,4096
1625724888,323033487,28341632,4096
1625724888,323033487,28341640,4096
1625724888,323033487,28341648,4096
1625724888,323034561,28341656,4096
1625724888,323034561,28341664,4096
1625724888,323034561,28341672,4096
1625724888,323034561,28341680,4096
1625724888,323034561,28341688,4096
1625724888,323034561,28341696,4096
1625724888,323149425,28341704,4096
1625724888,323150499,28341712,4096
1625724888,323150499,28341720,4096
1625724888,323150499,28341728,4096
1625724888,323150499,28341736,4096
1625724888,323150499,28341744,4096
1625724888,323150499,28341752,4096
1625724888,323150499,28341760,4096
1625724888,323150499,28341768,4096
1625724888,323151572,28341776,4096
1625724888,323151572,28341784,4096
1625724888,323151572,28341792,4096
1625724888,323151572,28341800,4096
1625724888,323151572,28341808,4096
1625724888,323151572,28341816,4096
1625724888,323151572,28341824,4096
1625724888,327000070,28341832,4096
1625724888,327000070,28341840,4096
1625724888,327000070,28341848,4096
1625724888,327000070,28341856,4096
1625724888,327000070,28341864,4096
1625724888,327000070,28341872,4096
1625724888,327000070,28341880,4096
1625724888,327000070,28341888,4096
1625724888,327000070,28341896,4096
1625724888,327001143,28341904,4096
1625724888,327001143,28341912,4096
1625724888,327001143,28341920,4096
1625724888,327001143,28341928,4096
1625724889,268976035,60822848,4096
1625724889,268976035,60822856,4096
1625724889,268976035,60822864,4096
1625724889,268976035,60822872,4096
1625724889,268977108,60822880,4096
1625724889,268977108,60822888,4096
1625724889,268977108,60822896,4096
1625724889,268977108,60822904,4096
1625724889,269149942,62682912,4096
1625724889,269149942,62682920,4096
1625724889,269149942,62682928,4096
1625724889,269151015,62682936,4096
1625724889,269151015,62682944,4096
1625724889,269151015,62682952,4096
1625724889,269151015,62682960,4096
1625724889,269151015,62682968,4096
1625724889,269151015,62682976,4096
1625724889,269151015,62682984,4096
1625724889,269151015,62682992,4096
1625724889,269152089,62683000,4096
1625724889,269152089,62683008,4096
1625724889,269152089,62683016,4096
1625724889,269152089,62683024,4096
1625724889,269152089,62683032,4096
1625724889,269152089,62683040,4096
1625724889,269152089,62683048,4096
1625724889,269152089,62683056,4096
1625724889,269152089,62683064,4096
1625724889,269153162,62683072,4096
1625724889,269153162,62683080,4096
1625724889,269322775,62683088,4096
1625724889,269322775,62683096,4096
1625724889,269322775,62683104,4096
1625724889,269323849,62683112,4096
1625724889,269323849,62683120,4096
1625724889,269323849,62683128,4096
1625724889,269323849,62683136,4096
1625724889,269323849,62683144,4096
1625724889,269323849,62683152,4096
1625724889,269323849,62683160,4096
1625724889,269323849,62683168,4096
1625724889,269323849,62683176,4096
1625724889,269324922,62683184,4096
1625724889,269324922,62683192,4096
1625724889,269324922,62683200,4096
1625724889,269324922,62683208,4096
1625724889,269324922,62683216,4096
1625724889,269324922,62683224,4096
1625724889,269324922,62683232,4096
1625724889,269324922,62683240,4096
1625724889,269324922,62683248,4096
1625724889,269325996,62683256,4096
1625724889,279100213,13387456,4096
1625724889,279100213,13387464,4096
1625724889,279100213,13387472,4096
1625724889,279100213,13387480,4096
1625724889,279100213,13387488,4096
1625724889,279100213,13387496,4096
1625724889,279101287,13387504,4096
1625724889,279101287,13387512,4096
1625724889,279101287,13387520,4096
1625724889,279101287,13387528,4096
1625724889,279101287,13387536,4096
1625724889,279101287,13387544,4096
1625724889,279101287,13387552,4096
1625724889,279101287,13387560,4096
1625724889,279102360,13387568,4096
1625724889,279102360,13387576,4096
1625724889,279102360,13387584,4096
1625724889,279102360,13387592,4096
1625724889,279102360,13387600,4096
1625724889,279102360,13387608,4096
1625724889,279102360,13387616,4096
1625724889,279102360,13387624,4096
1625724889,279102360,13387632,4096
1625724889,279103434,13387640,4096
1625724889,279296664,13387648,4096
1625724889,279296664,13387656,4096
1625724889,279296664,13387664,4096
1625724889,279296664,13387672,4096
1625724889,279296664,13387680,4096
1625724889,279296664,13387688,4096
1625724889,279296664,13387696,4096
1625724889,279297737,13387704,4096
1625724889,279297737,13387712,4096
1625724889,279297737,13387720,4096
1625724889,279297737,13387728,4096
1625724889,279297737,13387736,4096
1625724889,279297737,13387744,4096
1625724889,279297737,13387752,4096
1625724889,279297737,13387760,4096
1625724889,279297737,13387768,4096
1625724889,279298811,13387776,4096
1625724889,279298811,13387784,4096
1625724889,279298811,13387792,4096
1625724889,279298811,13387800,4096
1625724889,279298811,13387808,4096
1625724889,279298811,13387816,4096
1625724889,279298811,13387824,4096
1625724889,279298811,13387832,4096
1625724889,279446954,13541248,4096
1625724889,279448027,13541256,4096
1625724889,279448027,13541264,4096
1625724889,279448027,13541272,4096
1625724889,279448027,13541280,4096
1625724889,279448027,13541288,4096
1625724889,279448027,13541296,4096
1625724889,279448027,13541304,4096
1625724889,279449101,13541312,4096
1625724889,279449101,13541320,4096
1625724889,279449101,13541328,4096
1625724889,279449101,13541336,4096
1625724889,279449101,13541344,4096
1625724889,279449101,13541352,4096
1625724889,279449101,13541360,4096
1625724889,279449101,13541368,4096
1625724889,279449101,13541376,4096
1625724889,279450174,13541384,4096
1625724889,279598317,13541392,4096
1625724889,279598317,13541400,4096
1625724889,279598317,13541408,4096
1625724889,279598317,13541416,4096
1625724889,279598317,13541424,4096
1625724889,279598317,13541432,4096
1625724889,279598317,13541440,4096
1625724889,279598317,13541448,4096
1625724889,279599391,13541456,4096
1625724889,279599391,13541464,4096
1625724889,279599391,13541472,4096
1625724889,279599391,13541480,4096
1625724889,279599391,13541488,4096
1625724889,279599391,13541496,4096
1625724889,279599391,13541504,4096
1625724889,279599391,13541512,4096
1625724889,279599391,13541520,4096
1625724889,279600464,13541528,4096
1625724889,289111674,13541536,4096
1625724889,289111674,13541544,4096
1625724889,289111674,13541552,4096
1625724889,289112748,13541560,4096
1625724889,289112748,13541568,4096
1625724889,289112748,13541576,4096
1625724889,289112748,13541584,4096
1625724889,289112748,13541592,4096
1625724889,289112748,13541600,4096
1625724889,289112748,13541608,4096
1625724889,289112748,13541616,4096
1625724889,289113821,13541624,4096
1625724889,289546442,28426992,4096
1625724889,289547515,28427000,4096
1625724889,289547515,28427008,4096
1625724889,289547515,28427016,4096
1625724889,289547515,28427024,4096
1625724889,289547515,28427032,4096
1625724889,289547515,28427040,4096
1625724889,289547515,28427048,4096
1625724889,289547515,28427056,4096
1625724889,289547515,28427064,4096
1625724889,289548589,28427072,4096
1625724889,289548589,28427080,4096
1625724889,289548589,28427088,4096
1625724889,289548589,28427096,4096
1625724889,289548589,28427104,4096
1625724889,289548589,28427112,4096
1625724889,289548589,28427120,4096
1625724889,289548589,28427128,4096
1625724889,289548589,28427136,4096
1625724889,289549662,28427144,4096
1625724889,289549662,28427152,4096
1625724889,289549662,28427160,4096
1625724889,289719275,28426816,4096
1625724889,289719275,28426824,4096
1625724889,289719275,28426832,4096
1625724889,289719275,28426840,4096
1625724889,289719275,28426848,4096
1625724889,289719275,28426856,4096
1625724889,289720349,28426864,4096
1625724889,289720349,28426872,4096
1625724889,289720349,28426880,4096
1625724889,289720349,28426888,4096
1625724889,289720349,28426896,4096
1625724889,289720349,28426904,4096
1625724889,289720349,28426912,4096
1625724889,289720349,28426920,4096
1625724889,289721422,28426928,4096
1625724889,289721422,28426936,4096
1625724889,289721422,28426944,4096
1625724889,289721422,28426952,4096
1625724889,289721422,28426960,4096
1625724889,289721422,28426968,4096
1625724889,289721422,28426976,4096
1625724889,289721422,28426984,4096
1625724889,289781538,28248512,4096
1625724889,289781538,28248520,4096
1625724889,289781538,28248528,4096
1625724889,289781538,28248536,4096
1625724889,289782612,28248544,4096
1625724889,289782612,28248552,4096
1625724889,289782612,28248560,4096
1625724889,289782612,28248568,4096
1625724889,290269981,45472672,4096
1625724889,290269981,45472680,4096
1625724889,290269981,45472688,4096
1625724889,290269981,45472696,4096
1625724889,290269981,45472704,4096
1625724889,290271054,45472712,4096
1625724889,290271054,45472720,4096
1625724889,290271054,45472728,4096
1625724889,290271054,45472736,4096
1625724889,290271054,45472744,4096
1625724889,290271054,45472752,4096
1625724889,290271054,45472760,4096
1625724889,290271054,45472768,4096
1625724889,290271054,45472776,4096
1625724889,290272128,45472784,4096
1625724889,290272128,45472792,4096
1625724889,290272128,45472800,4096
1625724889,290272128,45472808,4096
1625724889,290272128,45472816,4096
1625724889,290272128,45472824,4096
1625724889,290272128,45472832,4096
1625724889,290272128,45472840,4096
1625724889,290424565,45472848,4096
1625724889,290432079,45472856,4096
1625724889,290432079,45472864,4096
1625724889,290432079,45472872,4096
1625724889,290433153,45472880,4096
1625724889,290433153,45472888,4096
1625724889,290433153,45472896,4096
1625724889,290433153,45472904,4096
1625724889,290433153,45472912,4096
1625724889,290433153,45472920,4096
1625724889,290433153,45472928,4096
1625724889,290433153,45472936,4096
1625724889,290434226,45472944,4096
1625724889,290434226,45472952,4096
1625724889,290434226,45472960,4096
1625724889,290434226,45472968,4096
1625724889,290434226,45472976,4096
1625724889,290434226,45472984,4096
1625724889,290434226,45472992,4096
1625724889,290434226,45473000,4096
1625724889,290434226,45473008,4096
1625724889,290435300,45473016,4096
1625724889,290957021,45666688,4096
1625724889,290957021,45666696,4096
1625724889,290957021,45666704,4096
1625724889,290957021,45666712,4096
1625724889,290958094,45666720,4096
1625724889,290958094,45666728,4096
1625724889,290958094,45666736,4096
1625724889,290958094,45666744,4096
1625724889,290958094,45666752,4096
1625724889,290958094,45666760,4096
1625724889,290958094,45666768,4096
1625724889,290958094,45666776,4096
1625724889,290958094,45666784,4096
1625724889,290959168,45666792,4096
1625724889,290959168,45666800,4096
1625724889,290959168,45666808,4096
1625724889,290959168,45666816,4096
1625724889,290959168,45666824,4096
1625724889,291096576,45666832,4096
1625724889,291096576,45666840,4096
1625724889,291097649,45666848,4096
1625724889,291097649,45666856,4096
1625724889,291097649,45666864,4096
1625724889,291097649,45666872,4096
1625724889,291097649,45666880,4096
1625724889,291097649,45666888,4096
1625724889,291097649,45666896,4096
1625724889,291097649,45666904,4096
1625724889,291098723,45666912,4096
1625724889,291098723,45666920,4096
1625724889,291098723,45666928,4096
1625724889,291098723,45666936,4096
1625724889,291098723,45666944,4096
1625724889,291098723,45666952,4096
1625724889,291098723,45666960,4096
1625724889,291098723,45666968,4096
1625724889,291340260,45675840,4096
1625724889,291341334,45675848,4096
1625724889,291341334,45675856,4096
1625724889,291341334,45675864,4096
1625724889,291341334,45675872,4096
1625724889,291341334,45675880,4096
1625724889,291341334,45675888,4096
1625724889,291341334,45675896,4096
1625724889,291341334,45675904,4096
1625724889,291342407,45675912,4096
1625724889,291342407,45675920,4096
1625724889,291342407,45675928,4096
1625724889,291342407,45675936,4096
1625724889,291342407,45675944,4096
1625724889,291342407,45675952,4096
1625724889,291342407,45675960,4096
1625724889,291342407,45675968,4096
1625724889,291342407,45675976,4096
1625724889,291478742,45675984,4096
1625724889,291478742,45675992,4096
1625724889,291478742,45676000,4096
1625724889,291478742,45676008,4096
1625724889,291478742,45676016,4096
1625724889,291478742,45676024,4096
1625724889,291478742,45676032,4096
1625724889,291478742,45676040,4096
1625724889,291479815,45676048,4096
1625724889,291479815,45676056,4096
1625724889,291479815,45676064,4096
1625724889,291479815,45676072,4096
1625724889,291479815,45676080,4096
1625724889,291479815,45676088,4096
1625724889,291479815,45676096,4096
1625724889,291479815,45676104,4096
1625724889,291479815,45676112,4096
1625724889,291480889,45676120,4096
1625724889,308718078,45588576,4096
1625724889,308718078,45588584,4096
1625724889,308718078,45588592,4096
1625724889,308719152,45588600,4096
1625724889,308719152,45588608,4096
1625724889,308719152,45588616,4096
1625724889,308719152,45588624,4096
1625724889,308719152,45588632,4096
1625724889,308719152,45588640,4096
1625724889,308719152,45588648,4096
1625724889,308719152,45588656,4096
1625724889,308720225,45588664,4096
1625724889,308720225,45588672,4096
1625724889,308720225,45588680,4096
1625724889,308720225,45588688,4096
1625724889,308720225,45588696,4096
1625724889,308720225,45588704,4096
1625724889,308720225,45588712,4096
1625724889,308881250,45588720,4096
1625724889,308881250,45588728,4096
1625724889,308881250,45588736,4096
1625724889,308881250,45588744,4096
1625724889,308881250,45588752,4096
1625724889,308881250,45588760,4096
1625724889,308882324,45588768,4096
1625724889,308882324,45588776,4096
1625724889,308882324,45588784,4096
1625724889,308882324,45588792,4096
1625724889,308882324,45588800,4096
1625724889,308882324,45588808,4096
1625724889,308882324,45588816,4096
1625724889,308882324,45588824,4096
1625724889,308882324,45588832,4096
1625724889,308883397,45588840,4096
1625724889,308883397,45588848,4096
1625724889,308883397,45588856,4096
1625724889,309201153,15837408,4096
1625724889,309201153,15837416,4096
1625724889,309201153,15837424,4096
1625724889,309201153,15837432,4096
1625724889,309201153,15837440,4096
1625724889,309201153,15837448,4096
1625724889,309201153,15837456,4096
1625724889,309202227,15837464,4096
1625724889,309202227,15837472,4096
1625724889,309202227,15837480,4096
1625724889,309202227,15837488,4096
1625724889,309202227,15837496,4096
1625724889,309202227,15837504,4096
1625724889,309202227,15837512,4096
1625724889,309202227,15837520,4096
1625724889,309202227,15837528,4096
1625724889,309203300,15837536,4096
1625724889,309203300,15837544,4096
1625724889,309203300,15837552,4096
1625724889,309203300,15837560,4096
1625724889,309203300,15837568,4096
1625724889,309203300,15837576,4096
1625724889,309203300,15837584,4096
1625724889,309203300,15837592,4096
1625724889,309377207,15837600,4096
1625724889,309377207,15837608,4096
1625724889,309377207,15837616,4096
1625724889,309377207,15837624,4096
1625724889,309377207,15837632,4096
1625724889,309377207,15837640,4096
1625724889,309377207,15837648,4096
1625724889,309378281,15837656,4096
1625724889,309378281,15837664,4096
1625724889,309378281,15837672,4096
1625724889,309378281,15837680,4096
1625724889,309378281,15837688,4096
1625724889,309378281,15837696,4096
1625724889,309378281,15837704,4096
1625724889,309378281,15837712,4096
1625724889,309378281,15837720,4096
1625724889,309379354,15837728,4096
1625724889,309379354,15837736,4096
1625724889,309379354,15837744,4096
1625724889,309379354,15837752,4096
1625724889,309379354,15837760,4096
1625724889,309379354,15837768,4096
1625724889,309379354,15837776,4096
1625724889,309379354,15837784,4096
1625724890,327650038,61183272,4096
1625724890,327650038,61183280,4096
1625724890,327651111,61183288,4096
1625724890,327651111,61183296,4096
1625724890,328414370,61183304,4096
1625724890,328414370,61183312,4096
1625724890,328414370,61183320,4096
1625724890,328414370,61183328,4096
1625724890,328414370,61183336,4096
1625724890,328414370,61183344,4096
1625724890,328414370,61183352,4096
1625724890,328415443,61183360,4096
1625724890,328415443,61183368,4096
1625724890,328415443,61183376,4096
1625724890,328415443,61183384,4096
1625724890,328415443,61183392,4096
1625724890,328415443,61183400,4096
1625724890,328415443,61183408,4096
1625724890,328517426,61183416,4096
1625724890,328517426,61183424,4096
1625724890,328518499,61183432,4096
1625724890,328518499,61183440,4096
1625724890,328518499,61183448,4096
1625724890,328518499,61183456,4096
1625724890,328518499,61183464,4096
1625724890,328518499,61183472,4096
1625724890,328518499,61183480,4096
1625724890,328518499,61183488,4096
1625724890,328519573,61183496,4096
1625724890,328519573,61183504,4096
1625724890,328519573,61183512,4096
1625724890,328519573,61183520,4096
1625724890,329103557,61183528,4096
1625724890,329103557,61183536,4096
1625724890,329103557,61183544,4096
1625724890,329103557,61183552,4096
1625724890,329103557,61183560,4096
1625724890,329104630,61183568,4096
1625724890,329104630,61183576,4096
1625724890,329104630,61183584,4096
1625724890,329104630,61183592,4096
1625724890,329104630,61183600,4096
1625724890,329104630,61183608,4096
1625724890,329104630,61183616,4096
1625724890,329104630,61183624,4096
1625724890,329104630,61183632,4096
1625724890,329105704,61183640,4096
1625724890,329105704,61183648,4096
1625724890,329674659,61183656,4096
1625724890,329674659,61183664,4096
1625724890,329674659,61183672,4096
1625724890,329674659,61183680,4096
1625724890,329674659,61183688,4096
1625724890,329675732,61183696,4096
1625724890,329675732,61183704,4096
1625724890,329675732,61183712,4096
1625724890,329675732,61183720,4096
1625724890,329675732,61183728,4096
1625724890,329675732,61183736,4096
1625724890,329675732,61183744,4096
1625724890,329675732,61183752,4096
1625724890,329675732,61183760,4096
1625724890,329676806,61183768,4096
1625724890,329676806,61183776,4096
1625724890,329788450,61183784,4096
1625724890,329788450,61183792,4096
1625724890,329788450,61183800,4096
1625724890,329789523,61183808,4096
1625724890,329789523,61183816,4096
1625724890,329789523,61183824,4096
1625724890,329789523,61183832,4096
1625724890,329789523,61183840,4096
1625724890,329789523,61183848,4096
1625724890,329789523,61183856,4096
1625724890,329789523,61183864,4096
1625724890,329789523,61183872,4096
1625724890,329790597,61183880,4096
1625724890,329790597,61183888,4096
1625724890,329790597,61183896,4096
1625724890,329790597,61183904,4096
1625724890,333804413,61183912,4096
1625724890,333804413,61183920,4096
1625724890,333805487,61183928,4096
1625724890,333805487,61183936,4096
1625724890,333805487,61183944,4096
1625724890,333805487,61183952,4096
1625724890,333805487,61183960,4096
1625724890,333805487,61183968,4096
1625724890,333805487,61183976,4096
1625724890,333805487,61183984,4096
1625724890,333806560,61183992,4096
1625724890,333806560,61184000,4096
1625724890,333806560,61184008,4096
1625724890,333806560,61184016,4096
1625724890,333806560,61184024,4096
1625724890,333806560,61184032,4096
1625724890,333920351,61184040,4096
1625724890,333921425,61184048,4096
1625724890,333921425,61184056,4096
1625724890,333921425,61184064,4096
1625724890,333921425,61184072,4096
1625724890,333921425,61184080,4096
1625724890,333921425,61184088,4096
1625724890,333921425,61184096,4096
1625724890,333921425,61184104,4096
1625724890,333921425,61184112,4096
1625724890,333922498,61184120,4096
1625724890,333922498,61184128,4096
1625724890,333922498,61184136,4096
1625724890,333922498,61184144,4096
1625724890,333922498,61184152,4096
1625724890,333922498,61184160,4096
1625724890,337714100,61184168,4096
1625724890,337714100,61184176,4096
1625724890,337714100,61184184,4096
1625724890,337714100,61184192,4096
1625724890,337714100,61184200,4096
1625724890,337714100,61184208,4096
1625724890,337714100,61184216,4096
1625724890,337715174,61184224,4096
1625724890,337715174,61184232,4096
1625724890,337715174,61184240,4096
1625724890,337715174,61184248,4096
1625724890,337715174,61184256,4096
1625724890,337715174,61184264,4096
1625724890,337715174,61184272,4096
1625724890,337715174,61184280,4096
1625724890,337715174,61184288,4096
1625724890,337818230,61184296,4096
1625724890,337819303,61184304,4096
1625724890,337819303,61184312,4096
1625724890,337819303,61184320,4096
1625724890,337819303,61184328,4096
1625724890,337819303,61184336,4096
1625724890,337819303,61184344,4096
1625724890,337819303,61184352,4096
1625724890,337819303,61184360,4096
1625724890,337820377,61184368,4096
1625724890,337820377,61184376,4096
1625724890,337820377,61184384,4096
1625724890,337820377,61184392,4096
1625724890,337820377,61184400,4096
1625724890,337820377,61184408,4096
1625724890,337820377,61184416,4096
1625724890,341649551,61184424,4096
1625724890,341649551,61184432,4096
1625724890,341649551,61184440,4096
1625724890,341649551,61184448,4096
1625724890,341649551,61184456,4096
1625724890,341649551,61184464,4096
1625724890,341649551,61184472,4096
1625724890,341650625,61184480,4096
1625724890,341650625,61184488,4096
1625724890,341650625,61184496,4096
1625724890,341650625,61184504,4096
1625724890,341650625,61184512,4096
1625724890,341650625,61184520,4096
1625724890,341650625,61184528,4096
1625724890,341650625,61184536,4096
1625724890,341650625,61184544,4096
1625724890,341762269,61184552,4096
1625724890,341763342,61184560,4096
1625724890,341763342,61184568,4096
1625724890,341763342,61184576,4096
1625724890,341763342,61184584,4096
1625724890,341763342,61184592,4096
1625724890,341763342,61184600,4096
1625724890,341763342,61184608,4096
1625724890,341763342,61184616,4096
1625724890,341764416,61184624,4096
1625724890,341764416,61184632,4096
1625724890,341764416,61184640,4096
1625724890,341764416,61184648,4096
1625724890,341764416,61184656,4096
1625724890,341764416,61184664,4096
1625724890,341764416,61184672,4096
1625724890,345617207,61184680,4096
1625724890,345617207,61184688,4096
1625724890,345617207,61184696,4096
1625724890,345617207,61184704,4096
1625724890,345617207,61184712,4096
1625724890,345618281,61184720,4096
1625724890,345618281,61184728,4096
1625724890,345618281,61184736,4096
1625724890,345618281,61184744,4096
1625724890,345618281,61184752,4096
1625724890,345618281,61184760,4096
1625724890,345618281,61184768,4096
1625724890,345618281,61184776,4096
1625724890,345619354,61184784,4096
1625724890,345619354,61184792,4096
1625724890,345619354,61184800,4096
1625724890,345729925,61184808,4096
1625724890,345729925,61184816,4096
1625724890,345729925,61184824,4096
1625724890,345730998,61184832,4096
1625724890,345730998,61184840,4096
1625724890,345730998,61184848,4096
1625724890,345730998,61184856,4096
1625724890,345730998,61184864,4096
1625724890,345730998,61184872,4096
1625724890,345730998,61184880,4096
1625724890,345730998,61184888,4096
1625724890,345730998,61184896,4096
1625724890,345732072,61184904,4096
1625724890,345732072,61184912,4096
1625724890,345732072,61184920,4096
1625724890,345732072,61184928,4096
1625724890,349663229,61184936,4096
1625724890,349663229,61184944,4096
1625724890,349663229,61184952,4096
1625724890,349663229,61184960,4096
1625724890,349663229,61184968,4096
1625724890,349663229,61184976,4096
1625724890,349663229,61184984,4096
1625724890,349664302,61184992,4096
1625724890,349664302,61185000,4096
1625724890,349664302,61185008,4096
1625724890,349664302,61185016,4096
1625724890,349664302,61185024,4096
1625724890,349664302,61185032,4096
1625724890,349664302,61185040,4096
1625724890,349664302,61185048,4096
1625724890,349664302,61185056,4096
1625724890,349781314,61185064,4096
1625724890,349781314,61185072,4096
1625724890,349781314,61185080,4096
1625724890,349781314,61185088,4096
1625724890,349782387,61185096,4096
1625724890,349782387,61185104,4096
1625724890,349782387,61185112,4096
1625724890,349782387,61185120,4096
1625724890,349782387,61185128,4096
1625724890,349782387,61185136,4096
1625724890,349782387,61185144,4096
1625724890,349782387,61185152,4096
1625724890,349782387,61185160,4096
1625724890,349783461,61185168,4096
1625724890,349783461,61185176,4096
1625724890,349783461,61185184,4096
1625724890,354229898,61185192,4096
1625724890,354230971,61185200,4096
1625724890,354230971,61185208,4096
1625724890,354230971,61185216,4096
1625724890,354230971,61185224,4096
1625724890,354230971,61185232,4096
1625724890,354230971,61185240,4096
1625724890,354232045,61185248,4096
1625724890,354232045,61185256,4096
1625724890,354232045,61185264,4096
1625724890,354232045,61185272,4096
1625724890,354232045,61185280,4096
1625724890,354232045,61185288,4096
1625724890,354232045,61185296,4096
1625724890,354232045,61185304,4096
1625724890,354233118,61185312,4096
1625724890,354353350,61185320,4096
1625724890,354353350,61185328,4096
1625724890,354353350,61185336,4096
1625724890,354353350,61185344,4096
1625724890,354353350,61185352,4096
1625724890,354353350,61185360,4096
1625724890,354354424,61185368,4096
1625724890,354354424,61185376,4096
1625724890,354354424,61185384,4096
1625724890,354354424,61185392,4096
1625724890,354354424,61185400,4096
1625724890,354354424,61185408,4096
1625724890,354354424,61185416,4096
1625724890,354354424,61185424,4096
1625724890,354355497,61185432,4096
1625724890,354355497,61185440,4096
1625724890,358159981,61185448,4096
1625724890,358159981,61185456,4096
1625724890,358159981,61185464,4096
1625724890,358159981,61185472,4096
1625724890,358159981,61185480,4096
1625724890,358159981,61185488,4096
1625724890,358159981,61185496,4096
1625724890,358159981,61185504,4096
1625724890,358161055,61185512,4096
1625724890,358161055,61185520,4096
1625724890,358161055,61185528,4096
1625724890,358161055,61185536,4096
1625724890,358161055,61185544,4096
1625724890,358161055,61185552,4096
1625724890,358161055,61185560,4096
1625724890,358161055,61185568,4096
1625724890,358273772,61185576,4096
1625724890,358273772,61185584,4096
1625724890,358273772,61185592,4096
1625724890,358273772,61185600,4096
1625724890,358273772,61185608,4096
1625724890,358273772,61185616,4096
1625724890,358273772,61185624,4096
1625724890,358274846,61185632,4096
1625724890,358274846,61185640,4096
1625724890,358274846,61185648,4096
1625724890,358274846,61185656,4096
1625724890,358274846,61185664,4096
1625724890,358274846,61185672,4096
1625724890,358274846,61185680,4096
1625724890,358274846,61185688,4096
1625724890,358274846,61185696,4096
1625724890,362280074,61185704,4096
1625724890,362280074,61185712,4096
1625724890,362280074,61185720,4096
1625724890,362280074,61185728,4096
1625724890,362280074,61185736,4096
1625724890,362281148,61185744,4096
1625724890,362281148,61185752,4096
1625724890,362281148,61185760,4096
1625724890,362281148,61185768,4096
1625724890,362281148,61185776,4096
1625724890,362281148,61185784,4096
1625724890,362281148,61185792,4096
1625724890,362281148,61185800,4096
1625724890,362282221,61185808,4096
1625724890,362282221,61185816,4096
1625724890,362282221,61185824,4096
1625724890,362396012,61185832,4096
1625724890,362396012,61185840,4096
1625724890,362396012,61185848,4096
1625724890,362396012,61185856,4096
1625724890,362396012,61185864,4096
1625724890,362396012,61185872,4096
1625724890,362396012,61185880,4096
1625724890,362397086,61185888,4096
1625724890,362397086,61185896,4096
1625724890,362397086,61185904,4096
1625724890,362397086,61185912,4096
1625724890,362397086,61185920,4096
1625724890,362397086,61185928,4096
1625724890,362397086,61185936,4096
1625724890,362397086,61185944,4096
1625724890,362397086,61185952,4096
1625724890,366388359,61185960,4096
1625724890,366388359,61185968,4096
1625724890,366388359,61185976,4096
1625724890,366388359,61185984,4096
1625724890,366388359,61185992,4096
1625724890,366388359,61186000,4096
1625724890,366388359,61186008,4096
1625724890,366388359,61186016,4096
1625724890,366389432,61186024,4096
1625724890,366389432,61186032,4096
1625724890,366389432,61186040,4096
1625724890,366389432,61186048,4096
1625724890,366389432,61186056,4096
1625724890,366389432,61186064,4096
1625724890,366389432,61186072,4096
1625724890,366389432,61186080,4096
1625724890,366511811,61186088,4096
1625724890,366511811,61186096,4096
1625724890,366512885,61186104,4096
1625724890,366512885,61186112,4096
1625724890,366512885,61186120,4096
1625724890,366512885,61186128,4096
1625724890,366512885,61186136,4096
1625724890,366512885,61186144,4096
1625724890,366512885,61186152,4096
1625724890,366512885,61186160,4096
1625724890,366513958,61186168,4096
1625724890,366513958,61186176,4096
1625724890,366513958,61186184,4096
1625724890,366513958,61186192,4096
1625724890,366513958,61186200,4096
1625724890,366513958,61186208,4096
1625724890,370272282,61186216,4096
1625724890,370272282,61186224,4096
1625724890,370272282,61186232,4096
1625724890,370272282,61186240,4096
1625724890,370272282,61186248,4096
1625724890,370272282,61186256,4096
1625724890,370272282,61186264,4096
1625724890,370273355,61186272,4096
1625724890,370273355,61186280,4096
1625724890,370273355,61186288,4096
1625724890,370273355,61186296,4096
1625724890,370273355,61186304,4096
1625724890,370273355,61186312,4096
1625724890,370273355,61186320,4096
1625724890,370273355,61186328,4096
1625724890,370273355,61186336,4096
1625724890,370386073,61186344,4096
1625724890,370386073,61186352,4096
1625724890,370386073,61186360,4096
1625724890,370386073,61186368,4096
1625724890,370386073,61186376,4096
1625724890,370386073,61186384,4096
1625724890,370386073,61186392,4096
1625724890,370386073,61186400,4096
1625724890,370386073,61186408,4096
1625724890,370386073,61186416,4096
1625724890,370387146,61186424,4096
1625724890,370387146,61186432,4096
1625724890,370387146,61186440,4096
1625724890,370387146,61186448,4096
1625724890,370387146,61186456,4096
1625724890,370387146,61186464,4096
1625724890,374064957,61186472,4096
1625724890,374064957,61186480,4096
1625724890,374064957,61186488,4096
1625724890,374064957,61186496,4096
1625724890,374064957,61186504,4096
1625724890,374064957,61186512,4096
1625724890,374064957,61186520,4096
1625724890,374066031,61186528,4096
1625724890,374066031,61186536,4096
1625724890,374066031,61186544,4096
1625724890,374066031,61186552,4096
1625724890,374066031,61186560,4096
1625724890,374066031,61186568,4096
1625724890,374066031,61186576,4096
1625724890,374066031,61186584,4096
1625724890,374066031,61186592,4096
1625724890,374178748,61186600,4096
1625724890,374178748,61186608,4096
1625724890,374178748,61186616,4096
1625724890,374178748,61186624,4096
1625724890,374178748,61186632,4096
1625724890,374178748,61186640,4096
1625724890,374178748,61186648,4096
1625724890,374178748,61186656,4096
1625724890,374178748,61186664,4096
1625724890,374179822,61186672,4096
1625724890,374179822,61186680,4096
1625724890,374179822,61186688,4096
1625724890,374179822,61186696,4096
1625724890,374179822,61186704,4096
1625724890,374179822,61186712,4096
1625724890,374179822,61186720,4096
1625724890,378062671,61186728,4096
1625724890,378062671,61186736,4096
1625724890,378063745,61186744,4096
1625724890,378063745,61186752,4096
1625724890,378063745,61186760,4096
1625724890,378063745,61186768,4096
1625724890,378063745,61186776,4096
1625724890,378063745,61186784,4096
1625724890,378063745,61186792,4096
1625724890,378063745,61186800,4096
1625724890,378063745,61186808,4096
1625724890,378064818,61186816,4096
1625724890,378064818,61186824,4096
1625724890,378064818,61186832,4096
1625724890,378064818,61186840,4096
1625724890,378064818,61186848,4096
1625724890,378176462,61186856,4096
1625724890,378176462,61186864,4096
1625724890,378176462,61186872,4096
1625724890,378176462,61186880,4096
1625724890,378176462,61186888,4096
1625724890,378176462,61186896,4096
1625724890,378176462,61186904,4096
1625724890,378176462,61186912,4096
1625724890,378177536,61186920,4096
1625724890,378177536,61186928,4096
1625724890,378177536,61186936,4096
1625724890,378177536,61186944,4096
1625724890,378177536,61186952,4096
1625724890,378177536,61186960,4096
1625724890,378177536,61186968,4096
1625724890,378177536,61186976,4096
1625724890,382102252,61186984,4096
1625724890,382103325,61186992,4096
1625724890,382103325,61187000,4096
1625724890,382103325,61187008,4096
1625724890,382103325,61187016,4096
1625724890,382103325,61187024,4096
1625724890,382103325,61187032,4096
1625724890,382103325,61187040,4096
1625724890,382103325,61187048,4096
1625724890,382104399,61187056,4096
1625724890,382104399,61187064,4096
1625724890,382104399,61187072,4096
1625724890,382104399,61187080,4096
1625724890,382104399,61187088,4096
1625724890,382104399,61187096,4096
1625724890,382104399,61187104,4096
1625724890,382217116,61187112,4096
1625724890,382217116,61187120,4096
1625724890,382217116,61187128,4096
1625724890,382217116,61187136,4096
1625724890,382217116,61187144,4096
1625724890,382217116,61187152,4096
1625724890,382217116,61187160,4096
1625724890,382218190,61187168,4096
1625724890,382218190,61187176,4096
1625724890,382218190,61187184,4096
1625724890,382218190,61187192,4096
1625724890,382218190,61187200,4096
1625724890,382218190,61187208,4096
1625724890,382218190,61187216,4096
1625724890,382218190,61187224,4096
1625724890,382218190,61187232,4096
1625724890,386140759,61187240,4096
1625724890,386140759,61187248,4096
1625724890,386140759,61187256,4096
1625724890,386140759,61187264,4096
1625724890,386140759,61187272,4096
1625724890,386140759,61187280,4096
1625724890,386140759,61187288,4096
1625724890,386140759,61187296,4096
1625724890,386141832,61187304,4096
1625724890,386141832,61187312,4096
1625724890,386141832,61187320,4096
1625724890,386141832,61187328,4096
1625724890,386141832,61187336,4096
1625724890,386141832,61187344,4096
1625724890,386141832,61187352,4096
1625724890,386141832,61187360,4096
1625724890,386268505,61187368,4096
1625724890,386268505,61187376,4096
1625724890,386268505,61187384,4096
1625724890,386268505,61187392,4096
1625724890,386268505,61187400,4096
1625724890,386268505,61187408,4096
1625724890,386268505,61187416,4096
1625724890,386268505,61187424,4096
1625724890,386268505,61187432,4096
1625724890,386269579,61187440,4096
1625724890,386269579,61187448,4096
1625724890,386269579,61187456,4096
1625724890,386269579,61187464,4096
1625724890,386269579,61187472,4096
1625724890,386269579,61187480,4096
1625724890,386269579,61187488,4096
1625724890,390471258,61187496,4096
1625724890,390472331,61187504,4096
1625724890,390472331,61187512,4096
1625724890,390472331,61187520,4096
1625724890,390472331,61187528,4096
1625724890,390472331,61187536,4096
1625724890,390472331,61187544,4096
1625724890,390472331,61187552,4096
1625724890,390472331,61187560,4096
1625724890,390473405,61187568,4096
1625724890,390473405,61187576,4096
1625724890,390473405,61187584,4096
1625724890,390473405,61187592,4096
1625724890,390473405,61187600,4096
1625724890,390473405,61187608,4096
1625724890,390473405,61187616,4096
1625724890,390586122,61187624,4096
1625724890,390586122,61187632,4096
1625724890,390586122,61187640,4096
1625724890,390586122,61187648,4096
1625724890,390586122,61187656,4096
1625724890,390586122,61187664,4096
1625724890,390586122,61187672,4096
1625724890,390586122,61187680,4096
1625724890,390587196,61187688,4096
1625724890,390587196,61187696,4096
1625724890,390587196,61187704,4096
1625724890,390587196,61187712,4096
1625724890,390587196,61187720,4096
1625724890,390587196,61187728,4096
1625724890,390587196,61187736,4096
1625724890,390587196,61187744,4096
1625724890,394514059,61187752,4096
1625724890,394515132,61187760,4096
1625724890,394515132,61187768,4096
1625724890,394515132,61187776,4096
1625724890,394515132,61187784,3072
1625724891,265141993,27789472,4096
1625724891,265141993,27789480,4096
1625724891,265141993,27789488,4096
1625724891,265141993,27789496,4096
1625724891,265141993,27789504,4096
1625724891,265143067,27789512,4096
1625724891,265143067,27789520,4096
1625724891,265143067,27789528,4096
1625724891,265143067,27789536,4096
1625724891,265143067,27789544,4096
1625724891,265143067,27789552,4096
1625724891,265143067,27789560,4096
1625724891,265143067,27789568,4096
1625724891,265143067,27789576,4096
1625724891,265144140,27789584,4096
1625724891,265144140,27789592,4096
1625724891,265218212,27789600,4096
1625724891,265218212,27789608,4096
1625724891,265218212,27789616,4096
1625724891,265218212,27789624,4096
1625724891,265219285,27789632,4096
1625724891,265219285,27789640,4096
1625724891,265219285,27789648,4096
1625724891,265219285,27789656,4096
1625724891,265219285,27789664,4096
1625724891,265219285,27789672,4096
1625724891,265305165,27789680,4096
1625724891,265305165,27789688,4096
1625724891,265305165,27789696,4096
1625724891,265305165,27789704,4096
1625724891,265305165,27789712,4096
1625724891,265305165,27789720,4096
1625724891,265305165,27789728,4096
1625724891,265305165,27789736,4096
1625724891,265306239,27789744,4096
1625724891,265306239,27789752,4096
1625724891,265427544,27797280,4096
1625724891,265427544,27797288,4096
1625724891,265427544,27797296,4096
1625724891,265427544,27797304,4096
1625724891,265427544,27797312,4096
1625724891,265427544,27797320,4096
1625724891,265427544,27797328,4096
1625724891,265428618,27797336,4096
1625724891,265428618,27797344,4096
1625724891,265428618,27797352,4096
1625724891,265428618,27797360,4096
1625724891,265428618,27797368,4096
1625724891,265428618,27797376,4096
1625724891,265428618,27797384,4096
1625724891,265428618,27797392,4096
1625724891,265428618,27797400,4096
1625724891,265550997,27806496,4096
1625724891,265550997,27806504,4096
1625724891,265550997,27806512,4096
1625724891,265550997,27806520,4096
1625724891,265552070,27806528,4096
1625724891,265552070,27806536,4096
1625724891,265552070,27806544,4096
1625724891,265552070,27806552,4096
1625724891,265552070,27806560,4096
1625724891,265552070,27806568,4096
1625724891,265552070,27806576,4096
1625724891,265552070,27806584,4096
1625724891,265552070,27806592,4096
1625724891,265553144,27806600,4096
1625724891,265553144,27806608,4096
1625724891,265553144,27806616,4096
1625724891,266124246,27814592,4096
1625724891,266125319,27814600,4096
1625724891,266125319,27814608,4096
1625724891,266125319,27814616,4096
1625724891,266125319,27814624,4096
1625724891,266125319,27814632,4096
1625724891,266125319,27814640,4096
1625724891,266125319,27814648,4096
1625724891,266125319,27814656,4096
1625724891,266126393,27814664,4096
1625724891,266126393,27814672,4096
1625724891,266126393,27814680,4096
1625724891,266126393,27814688,4096
1625724891,266126393,27814696,4096
1625724891,266126393,27814704,4096
1625724891,266126393,27814712,4096
1625724891,266450590,27928736,4096
1625724891,266450590,27928744,4096
1625724891,266450590,27928752,4096
1625724891,266450590,27928760,4096
1625724891,266451663,27928768,4096
1625724891,266451663,27928776,4096
1625724891,266451663,27928784,4096
1625724891,266451663,27928792,4096
1625724891,266451663,27928800,4096
1625724891,266451663,27928808,4096
1625724891,266451663,27928816,4096
1625724891,266451663,27928824,4096
1625724891,266797330,27928832,4096
1625724891,266797330,27928840,4096
1625724891,266797330,27928848,4096
1625724891,266797330,27928856,4096
1625724891,266797330,27928864,4096
1625724891,266797330,27928872,4096
1625724891,266797330,27928880,4096
1625724891,266798404,27928888,4096
1625724891,266798404,27928896,4096
1625724891,266798404,27928904,4096
1625724891,266798404,27928912,4096
1625724891,266798404,27928920,4096
1625724891,277338027,28267232,4096
1625724891,277338027,28267240,4096
1625724891,277338027,28267248,4096
1625724891,277338027,28267256,4096
1625724891,277338027,28267264,4096
1625724891,277338027,28267272,4096
1625724891,277339100,28267280,4096
1625724891,277339100,28267288,4096
1625724891,277339100,28267296,4096
1625724891,277339100,28267304,4096
1625724891,277339100,28267312,4096
1625724891,277339100,28267320,4096
1625724891,277562388,27930528,4096
1625724891,277562388,27930536,4096
1625724891,277562388,27930544,4096
1625724891,277562388,27930552,4096
1625724891,277562388,27930560,4096
1625724891,277562388,27930568,4096
1625724891,277563462,27930576,4096
1625724891,277563462,27930584,4096
1625724891,277563462,27930592,4096
1625724891,277563462,27930600,4096
1625724891,277563462,27930608,4096
1625724891,277563462,27930616,4096
1625724891,277719119,27930624,4096
1625724891,277719119,27930632,4096
1625724891,277720193,27930640,4096
1625724891,277720193,27930648,4096
1625724891,277720193,27930656,4096
1625724891,277720193,27930664,4096
1625724891,277720193,27930672,4096
1625724891,277720193,27930680,4096
1625724891,277720193,27930688,4096
1625724891,277720193,27930696,4096
1625724891,277721266,27930704,4096
1625724891,277721266,27930712,4096
1625724891,278365366,28294176,4096
1625724891,278365366,28294184,4096
1625724891,278365366,28294192,4096
1625724891,278365366,28294200,4096
1625724891,278366440,28294208,4096
1625724891,278366440,28294216,4096
1625724891,278366440,28294224,4096
1625724891,278366440,28294232,4096
1625724891,278366440,28294240,4096
1625724891,278366440,28294248,4096
1625724891,278366440,28294256,4096
1625724891,278366440,28294264,4096
1625724891,278523171,27798624,4096
1625724891,278523171,27798632,4096
1625724891,278523171,27798640,4096
1625724891,278523171,27798648,4096
1625724891,278524244,27798656,4096
1625724891,278524244,27798664,4096
1625724891,278524244,27798672,4096
1625724891,278524244,27798680,4096
1625724891,278524244,27798688,4096
1625724891,278524244,27798696,4096
1625724891,278524244,27798704,4096
1625724891,278524244,27798712,4096
1625724891,278619786,27798720,4096
1625724891,278619786,27798728,4096
1625724891,278619786,27798736,4096
1625724891,278620859,27798744,4096
1625724891,278620859,27798752,4096
1625724891,278620859,27798760,4096
1625724891,278620859,27798768,4096
1625724891,278620859,27798776,4096
1625724891,278620859,27798784,4096
1625724891,278620859,27798792,4096
1625724891,278620859,27798800,4096
1625724891,278621933,27798808,4096
1625724891,278831265,27814752,4096
1625724891,278831265,27814760,4096
1625724891,278831265,27814768,4096
1625724891,278831265,27814776,4096
1625724891,278831265,27814784,4096
1625724891,278831265,27814792,4096
1625724891,278832339,27814800,4096
1625724891,278832339,27814808,4096
1625724891,278995511,27780288,4096
1625724891,278995511,27780296,4096
1625724891,278995511,27780304,4096
1625724891,278996584,27780312,4096
1625724891,278996584,27780320,4096
1625724891,278996584,27780328,4096
1625724891,278996584,27780336,4096
1625724891,278996584,27780344,4096
1625724891,278996584,27780352,4096
1625724891,278996584,27780360,4096
1625724891,278996584,27780368,4096
1625724891,278996584,27780376,4096
1625724891,278997658,27780384,4096
1625724891,278997658,27780392,4096
1625724891,279673963,27780400,4096
1625724891,279673963,27780408,4096
1625724891,279673963,27780416,4096
1625724891,279673963,27780424,4096
1625724891,279673963,27780432,4096
1625724891,279673963,27780440,4096
1625724891,279675036,27780448,4096
1625724891,279675036,27780456,4096
1625724891,279675036,27780464,4096
1625724891,279675036,27780472,4096
1625724891,279675036,27780480,4096
1625724891,279675036,27780488,4096
1625724891,279675036,27780496,4096
1625724891,279675036,27780504,4096
1625724891,292428216,66141312,4096
1625724891,292428216,66141320,4096
1625724891,292429290,66141328,4096
1625724891,292429290,66141336,4096
1625724891,292798574,27812896,4096
1625724891,292798574,27812904,4096
1625724891,292798574,27812912,4096
1625724891,292798574,27812920,4096
1625724891,292798574,27812928,4096
1625724891,292798574,27812936,4096
1625724891,292798574,27812944,4096
1625724891,292798574,27812952,4096
1625724891,292799647,27812960,4096
1625724891,292799647,27812968,4096
1625724891,292799647,27812976,4096
1625724891,292799647,27812984,4096
1625724891,292799647,27812992,4096
1625724891,292799647,27813000,4096
1625724891,292799647,27813008,4096
1625724891,292799647,27813016,4096
1625724891,292799647,27813024,4096
1625724891,292800721,27813032,4096
1625724891,292800721,27813040,4096
1625724891,292800721,27813048,4096
1625724891,292800721,27813056,4096
1625724891,292800721,27813064,4096
1625724891,292800721,27813072,4096
1625724891,292800721,27813080,4096
1625724891,292917732,27813088,4096
1625724891,292917732,27813096,4096
1625724891,292917732,27813104,4096
1625724891,292918806,27813112,4096
1625724891,292918806,27813120,4096
1625724891,292918806,27813128,4096
1625724891,292918806,27813136,4096
1625724891,292918806,27813144,4096
1625724891,292918806,27813152,4096
1625724891,292918806,27813160,4096
1625724891,292918806,27813168,4096
1625724891,292918806,27813176,4096
1625724891,292919879,27813184,4096
1625724891,292919879,27813192,4096
1625724891,292919879,27813200,4096
1625724891,292919879,27813208,4096
1625724891,292919879,27813216,4096
1625724891,292919879,27813224,4096
1625724891,292919879,27813232,4096
1625724891,292919879,27813240,4096
1625724891,292919879,27813248,4096
1625724891,292920953,27813256,4096
1625724891,292920953,27813264,4096
1625724891,292920953,27813272,4096
1625724891,293528554,63582784,4096
1625724891,293528554,63582792,4096
1625724891,293528554,63582800,4096
1625724891,293528554,63582808,4096
1625724891,293528554,63582816,4096
1625724891,293528554,63582824,4096
1625724891,293529627,63582832,4096
1625724891,293529627,63582840,4096
1625724891,293529627,63582848,4096
1625724891,293529627,63582856,4096
1625724891,293529627,63582864,4096
1625724891,293529627,63582872,4096
1625724891,293529627,63582880,4096
1625724891,293529627,63582888,4096
1625724891,293529627,63582896,4096
1625724891,293530701,63582904,4096
1625724891,293530701,63582912,4096
1625724891,293530701,63582920,4096
1625724891,293530701,63582928,4096
1625724891,293530701,63582936,4096
1625724891,293530701,63582944,4096
1625724891,293530701,63582952,4096
1625724891,293530701,63582960,4096
1625724891,293530701,63582968,4096
1625724891,293706755,63582976,4096
1625724891,293706755,63582984,4096
1625724891,293706755,63582992,4096
1625724891,293706755,63583000,4096
1625724891,293706755,63583008,4096
1625724891,293707828,63583016,4096
1625724891,293707828,63583024,4096
1625724891,293707828,63583032,4096
1625724891,293707828,63583040,4096
1625724891,293707828,63583048,4096
1625724891,293707828,63583056,4096
1625724891,293707828,63583064,4096
1625724891,293707828,63583072,4096
1625724891,293707828,63583080,4096
1625724891,293708902,63583088,4096
1625724891,293708902,63583096,4096
1625724891,293708902,63583104,4096
1625724891,293708902,63583112,4096
1625724891,293708902,63583120,4096
1625724891,293711049,63583128,4096
1625724891,293711049,63583136,4096
1625724891,293712122,63583144,4096
1625724891,293712122,63583152,4096
1625724891,293712122,63583160,4096
1625724891,293725004,63520096,4096
1625724891,293726078,63520104,4096
1625724891,293726078,63520112,4096
1625724891,293726078,63520120,4096
1625724891,305486270,27933792,4096
1625724891,305486270,27933800,4096
1625724891,305486270,27933808,4096
1625724891,305486270,27933816,4096
1625724892,1059776465,47166456,4096
1625724892,1059776465,47166464,4096
1625724892,1059776465,47166472,4096
1625724892,1059776465,47166480,4096
1625724892,1060634191,47166488,4096
1625724892,1060634191,47166496,4096
1625724892,1060634191,47166504,4096
1625724892,1060634191,47166512,4096
1625724892,1060634191,47166520,4096
1625724892,1060634191,47166528,4096
1625724892,1060635265,47166536,4096
1625724892,1060635265,47166544,4096
1625724892,1060635265,47166552,4096
1625724892,1060635265,47166560,4096
1625724892,1060635265,47166568,4096
1625724892,1060635265,47166576,4096
1625724892,1060635265,47166584,4096
1625724892,1060635265,47166592,4096
1625724892,1060753350,47166600,4096
1625724892,1060753350,47166608,4096
1625724892,1060753350,47166616,4096
1625724892,1060753350,47166624,4096
1625724892,1060753350,47166632,4096
1625724892,1060753350,47166640,4096
1625724892,1060754423,47166648,4096
1625724892,1060754423,47166656,4096
1625724892,1060754423,47166664,4096
1625724892,1060754423,47166672,4096
1625724892,1060754423,47166680,4096
1625724892,1060754423,47166688,4096
1625724892,1060754423,47166696,4096
1625724892,1060754423,47166704,4096
1625724892,1061439316,47166712,4096
1625724892,1061440390,47166720,3072
1625724892,418344112,48935904,4096
1625724892,419004315,1019648,4096
1625724892,419004315,1019656,4096
1625724892,419004315,1019664,2048
1625724892,424892462,63700810,4096
1625724892,424892462,63700818,4096
1625724892,424892462,63700826,4096
1625724892,424892462,63700834,4096
1625724892,424892462,63700842,4096
1625724892,424892462,63700850,4096
1625724892,424892462,63700858,4096
1625724892,424893536,63700866,4096
1625724892,426015343,3862320,4096
1625724892,426015343,3862328,4096
1625724892,426015343,3862336,4096
1625724892,426015343,3862344,4096
1625724892,426015343,3862352,4096
1625724892,426015343,3862360,4096
1625724892,426016417,3862368,4096
1625724892,426016417,3862376,4096
1625724892,426665884,3845360,4096
1625724892,426665884,3845368,4096
1625724892,426666958,3845376,4096
1625724892,426666958,3845384,4096
1625724892,426666958,3845392,4096
1625724892,426666958,3845400,4096
1625724892,426666958,3845408,4096
1625724892,426666958,3845416,4096
1625724892,427336822,3862944,4096
1625724892,427337895,3862952,4096
1625724892,427337895,3862960,4096
1625724892,427337895,3862968,4096
1625724892,427337895,3862976,4096
1625724892,427337895,3862984,4096
1625724892,427337895,3862992,4096
1625724892,427337895,3863000,4096
1625724892,427973407,3845432,4096
1625724892,427973407,3845440,4096
1625724892,427973407,3845448,4096
1625724892,427974481,3845456,4096
1625724892,427974481,3845464,4096
1625724892,427974481,3845472,4096
1625724892,427974481,3845480,4096
1625724892,427974481,3845488,4096
1625724892,428714122,3845424,4096
1625724892,430078541,3862384,4096
1625724892,430079614,3862392,4096
1625724892,430079614,3862400,4096
1625724892,430079614,3862408,4096
1625724892,430079614,3862416,4096
1625724892,430079614,3862424,4096
1625724892,430079614,3862432,4096
1625724892,430079614,3862440,4096
1625724892,430772022,3862448,4096
1625724892,430772022,3862456,4096
1625724892,430772022,3862464,4096
1625724892,430772022,3862472,4096
1625724892,430772022,3862480,4096
1625724892,430773095,3862488,4096
1625724892,430773095,3862496,4096
1625724892,430773095,3862504,4096
1625724892,431270126,3862512,4096
1625724892,431270126,3862520,4096
1625724892,431271199,3862528,4096
1625724892,431271199,3862536,4096
1625724892,431271199,3862544,4096
1625724892,431271199,3862552,4096
1625724892,431271199,3862560,4096
1625724892,431271199,3862568,4096
1625724892,431770377,3862576,4096
1625724892,431770377,3862584,4096
1625724892,431770377,3862592,4096
1625724892,431770377,3862600,4096
1625724892,431770377,3862608,4096
1625724892,431770377,3862616,4096
1625724892,431771450,3862624,4096
1625724892,431771450,3862632,4096
1625724892,432412330,3844120,4096
1625724892,432412330,3844128,4096
1625724892,432412330,3844136,4096
1625724892,432412330,3844144,4096
1625724892,432412330,3844152,4096
1625724892,432412330,3844160,4096
1625724892,432413403,3844168,4096
1625724892,432413403,3844176,4096
1625724892,432934051,3862640,4096
1625724892,432934051,3862648,4096
1625724892,432934051,3862656,4096
1625724892,432934051,3862664,4096
1625724892,432935124,3862672,4096
1625724892,432935124,3862680,4096
1625724892,432935124,3862688,4096
1625724892,432935124,3862696,4096
1625724892,433693015,3846128,4096
1625724892,433693015,3846136,4096
1625724892,433693015,3846144,4096
1625724892,433693015,3846152,4096
1625724892,433693015,3846160,4096
1625724892,433693015,3846168,4096
1625724892,433693015,3846176,4096
1625724892,433693015,3846184,4096
1625724892,434551815,3863344,4096
1625724892,434551815,3863352,4096
1625724892,434551815,3863360,4096
1625724892,434552889,3863368,4096
1625724892,434552889,3863376,4096
1625724892,434552889,3863384,4096
1625724892,434552889,3863392,4096
1625724892,434552889,3863400,4096
1625724892,435293604,3863256,4096
1625724892,435293604,3863264,4096
1625724892,435293604,3863272,4096
1625724892,435293604,3863280,4096
1625724892,435294677,3863288,4096
1625724892,435294677,3863296,4096
1625724892,435294677,3863304,4096
1625724892,435294677,3863312,4096
1625724892,435809957,3863320,4096
1625724892,435809957,3863328,4096
1625724892,435809957,3863336,4096
1625724892,437320372,3863440,4096
1625724892,437320372,3863448,4096
1625724892,437321445,3863456,4096
1625724892,437321445,3863464,4096
1625724892,437321445,3863472,4096
1625724892,437321445,3863480,4096
1625724892,437321445,3863488,4096
1625724892,437321445,3863496,4096
1625724892,437955884,3863408,4096
1625724892,437955884,3863416,4096
1625724892,437955884,3863424,4096
1625724892,437955884,3863432,4096
1625724892,439545737,3846328,4096
1625724892,439546811,3846336,4096
1625724892,439546811,3846344,4096
1625724892,439546811,3846352,4096
1625724892,439546811,3846360,4096
1625724892,439546811,3846368,4096
1625724892,439546811,3846376,4096
1625724892,439547884,3846384,4096
1625724892,440113619,3863504,4096
1625724892,440114692,3863512,4096
1625724892,440114692,3863520,4096
1625724892,440114692,3863528,4096
1625724892,440114692,3863536,4096
1625724892,440114692,3863544,4096
1625724892,442239149,3194376,4096
1625724892,442239149,3194384,4096
1625724892,442240222,3194392,4096
1625724892,442240222,3194400,4096
1625724892,442240222,3194408,4096
1625724892,442240222,3194416,4096
1625724892,442240222,3194424,4096
1625724892,442240222,3194432,4096
1625724892,443122639,2566112,4096
1625724892,443122639,2566120,4096
1625724892,443122639,2566128,4096
1625724892,443122639,2566136,4096
1625724892,443123713,2566144,4096
1625724892,443123713,2566152,4096
1625724892,443123713,2566160,4096
1625724892,443123713,2566168,4096
1625724892,444243373,506536,4096
1625724892,444243373,506544,4096
1625724892,444244447,506552,4096
1625724892,444244447,506560,4096
1625724892,444244447,506568,4096
1625724892,444244447,506576,4096
1625724892,444244447,506584,4096
1625724892,444244447,506592,4096
1625724892,445150481,512920,4096
1625724892,445150481,512928,4096
1625724892,445150481,512936,4096
1625724892,445151554,512944,4096
1625724892,445151554,512952,4096
1625724892,445151554,512960,4096
1625724892,445151554,512968,4096
1625724892,445151554,512976,4096
1625724892,445793507,512984,4096
1625724892,445793507,512992,4096
1625724892,445793507,513000,4096
1625724892,445793507,513008,4096
1625724892,445793507,513016,4096
1625724892,445793507,513024,4096
1625724892,445794581,513032,4096
1625724892,445794581,513040,4096
1625724892,446912094,534688,4096
1625724892,446913168,534696,4096
1625724892,446913168,534704,4096
1625724892,446913168,534712,4096
1625724892,446913168,534720,4096
1625724892,446913168,534728,4096
1625724892,446913168,534736,4096
1625724892,446913168,534744,4096
1625724892,447761233,3419488,4096
1625724892,447761233,3419496,4096
1625724892,447761233,3419504,4096
1625724892,447761233,3419512,4096
1625724892,447761233,3419520,4096
1625724892,447761233,3419528,4096
1625724892,447762306,3419536,4096
1625724892,447762306,3419544,4096
1625724892,449722517,728720,4096
1625724892,449722517,728728,4096
1625724892,449722517,728736,4096
1625724892,449722517,728744,4096
1625724892,449722517,728752,4096
1625724892,449723591,728760,4096
1625724892,449723591,728768,4096
1625724892,449723591,728776,4096
1625724892,450247459,728688,4096
1625724892,450247459,728696,4096
1625724892,450247459,728704,4096
1625724892,450247459,728712,4096
1625724892,451792225,716728,4096
1625724892,451792225,716736,4096
1625724892,451792225,716744,4096
1625724892,451793299,716752,4096
1625724892,451793299,716760,4096
1625724892,451793299,716768,4096
1625724892,451793299,716776,4096
1625724892,451793299,716784,4096
1625724892,452474971,728784,4096
1625724892,452474971,728792,4096
1625724892,452474971,728800,4096
1625724892,452474971,728808,4096
1625724892,452474971,728816,4096
1625724892,452474971,728824,4096
1625724892,459964781,2757768,4096
1625724892,459964781,2757776,4096
1625724892,459964781,2757784,4096
1625724892,459964781,2757792,4096
1625724892,459964781,2757800,4096
1625724892,459964781,2757808,4096
1625724892,459964781,2757816,4096
1625724892,459965854,2757824,4096
1625724892,460978165,539248,4096
1625724892,460979238,539256,4096
1625724892,460979238,539264,4096
1625724892,460979238,539272,4096
1625724892,460979238,539280,4096
1625724892,460979238,539288,4096
1625724892,460979238,539296,4096
1625724892,460979238,539304,4096
1625724892,461683454,539312,4096
1625724892,461683454,539320,4096
1625724892,461683454,539328,4096
1625724892,461683454,539336,4096
1625724892,461683454,539344,4096
1625724892,461683454,539352,4096
1625724892,461683454,539360,4096
1625724892,461684528,539368,4096
1625724892,462682883,537440,4096
1625724892,462682883,537448,4096
1625724892,462682883,537456,4096
1625724892,462682883,537464,4096
1625724892,462682883,537472,4096
1625724892,462683956,537480,4096
1625724892,462683956,537488,4096
1625724892,462683956,537496,4096
1625724892,463655474,541504,4096
1625724892,463655474,541512,4096
1625724892,463655474,541520,4096
1625724892,463656547,541528,4096
1625724892,463656547,541536,4096
1625724892,463656547,541544,4096
1625724892,463656547,541552,4096
1625724892,463656547,541560,4096
1625724892,464615183,541792,4096
1625724892,464615183,541800,4096
1625724892,464615183,541808,4096
1625724892,464615183,541816,4096
1625724892,464616256,541824,4096
1625724892,464616256,541832,4096
1625724892,464616256,541840,4096
1625724892,464616256,541848,4096
1625724892,465719814,544768,4096
1625724892,465720888,544776,4096
1625724892,465720888,544784,4096
1625724892,465720888,544792,4096
1625724892,465720888,544800,4096
1625724892,465720888,544808,4096
1625724892,465720888,544816,4096
1625724892,465720888,544824,4096
1625724892,466675229,544976,4096
1625724892,466675229,544984,4096
1625724892,466675229,544992,4096
1625724892,466675229,545000,4096
1625724892,466675229,545008,4096
1625724892,466676303,545016,4096
1625724892,466676303,545024,4096
1625724892,466676303,545032,4096
1625724892,467975238,996200,4096
1625724892,467975238,996208,4096
1625724892,467975238,996216,4096
1625724892,467975238,996224,4096
1625724892,467975238,996232,4096
1625724892,467975238,996240,4096
1625724892,467975238,996248,4096
1625724892,467975238,996256,4096
1625724892,468670866,996264,4096
1625724892,468670866,996272,4096
1625724892,468670866,996280,4096
1625724892,468670866,996288,4096
1625724892,468670866,996296,4096
1625724892,468671939,996304,4096
1625724892,468671939,996312,4096
1625724892,468671939,996320,4096
1625724892,469634869,67580954,4096
1625724892,469634869,67580962,4096
1625724892,469634869,67580970,4096
1625724892,469634869,67580978,4096
1625724892,469634869,67580986,4096
1625724892,469634869,67580994,4096
1625724892,469634869,67581002,4096
1625724892,469634869,67581010,4096
1625724892,470695487,538056,4096
1625724892,470695487,538064,4096
1625724892,470695487,538072,4096
1625724892,470695487,538080,4096
1625724892,470695487,538088,4096
1625724892,470696560,538096,4096
1625724892,470696560,538104,4096
1625724892,470696560,538112,4096
1625724892,471458745,538120,4096
1625724892,471458745,538128,4096
1625724892,471458745,538136,4096
1625724892,471458745,538144,4096
1625724892,471459819,538152,4096
1625724892,471459819,538160,4096
1625724892,471459819,538168,4096
1625724892,471459819,538176,4096
1625724892,473767844,1460400,4096
1625724892,473768917,1460408,4096
1625724892,473768917,1460416,4096
1625724892,473768917,1460424,4096
1625724892,473768917,1460432,4096
1625724892,473768917,1460440,4096
1625724892,473768917,1460448,4096
1625724892,473768917,1460456,4096
1625724892,474454884,1460464,4096
1625724892,474454884,1460472,4096
1625724892,474454884,1460480,4096
1625724892,474454884,1460488,4096
1625724892,474454884,1460496,4096
1625724892,474454884,1460504,4096
1625724892,474454884,1460512,4096
1625724892,474454884,1460520,4096
1625724892,474948694,1460576,4096
1625724892,474948694,1460584,4096
1625724892,474948694,1460592,4096
1625724892,474948694,1460600,4096
1625724892,474948694,1460608,4096
1625724892,474949767,1460616,4096
1625724892,474949767,1460624,4096
1625724892,474949767,1460632,4096
1625724892,475441430,1460688,4096
1625724892,475441430,1460696,4096
1625724892,475442504,1460704,4096
1625724892,475442504,1460712,4096
1625724892,475442504,1460720,4096
1625724892,475442504,1460728,4096
1625724892,475442504,1460736,4096
1625724892,475442504,1460744,4096
1625724892,475937387,1460808,4096
1625724892,475937387,1460816,4096
1625724892,475937387,1460824,4096
1625724892,475937387,1460832,4096
1625724892,475937387,1460840,4096
1625724892,475937387,1460848,4096
1625724892,475938461,1460856,4096
1625724892,475938461,1460864,4096
1625724892,477568034,1174888,4096
1625724892,477569107,1174896,4096
1625724892,477569107,1174904,4096
1625724892,477569107,1174912,4096
1625724892,477569107,1174920,4096
1625724892,477569107,1174928,4096
1625724892,477569107,1174936,4096
1625724892,477569107,1174944,2560
1625724892,478335586,1174824,4096
1625724892,478335586,1174832,4096
1625724892,478335586,1174840,4096
1625724892,478336660,1174848,4096
1625724892,478336660,1174856,4096
1625724892,478336660,1174864,4096
1625724892,478336660,1174872,4096
1625724892,478336660,1174880,4096
1625724892,480471851,4911472,4096
1625724892,480471851,4911480,4096
1625724892,480471851,4911488,4096
1625724892,480472925,4911496,4096
1625724892,480472925,4911504,4096
1625724892,480472925,4911512,4096
1625724892,480472925,4911520,4096
1625724892,480472925,4911528,4096
1625724892,481174994,4912168,4096
1625724892,481174994,4912176,4096
1625724892,481174994,4912184,4096
1625724892,481174994,4912192,4096
1625724892,481174994,4912200,4096
1625724892,481176067,4912208,4096
1625724892,481176067,4912216,4096
1625724892,481176067,4912224,4096
1625724892,482029500,4911536,4096
1625724892,482029500,4911544,4096
1625724892,482029500,4911552,4096
1625724892,482029500,4911560,4096
1625724892,482029500,4911568,4096
1625724892,482029500,4911576,4096
1625724892,482030573,4911584,4096
1625724892,482030573,4911592,4096
1625724892,482792758,4911600,4096
1625724892,482792758,4911608,4096
1625724892,482792758,4911616,4096
1625724892,482792758,4911624,4096
1625724892,482792758,4911632,4096
1625724892,482792758,4911640,4096
1625724892,482793832,4911648,4096
1625724892,482793832,4911656,4096
1625724892,483290862,4911664,4096
1625724892,483290862,4911672,4096
1625724892,483290862,4911680,4096
1625724892,483290862,4911688,4096
1625724892,483290862,4911696,4096
1625724892,483290862,4911704,4096
1625724892,483290862,4911712,4096
1625724892,483291936,4911720,4096
1625724892,483787893,4911728,4096
1625724892,483787893,4911736,4096
1625724892,483787893,4911744,4096
1625724892,483787893,4911752,4096
1625724892,483787893,4911760,4096
1625724892,483787893,4911768,4096
1625724892,483788966,4911776,4096
1625724892,483788966,4911784,4096
1625724892,484288144,4911792,4096
1625724892,484288144,4911800,4096
1625724892,484288144,4911808,4096
1625724892,484289217,4911816,4096
1625724892,484289217,4911824,4096
1625724892,484289217,4911832,4096
1625724892,484289217,4911840,4096
1625724892,484289217,4911848,4096
1625724892,485094342,4912528,4096
1625724892,485094342,4912536,4096
1625724892,485094342,4912544,4096
1625724892,485094342,4912552,4096
1625724892,485094342,4912560,4096
1625724892,485094342,4912568,4096
1625724892,485094342,4912576,4096
1625724892,485094342,4912584,4096
1625724892,485738442,4912464,4096
1625724892,485739516,4912472,4096
1625724892,485739516,4912480,4096
1625724892,485739516,4912488,4096
1625724892,485739516,4912496,4096
1625724892,485739516,4912504,4096
1625724892,485739516,4912512,4096
1625724892,485739516,4912520,4096
1625724892,486378248,4912592,4096
1625724892,486378248,4912600,4096
1625724892,486379322,4912608,1536
1625724892,487402367,552920,4096
1625724892,487403441,552928,4096
1625724892,487403441,552936,4096
1625724892,487403441,552944,4096
1625724892,487403441,552952,4096
1625724892,487403441,552960,4096
1625724892,487403441,552968,4096
1625724892,487403441,552976,4096
1625724892,488144156,553000,4096
1625724892,488144156,553008,4096
1625724892,488144156,553016,4096
1625724892,488144156,553024,4096
1625724892,488144156,553032,4096
1625724892,488144156,553040,4096
1625724892,488144156,553048,4096
1625724892,488144156,553056,4096
1625724892,489464561,1048856,4096
1625724892,489464561,1048864,4096
1625724892,489464561,1048872,4096
1625724892,489465634,1048880,4096
1625724892,489465634,1048888,4096
1625724892,489465634,1048896,4096
1625724892,489465634,1048904,4096
1625724892,489465634,1048912,4096
1625724892,490097926,1034816,4096
1625724892,490098999,1034824,4096
1625724892,490098999,1034832,4096
1625724892,490098999,1034840,4096
1625724892,490098999,1034848,4096
1625724892,490098999,1034856,4096
1625724892,490098999,1034864,4096
1625724892,490098999,1034872,4096
1625724892,490738805,1049160,4096
1625724892,490738805,1049168,4096
1625724892,490738805,1049176,4096
1625724892,490738805,1049184,4096
1625724892,490739879,1049192,4096
1625724892,490739879,1049200,4096
1625724892,490739879,1049208,4096
1625724892,490739879,1049216,4096
1625724892,491892818,1034880,4096
1625724892,491892818,1034888,4096
1625724892,491892818,1034896,4096
1625724892,491892818,1034904,4096
1625724892,491892818,1034912,4096
1625724892,491893891,1034920,4096
1625724892,491893891,1034928,4096
1625724892,491893891,1034936,4096
1625724892,492864335,1048920,4096
1625724892,492864335,1048928,4096
1625724892,492864335,1048936,4096
1625724892,492864335,1048944,4096
1625724892,492865409,1048952,4096
1625724892,492865409,1048960,4096
1625724892,492865409,1048968,4096
1625724892,492865409,1048976,4096
1625724892,493558890,1048984,4096
1625724892,493558890,1048992,4096
1625724892,493558890,1049000,4096
1625724892,493558890,1049008,4096
1625724892,493559963,1049016,4096
1625724892,493559963,1049024,4096
1625724892,493559963,1049032,4096
1625724892,493559963,1049040,4096
1625724892,494223386,1034072,4096
1625724892,494223386,1034080,4096
1625724892,494224460,1034088,4096
1625724892,494224460,1034096,4096
1625724892,494224460,1034104,4096
1625724892,494224460,1034112,4096
1625724892,494224460,1034120,4096
1625724892,494224460,1034128,4096
1625724892,494985571,1034992,4096
1625724892,494985571,1035000,4096
1625724892,494985571,1035008,4096
1625724892,494985571,1035016,4096
1625724892,494986645,1035024,4096
1625724892,494986645,1035032,4096
1625724892,494986645,1035040,4096
1625724892,494986645,1035048,4096
1625724892,495510513,1049096,4096
1625724892,495510513,1049104,4096
1625724892,495511586,1049112,4096
1625724892,495511586,1049120,4096
1625724892,495511586,1049128,4096
1625724892,495511586,1049136,4096
1625724892,495511586,1049144,4096
1625724892,495511586,1049152,4096
1625724892,496151392,1047656,4096
1625724892,496151392,1047664,4096
1625724892,496151392,1047672,4096
1625724892,496151392,1047680,4096
1625724892,496151392,1047688,4096
1625724892,496151392,1047696,4096
1625724892,496151392,1047704,4096
1625724892,496152466,1047712,4096
1625724892,496651643,1049288,4096
1625724892,496651643,1049296,4096
1625724892,496651643,1049304,4096
1625724892,496652717,1049312,4096
1625724892,496652717,1049320,4096
1625724892,496652717,1049328,4096
1625724892,496652717,1049336,4096
1625724892,496652717,1049344,4096
1625724892,497316140,1049496,4096
1625724892,497317213,1049504,4096
1625724892,497317213,1049512,4096
1625724892,497317213,1049520,4096
1625724892,497317213,1049528,4096
1625724892,497317213,1049536,4096
1625724892,497317213,1049544,4096
1625724892,497317213,1049552,1536
1625724892,498081545,1049352,4096
1625724892,498081545,1049360,4096
1625724892,498081545,1049368,4096
1625724892,498081545,1049376,4096
1625724892,498082619,1049384,4096
1625724892,498082619,1049392,4096
1625724892,498082619,1049400,4096
1625724892,498082619,1049408,4096
1625724892,498792202,1049424,4096
1625724892,498793276,1049432,4096
1625724892,498793276,1049440,4096
1625724892,498793276,1049448,4096
1625724892,498793276,1049456,4096
1625724892,498793276,1049464,4096
1625724892,498793276,1049472,4096
1625724892,498793276,1049480,4096
1625724892,499474948,1049416,4096
1625724892,500497994,1048480,4096
1625724892,500497994,1048488,4096
1625724892,500497994,1048496,4096
1625724892,500497994,1048504,4096
1625724892,500497994,1048512,4096
1625724892,500497994,1048520,4096
1625724892,500499067,1048528,4096
1625724892,500499067,1048536,4096
1625724892,501558612,548584,4096
1625724892,501558612,548592,4096
1625724892,501558612,548600,4096
1625724892,501558612,548608,4096
1625724892,501558612,548616,4096
1625724892,501558612,548624,4096
1625724892,501558612,548632,4096
1625724892,501558612,548640,4096
1625724892,502529056,553624,4096
1625724892,502529056,553632,4096
1625724892,502529056,553640,4096
1625724892,502529056,553648,4096
1625724892,502530129,553656,4096
1625724892,502530129,553664,4096
1625724892,502530129,553672,4096
1625724892,502530129,553680,4096
1625724892,503545660,588808,4096
1625724892,503546734,588816,4096
1625724892,503546734,588824,4096
1625724892,503546734,588832,4096
1625724892,503546734,588840,4096
1625724892,503546734,588848,4096
1625724892,503546734,588856,4096
1625724892,503546734,588864,4096
1625724892,504180099,588880,4096
1625724892,504180099,588888,4096
1625724892,504180099,588896,4096
1625724892,504180099,588904,4096
1625724892,504180099,588912,4096
1625724892,504181172,588920,4096
1625724892,504181172,588928,4096
1625724892,504181172,588936,4096
1625724892,505124779,593320,4096
1625724892,505124779,593328,4096
1625724892,505124779,593336,4096
1625724892,505124779,593344,4096
1625724892,505125852,593352,4096
1625724892,505125852,593360,4096
1625724892,505125852,593368,4096
1625724892,505125852,593376,4096
1625724892,505780687,593392,4096
1625724892,505780687,593400,4096
1625724892,505780687,593408,4096
1625724892,505780687,593416,4096
1625724892,505780687,593424,4096
1625724892,505780687,593432,4096
1625724892,505780687,593440,4096
1625724892,505781761,593448,4096
1625724892,506794071,593912,4096
1625724892,506794071,593920,4096
1625724892,506794071,593928,4096
1625724892,506794071,593936,4096
1625724892,506794071,593944,4096
1625724892,506794071,593952,4096
1625724892,506794071,593960,4096
1625724892,506795145,593968,4096
1625724892,507817117,594152,4096
1625724892,507817117,594160,4096
1625724892,507817117,594168,4096
1625724892,507818190,594176,4096
1625724892,507818190,594184,4096
1625724892,507818190,594192,4096
1625724892,507818190,594200,4096
1625724892,507818190,594208,4096
1625724892,508758576,3441936,4096
1625724892,508758576,3441944,4096
1625724892,508758576,3441952,4096
1625724892,508758576,3441960,4096
1625724892,508758576,3441968,4096
1625724892,508759650,3441976,4096
1625724892,508759650,3441984,4096
1625724892,508759650,3441992,4096
1625724892,509415558,3442040,4096
1625724892,509415558,3442048,4096
1625724892,509415558,3442056,4096
1625724892,509415558,3442064,4096
1625724892,509416632,3442072,4096
1625724892,509416632,3442080,4096
1625724892,509416632,3442088,4096
1625724892,509416632,3442096,4096
1625724892,510530925,619528,4096
1625724892,510530925,619536,4096
1625724892,510530925,619544,4096
1625724892,510531998,619552,4096
1625724892,510531998,619560,4096
1625724892,510531998,619568,4096
1625724892,510531998,619576,4096
1625724892,510531998,619584,4096
1625724892,511511030,773480,4096
1625724892,511511030,773488,4096
1625724892,511512104,773496,4096
1625724892,511512104,773504,4096
1625724892,511512104,773512,4096
1625724892,511512104,773520,4096
1625724892,511512104,773528,4096
1625724892,511512104,773536,4096
1625724892,512166939,773584,4096
1625724892,512166939,773592,4096
1625724892,512166939,773600,4096
1625724892,512166939,773608,4096
1625724892,512166939,773616,4096
1625724892,512168012,773624,4096
1625724892,512168012,773632,4096
1625724892,512168012,773640,4096
1625724892,512837876,773544,4096
1625724892,512837876,773552,4096
1625724892,512837876,773560,4096
1625724892,512837876,773568,4096
1625724892,512837876,773576,4096
1625724892,513808320,595072,4096
1625724892,513808320,595080,4096
1625724892,513809394,595088,4096
1625724892,513809394,595096,4096
1625724892,513809394,595104,4096
1625724892,513809394,595112,4096
1625724892,513809394,595120,4096
1625724892,513809394,595128,4096
1625724892,514874306,774304,4096
1625724892,514874306,774312,4096
1625724892,514874306,774320,4096
1625724892,514874306,774328,4096
1625724892,514874306,774336,4096
1625724892,514874306,774344,4096
1625724892,514874306,774352,4096
1625724892,514875379,774360,4096
1625724892,515564566,774440,4096
1625724892,515564566,774448,4096
1625724892,515564566,774456,4096
1625724892,515565640,774464,4096
1625724892,515565640,774472,4096
1625724892,515565640,774480,4096
1625724892,515565640,774488,4096
1625724892,515565640,774496,4096
1625724892,516633772,777624,4096
1625724892,516633772,777632,4096
1625724892,516633772,777640,4096
1625724892,516633772,777648,4096
1625724892,516633772,777656,4096
1625724892,516633772,777664,4096
1625724892,516634846,777672,4096
1625724892,516634846,777680,4096
1625724892,517277872,777704,4096
1625724892,517277872,777712,4096
1625724892,517277872,777720,4096
1625724892,517278946,777728,4096
1625724892,517278946,777736,4096
1625724892,517278946,777744,4096
1625724892,517278946,777752,4096
1625724892,517278946,777760,4096
1625724892,518266566,1711320,4096
1625724892,518266566,1711328,4096
1625724892,518266566,1711336,4096
1625724892,518267639,1711344,4096
1625724892,518267639,1711352,4096
1625724892,518267639,1711360,4096
1625724892,518267639,1711368,4096
1625724892,518267639,1711376,512
1625724892,519583750,1741304,4096
1625724892,519583750,1741312,4096
1625724892,519583750,1741320,4096
1625724892,519583750,1741328,4096
1625724892,519583750,1741336,4096
1625724892,519583750,1741344,4096
1625724892,519583750,1741352,4096
1625724892,519583750,1741360,4096
1625724892,520237512,1711568,4096
1625724892,520238585,1711576,4096
1625724892,520238585,1711584,4096
1625724892,520238585,1711592,4096
1625724892,520238585,1711600,4096
1625724892,520238585,1711608,4096
1625724892,520238585,1711616,4096
1625724892,520238585,1711624,4096
1625724892,521301350,778264,4096
1625724892,521301350,778272,4096
1625724892,521302424,778280,4096
1625724892,521302424,778288,4096
1625724892,521302424,778296,4096
1625724892,521302424,778304,4096
1625724892,521302424,778312,4096
1625724892,521302424,778320,4096
1625724892,522502597,772312,4096
1625724892,522502597,772320,4096
1625724892,522503670,772328,4096
1625724892,522503670,772336,4096
1625724892,522503670,772344,4096
1625724892,522503670,772352,4096
1625724892,522503670,772360,4096
1625724892,522503670,772368,4096
1625724892,523644801,3196264,4096
1625724892,523645874,3196272,4096
1625724892,523645874,3196280,4096
1625724892,523645874,3196288,4096
1625724892,523645874,3196296,4096
1625724892,523645874,3196304,4096
1625724892,523645874,3196312,4096
1625724892,523646948,3196320,4096
1625724892,524396251,3196464,4096
1625724892,524396251,3196472,4096
1625724892,524396251,3196480,4096
1625724892,524396251,3196488,4096
1625724892,524397324,3196496,4096
1625724892,524397324,3196504,4096
1625724892,524397324,3196512,4096
1625724892,524397324,3196520,4096
1625724892,525702700,804736,4096
1625724892,525703774,804744,4096
1625724892,525703774,804752,4096
1625724892,525703774,804760,4096
1625724892,525703774,804768,4096
1625724892,525703774,804776,4096
1625724892,525703774,804784,4096
1625724892,525703774,804792,4096
1625724892,526804111,824496,4096
1625724892,526805185,824504,4096
1625724892,526805185,824512,4096
1625724892,526805185,824520,4096
1625724892,526805185,824528,4096
1625724892,526805185,824536,4096
1625724892,526805185,824544,4096
1625724892,526805185,824552,4096
1625724892,527837892,3421344,4096
1625724892,527838965,3421352,4096
1625724892,527838965,3421360,4096
1625724892,527838965,3421368,4096
1625724892,527838965,3421376,4096
1625724892,527838965,3421384,4096
1625724892,527838965,3421392,4096
1625724892,527838965,3421400,4096
1625724892,528809409,587936,4096
1625724892,528810483,587944,4096
1625724892,528810483,587952,4096
1625724892,528810483,587960,4096
1625724892,528810483,587968,4096
1625724892,528810483,587976,4096
1625724892,528810483,587984,4096
1625724892,528811556,587992,4096
1625724892,529608093,588544,4096
1625724892,529608093,588552,4096
1625724892,529608093,588560,4096
1625724892,529608093,588568,4096
1625724892,529608093,588576,4096
1625724892,529608093,588584,4096
1625724892,529609167,588592,4096
1625724892,529609167,588600,2560
1625724892,530459379,588000,4096
1625724892,530459379,588008,4096
1625724892,530459379,588016,4096
1625724892,530459379,588024,4096
1625724892,530459379,588032,4096
1625724892,530459379,588040,4096
1625724892,530460452,588048,4096
1625724892,530460452,588056,4096
1625724892,532460383,551704,4096
1625724892,532461456,551712,4096
1625724892,532461456,551720,4096
1625724892,532461456,551728,4096
1625724892,532461456,551736,4096
1625724892,532461456,551744,4096
1625724892,532461456,551752,4096
1625724892,532461456,551760,4096
1625724892,533240817,551768,4096
1625724892,533240817,551776,4096
1625724892,533240817,551784,4096
1625724892,533240817,551792,4096
1625724892,533240817,551800,4096
1625724892,533241891,551808,4096
1625724892,533241891,551816,4096
1625724892,533241891,551824,4096
1625724892,534360478,2766208,4096
1625724892,534360478,2766216,4096
1625724892,534360478,2766224,4096
1625724892,534360478,2766232,4096
1625724892,534361551,2766240,4096
1625724892,534361551,2766248,4096
1625724892,534361551,2766256,4096
1625724892,534361551,2766264,4096
1625724892,535428610,3072640,4096
1625724892,535429684,3072648,4096
1625724892,535429684,3072656,4096
1625724892,535429684,3072664,4096
1625724892,535429684,3072672,4096
1625724892,535429684,3072680,4096
1625724892,535429684,3072688,4096
1625724892,535429684,3072696,4096
1625724892,536679238,489424,4096
1625724892,536680311,489432,4096
1625724892,536680311,489440,4096
1625724892,536680311,489448,4096
1625724892,536680311,489456,4096
1625724892,536680311,489464,4096
1625724892,536680311,489472,4096
1625724892,536680311,489480,4096
1625724892,537775281,529328,4096
1625724892,537775281,529336,4096
1625724892,537775281,529344,4096
1625724892,537775281,529352,4096
1625724892,537776355,529360,4096
1625724892,537776355,529368,4096
1625724892,537776355,529376,4096
1625724892,537776355,529384,4096
1625724892,538675948,529392,4096
1625724892,538675948,529400,4096
1625724892,538675948,529408,4096
1625724892,538675948,529416,4096
1625724892,538675948,529424,4096
1625724892,538675948,529432,4096
1625724892,538675948,529440,4096
1625724892,538677021,529448,4096
1625724892,539723684,506768,4096
1625724892,539723684,506776,4096
1625724892,539723684,506784,4096
1625724892,539723684,506792,4096
1625724892,539723684,506800,4096
1625724892,539723684,506808,4096
1625724892,539724757,506816,4096
1625724892,539724757,506824,4096
1625724892,540879843,3274536,4096
1625724892,540879843,3274544,4096
1625724892,540879843,3274552,4096
1625724892,540880917,3274560,4096
1625724892,540880917,3274568,4096
1625724892,540880917,3274576,4096
1625724892,540880917,3274584,4096
1625724892,540880917,3274592,4096
1625724892,542054252,586776,4096
1625724892,542054252,586784,4096
1625724892,542054252,586792,4096
1625724892,542054252,586800,4096
1625724892,542054252,586808,4096
1625724892,542055326,586816,4096
1625724892,542055326,586824,4096
1625724892,542055326,586832,4096
1625724892,543142781,767768,4096
1625724892,543142781,767776,4096
1625724892,543142781,767784,4096
1625724892,543142781,767792,4096
1625724892,543142781,767800,4096
1625724892,543142781,767808,4096
1625724892,543143855,767816,4096
1625724892,543143855,767824,4096
1625724892,544292500,3388704,4096
1625724892,544293573,3388712,4096
1625724892,544293573,3388720,4096
1625724892,544293573,3388728,4096
1625724892,544293573,3388736,4096
1625724892,544293573,3388744,4096
1625724892,544293573,3388752,4096
1625724892,544293573,3388760,4096
1625724892,545470129,3303704,4096
1625724892,545471203,3303712,4096
1625724892,545471203,3303720,4096
1625724892,545471203,3303728,4096
1625724892,545471203,3303736,4096
1625724892,545471203,3303744,4096
1625724892,545471203,3303752,4096
1625724892,545471203,3303760,4096
1625724892,546809857,2889560,4096
1625724892,546809857,2889568,4096
1625724892,546809857,2889576,4096
1625724892,546809857,2889584,4096
1625724892,546810931,2889592,4096
1625724892,546810931,2889600,4096
1625724892,546810931,2889608,4096
1625724892,546810931,2889616,4096
1625724892,547875843,3454000,4096
1625724892,547875843,3454008,4096
1625724892,547876916,3454016,4096
1625724892,547876916,3454024,4096
1625724892,547876916,3454032,4096
1625724892,547876916,3454040,4096
1625724892,547876916,3454048,4096
1625724892,547876916,3454056,4096
1625724892,548723908,3454208,4096
1625724892,548724981,3454216,4096
1625724892,548724981,3454224,4096
1625724892,548724981,3454232,4096
1625724892,548724981,3454240,4096
1625724892,548724981,3454248,4096
1625724892,548724981,3454256,4096
1625724892,548724981,3454264,4096
1625724892,549752321,3454064,4096
1625724892,549752321,3454072,4096
1625724892,549752321,3454080,4096
1625724892,549752321,3454088,4096
1625724892,549752321,3454096,4096
1625724892,549752321,3454104,4096
1625724892,549752321,3454112,4096
1625724892,549753394,3454120,4096
1625724892,550581063,3454128,4096
1625724892,550582136,3454136,4096
1625724892,550582136,3454144,4096
1625724892,550582136,3454152,4096
1625724892,550582136,3454160,4096
1625724892,550582136,3454168,4096
1625724892,550582136,3454176,4096
1625724892,550582136,3454184,4096
1625724892,551622358,772544,4096
1625724892,551623431,772552,4096
1625724892,551623431,772560,4096
1625724892,551623431,772568,4096
1625724892,551623431,772576,4096
1625724892,551623431,772584,4096
1625724892,551623431,772592,4096
1625724892,551623431,772600,4096
1625724892,552820384,597368,4096
1625724892,552821457,597376,4096
1625724892,552821457,597384,4096
1625724892,552821457,597392,4096
1625724892,552821457,597400,4096
1625724892,552821457,597408,4096
1625724892,552821457,597416,4096
1625724892,552822531,597424,4096
1625724892,553981911,546752,4096
1625724892,553981911,546760,4096
1625724892,553981911,546768,4096
1625724892,553982984,546776,4096
1625724892,553982984,546784,4096
1625724892,553982984,546792,4096
1625724892,553982984,546800,4096
1625724892,553982984,546808,4096
1625724892,554766639,546848,4096
1625724892,554767713,546856,4096
1625724892,554767713,546864,4096
1625724892,554767713,546872,4096
1625724892,554767713,546880,4096
1625724892,554767713,546888,4096
1625724892,554767713,546896,4096
1625724892,554767713,546904,4096
1625724892,555941048,778736,4096
1625724892,555942122,778744,4096
1625724892,555942122,778752,4096
1625724892,555942122,778760,4096
1625724892,555942122,778768,4096
1625724892,555942122,778776,4096
1625724892,555942122,778784,4096
1625724892,555942122,778792,4096
1625724892,556935109,998688,4096
1625724892,556935109,998696,4096
1625724892,556935109,998704,4096
1625724892,556935109,998712,4096
1625724892,556935109,998720,4096
1625724892,556936183,998728,4096
1625724892,556936183,998736,4096
1625724892,556936183,998744,4096
1625724892,558103077,488592,4096
1625724892,558104151,488600,4096
1625724892,558104151,488608,4096
1625724892,558104151,488616,4096
1625724892,558104151,488624,4096
1625724892,558104151,488632,4096
1625724892,558104151,488640,4096
1625724892,558104151,488648,4096
1625724892,559224885,499192,4096
1625724892,559224885,499200,4096
1625724892,559224885,499208,4096
1625724892,559225958,499216,4096
1625724892,559225958,499224,4096
1625724892,559225958,499232,4096
1625724892,559225958,499240,4096
1625724892,559225958,499248,4096
1625724892,560239342,501520,4096
1625724892,560239342,501528,4096
1625724892,560240416,501536,4096
1625724892,560240416,501544,4096
1625724892,560240416,501552,4096
1625724892,560240416,501560,4096
1625724892,560240416,501568,4096
1625724892,560240416,501576,4096
1625724892,561319283,501720,4096
1625724892,561319283,501728,4096
1625724892,561319283,501736,4096
1625724892,561319283,501744,4096
1625724892,561319283,501752,4096
1625724892,561320357,501760,4096
1625724892,561320357,501768,4096
1625724892,561320357,501776,4096
1625724892,562335888,502952,4096
1625724892,562336961,502960,4096
1625724892,562336961,502968,4096
1625724892,562336961,502976,4096
1625724892,562336961,502984,4096
1625724892,562336961,502992,4096
1625724892,562338035,503000,4096
1625724892,562338035,503008,4096
1625724892,563444813,503504,4096
1625724892,563444813,503512,4096
1625724892,563445887,503520,4096
1625724892,563445887,503528,4096
1625724892,563445887,503536,4096
1625724892,563445887,503544,4096
1625724892,563445887,503552,4096
1625724892,563445887,503560,4096
1625724892,564543004,503712,4096
1625724892,564543004,503720,4096
1625724892,564543004,503728,4096
1625724892,564543004,503736,4096
1625724892,564544077,503744,4096
1625724892,564544077,503752,4096
1625724892,564544077,503760,4096
1625724892,564544077,503768,4096
1625724892,565663738,1076624,4096
1625724892,565663738,1076632,4096
1625724892,565663738,1076640,4096
1625724892,565664811,1076648,4096
1625724892,565664811,1076656,4096
1625724892,565664811,1076664,4096
1625724892,565664811,1076672,4096
1625724892,565664811,1076680,4096
1625724892,566472083,1097152,4096
1625724892,566472083,1097160,4096
1625724892,566472083,1097168,4096
1625724892,566472083,1097176,4096
1625724892,566472083,1097184,4096
1625724892,566473157,1097192,4096
1625724892,566473157,1097200,4096
1625724892,566473157,1097208,4096
1625724892,567277208,1076736,4096
1625724892,567278282,1076744,4096
1625724892,567278282,1076752,4096
1625724892,567278282,1076760,4096
1625724892,567278282,1076768,4096
1625724892,567278282,1076776,4096
1625724892,567278282,1076784,4096
1625724892,567278282,1076792,4096
1625724892,569038822,1565840,4096
1625724892,569039895,1565848,4096
1625724892,569039895,1565856,4096
1625724892,569039895,1565864,4096
1625724892,569039895,1565872,4096
1625724892,569039895,1565880,4096
1625724892,569039895,1565888,4096
1625724892,569039895,1565896,4096
1625724892,569773096,1584760,4096
1625724892,569773096,1584768,4096
1625724892,569774169,1584776,4096
1625724892,569774169,1584784,4096
1625724892,569774169,1584792,4096
1625724892,569774169,1584800,4096
1625724892,569774169,1584808,4096
1625724892,569774169,1584816,4096
1625724892,570544942,1565952,4096
1625724892,570544942,1565960,4096
1625724892,570546016,1565968,4096
1625724892,570546016,1565976,4096
1625724892,570546016,1565984,4096
1625724892,570546016,1565992,4096
1625724892,570546016,1566000,4096
1625724892,570546016,1566008,4096
1625724892,572307629,1597640,4096
1625724892,572308703,1597648,4096
1625724892,572308703,1597656,4096
1625724892,572308703,1597664,4096
1625724892,572308703,1597672,4096
1625724892,572308703,1597680,4096
1625724892,572308703,1597688,4096
1625724892,572308703,1597696,4096
1625724892,573067667,1620528,4096
1625724892,573067667,1620536,4096
1625724892,573067667,1620544,4096
1625724892,573068741,1620552,4096
1625724892,573068741,1620560,4096
1625724892,573068741,1620568,4096
1625724892,573068741,1620576,4096
1625724892,573068741,1620584,4096
1625724892,573831999,1597752,4096
1625724892,573831999,1597760,4096
1625724892,573833073,1597768,4096
1625724892,573833073,1597776,4096
1625724892,573833073,1597784,4096
1625724892,573833073,1597792,4096
1625724892,573833073,1597800,4096
1625724892,573833073,1597808,4096
1625724892,575549599,2807960,4096
1625724892,575549599,2807968,4096
1625724892,575549599,2807976,4096
1625724892,575549599,2807984,4096
1625724892,575549599,2807992,4096
1625724892,575549599,2808000,4096
1625724892,575550673,2808008,4096
1625724892,575550673,2808016,4096
1625724892,576598409,2385456,4096
1625724892,576598409,2385464,4096
1625724892,576598409,2385472,4096
1625724892,576599482,2385480,4096
1625724892,576599482,2385488,4096
1625724892,576599482,2385496,4096
1625724892,576599482,2385504,4096
1625724892,576599482,2385512,4096
1625724892,577704114,1370448,4096
1625724892,577704114,1370456,4096
1625724892,577704114,1370464,4096
1625724892,577704114,1370472,4096
1625724892,577704114,1370480,4096
1625724892,577705187,1370488,4096
1625724892,577705187,1370496,4096
1625724892,577705187,1370504,4096
1625724892,578809819,494328,4096
1625724892,578809819,494336,4096
1625724892,578809819,494344,4096
1625724892,578809819,494352,4096
1625724892,578809819,494360,4096
1625724892,578810892,494368,4096
1625724892,578810892,494376,4096
1625724892,578810892,494384,4096
1625724892,579932700,815760,4096
1625724892,579933773,815768,4096
1625724892,579933773,815776,4096
1625724892,579933773,815784,4096
1625724892,579933773,815792,4096
1625724892,579933773,815800,4096
1625724892,579933773,815808,4096
1625724892,579933773,815816,4096
1625724892,580927834,816416,4096
1625724892,580927834,816424,4096
1625724892,580927834,816432,4096
1625724892,580928908,816440,4096
1625724892,580928908,816448,4096
1625724892,580928908,816456,4096
1625724892,580928908,816464,4096
1625724892,580928908,816472,4096
1625724892,582014216,816864,4096
1625724892,582015290,816872,4096
1625724892,582015290,816880,4096
1625724892,582015290,816888,4096
1625724892,582015290,816896,4096
1625724892,582015290,816904,4096
1625724892,582015290,816912,4096
1625724892,582015290,816920,4096
1625724892,583103819,817688,4096
1625724892,583103819,817696,4096
1625724892,583103819,817704,4096
1625724892,583103819,817712,4096
1625724892,583103819,817720,4096
1625724892,583103819,817728,4096
1625724892,583103819,817736,4096
1625724892,583103819,817744,4096
1625724892,584184833,818384,4096
1625724892,584184833,818392,4096
1625724892,584184833,818400,4096
1625724892,584184833,818408,4096
1625724892,584185907,818416,4096
1625724892,584185907,818424,4096
1625724892,584185907,818432,4096
1625724892,584185907,818440,4096
1625724892,585236863,818952,4096
1625724892,585237937,818960,4096
1625724892,585237937,818968,4096
1625724892,585237937,818976,4096
1625724892,585237937,818984,4096
1625724892,585237937,818992,4096
1625724892,585237937,819000,4096
1625724892,585237937,819008,4096
1625724892,586268497,805112,4096
1625724892,586268497,805120,4096
1625724892,586269570,805128,4096
1625724892,586269570,805136,4096
1625724892,586269570,805144,4096
1625724892,586269570,805152,4096
1625724892,586269570,805160,4096
1625724892,586269570,805168,4096
1625724892,587359173,576632,4096
1625724892,587360246,576640,4096
1625724892,587360246,576648,4096
1625724892,587360246,576656,4096
1625724892,587360246,576664,4096
1625724892,587360246,576672,4096
1625724892,587360246,576680,4096
1625724892,587360246,576688,4096
1625724892,588207238,576800,4096
1625724892,588207238,576808,4096
1625724892,588207238,576816,4096
1625724892,588208311,576824,4096
1625724892,588208311,576832,4096
1625724892,588208311,576840,4096
1625724892,588208311,576848,4096
1625724892,588208311,576856,4096
1625724892,589407411,576864,4096
1625724892,589407411,576872,4096
1625724892,589407411,576880,4096
1625724892,589407411,576888,4096
1625724892,589407411,576896,4096
1625724892,589407411,576904,4096
1625724892,589408484,576912,4096
1625724892,589408484,576920,4096
1625724892,590448706,576696,4096
1625724892,590449779,576704,4096
1625724892,590449779,576712,4096
1625724892,590449779,576720,4096
1625724892,590449779,576728,4096
1625724892,590449779,576736,4096
1625724892,590449779,576744,4096
1625724892,590449779,576752,4096
1625724892,591236655,576760,4096
1625724892,591236655,576768,4096
1625724892,591236655,576776,4096
1625724892,591236655,576784,4096
1625724892,591236655,576792,4096
1625724892,591821712,576960,4096
1625724892,591821712,576968,4096
1625724892,591822786,576976,4096
1625724892,591822786,576984,4096
1625724892,591822786,576992,4096
1625724892,591822786,577000,4096
1625724892,591822786,577008,4096
1625724892,591822786,577016,4096
1625724892,592444342,576928,4096
1625724892,592445416,576936,4096
1625724892,592445416,576944,4096
1625724892,592445416,576952,4096
1625724892,593589767,546096,4096
1625724892,593589767,546104,4096
1625724892,593589767,546112,4096
1625724892,593589767,546120,4096
1625724892,593589767,546128,4096
1625724892,593590840,546136,4096
1625724892,593590840,546144,4096
1625724892,593590840,546152,4096
1625724892,594439979,546224,4096
1625724892,594439979,546232,4096
1625724892,594441052,546240,4096
1625724892,594441052,546248,4096
1625724892,594441052,546256,4096
1625724892,594441052,546264,4096
1625724892,594441052,546272,4096
1625724892,594441052,546280,4096
1625724892,595554272,2623040,4096
1625724892,595555345,2623048,4096
1625724892,595555345,2623056,4096
1625724892,595555345,2623064,4096
1625724892,595555345,2623072,4096
1625724892,595555345,2623080,4096
1625724892,595555345,2623088,4096
1625724892,595555345,2623096,4096
1625724892,596748004,3510352,4096
1625724892,596748004,3510360,4096
1625724892,596748004,3510368,4096
1625724892,596748004,3510376,4096
1625724892,596749077,3510384,4096
1625724892,596749077,3510392,4096
1625724892,596749077,3510400,4096
1625724892,596749077,3510408,4096
1625724892,597759241,3510424,4096
1625724892,597759241,3510432,4096
1625724892,597760314,3510440,4096
1625724892,597760314,3510448,4096
1625724892,597760314,3510456,4096
1625724892,597760314,3510464,4096
1625724892,597760314,3510472,4096
1625724892,597760314,3510480,4096
1625724892,598313167,3510416,4096
1625724892,599116145,3511664,4096
1625724892,599116145,3511672,4096
1625724892,599116145,3511680,4096
1625724892,599116145,3511688,4096
1625724892,599116145,3511696,4096
1625724892,599116145,3511704,4096
1625724892,599117218,3511712,4096
1625724892,599117218,3511720,4096
1625724892,600363552,3427088,4096
1625724892,600363552,3427096,4096
1625724892,600363552,3427104,4096
1625724892,600363552,3427112,4096
1625724892,600363552,3427120,4096
1625724892,600364625,3427128,4096
1625724892,600364625,3427136,4096
1625724892,600364625,3427144,4096
1625724892,601140766,3429312,4096
1625724892,601141839,3429320,4096
1625724892,601141839,3429328,4096
1625724892,601141839,3429336,4096
1625724892,601141839,3429344,4096
1625724892,601141839,3429352,4096
1625724892,601141839,3429360,4096
1625724892,601141839,3429368,4096
1625724892,601923347,3427464,4096
1625724892,601923347,3427472,4096
1625724892,601923347,3427480,4096
1625724892,601923347,3427488,4096
1625724892,601923347,3427496,4096
1625724892,601923347,3427504,4096
1625724892,601924421,3427512,4096
1625724892,601924421,3427520,4096
1625724892,602740281,3429768,4096
1625724892,602740281,3429776,4096
1625724892,602740281,3429784,4096
1625724892,602740281,3429792,4096
1625724892,602740281,3429800,4096
1625724892,602741354,3429808,4096
1625724892,602741354,3429816,4096
1625724892,602741354,3429824,4096
1625724892,603894293,3429704,4096
1625724892,603894293,3429712,4096
1625724892,603894293,3429720,4096
1625724892,603895367,3429728,4096
1625724892,603895367,3429736,4096
1625724892,603895367,3429744,4096
1625724892,603895367,3429752,4096
1625724892,603895367,3429760,4096
1625724892,604805695,3430200,4096
1625724892,604805695,3430208,4096
1625724892,604805695,3430216,4096
1625724892,604806768,3430224,4096
1625724892,604806768,3430232,4096
1625724892,604806768,3430240,4096
1625724892,604806768,3430248,4096
1625724892,604806768,3430256,1024
1625724892,605506690,3430136,4096
1625724892,605506690,3430144,4096
1625724892,605506690,3430152,4096
1625724892,605506690,3430160,4096
1625724892,605507764,3430168,4096
1625724892,605507764,3430176,4096
1625724892,605507764,3430184,4096
1625724892,605507764,3430192,4096
1625724892,606892579,486576,4096
1625724892,606892579,486584,4096
1625724892,606893652,486592,4096
1625724892,606893652,486600,4096
1625724892,606893652,486608,4096
1625724892,606893652,486616,4096
1625724892,606893652,486624,4096
1625724892,606893652,486632,4096
1625724892,608200102,488920,4096
1625724892,608200102,488928,4096
1625724892,608201175,488936,4096
1625724892,608201175,488944,4096
1625724892,608201175,488952,4096
1625724892,608201175,488960,4096
1625724892,608201175,488968,4096
1625724892,608201175,488976,4096
1625724892,609403495,497744,4096
1625724892,609403495,497752,4096
1625724892,609403495,497760,4096
1625724892,609403495,497768,4096
1625724892,609403495,497776,4096
1625724892,609404569,497784,4096
1625724892,609404569,497792,4096
1625724892,609404569,497800,4096
1625724892,610449084,497824,4096
1625724892,610449084,497832,4096
1625724892,610449084,497840,4096
1625724892,610449084,497848,4096
1625724892,610450158,497856,4096
1625724892,610450158,497864,4096
1625724892,610450158,497872,4096
1625724892,610450158,497880,4096
1625724892,611438851,518616,4096
1625724892,611438851,518624,4096
1625724892,611438851,518632,4096
1625724892,611439925,518640,4096
1625724892,611439925,518648,4096
1625724892,611439925,518656,4096
1625724892,611439925,518664,4096
1625724892,611439925,518672,4096
1625724892,612583202,499408,4096
1625724892,612583202,499416,4096
1625724892,612583202,499424,4096
1625724892,612583202,499432,4096
1625724892,612583202,499440,4096
1625724892,612583202,499448,4096
1625724892,612584276,499456,4096
1625724892,612584276,499464,4096
1625724892,613668511,530528,4096
1625724892,613668511,530536,4096
1625724892,613668511,530544,4096
1625724892,613668511,530552,4096
1625724892,613668511,530560,4096
1625724892,613668511,530568,4096
1625724892,613669584,530576,4096
1625724892,613669584,530584,4096
1625724892,614854728,3450472,4096
1625724892,614854728,3450480,4096
1625724892,614855802,3450488,4096
1625724892,614855802,3450496,4096
1625724892,614855802,3450504,4096
1625724892,614855802,3450512,4096
1625724892,614855802,3450520,4096
1625724892,614855802,3450528,4096
1625724892,615864892,3450560,4096
1625724892,615864892,3450568,4096
1625724892,615865965,3450576,4096
1625724892,615865965,3450584,4096
1625724892,615865965,3450592,4096
1625724892,615865965,3450600,4096
1625724892,615865965,3450608,4096
1625724892,615865965,3450616,4096
1625724892,616949127,535680,4096
1625724892,616949127,535688,4096
1625724892,616950200,535696,4096
1625724892,616950200,535704,4096
1625724892,616950200,535712,4096
1625724892,616950200,535720,4096
1625724892,616950200,535728,4096
1625724892,616950200,535736,4096
1625724892,618089184,589664,4096
1625724892,618089184,589672,4096
1625724892,618089184,589680,4096
1625724892,618089184,589688,4096
1625724892,618089184,589696,4096
1625724892,618090257,589704,4096
1625724892,618090257,589712,4096
1625724892,618090257,589720,4096
1625724892,618905044,589736,4096
1625724892,618905044,589744,4096
1625724892,618906117,589752,4096
1625724892,618906117,589760,4096
1625724892,618906117,589768,4096
1625724892,618906117,589776,4096
1625724892,618906117,589784,4096
1625724892,618906117,589792,4096
1625724892,620208273,594344,4096
1625724892,620209346,594352,4096
1625724892,620209346,594360,4096
1625724892,620209346,594368,4096
1625724892,620209346,594376,4096
1625724892,620209346,594384,4096
1625724892,620209346,594392,4096
1625724892,620210420,594400,4096
1625724892,621425622,779104,4096
1625724892,621425622,779112,4096
1625724892,621426695,779120,4096
1625724892,621426695,779128,4096
1625724892,621426695,779136,4096
1625724892,621426695,779144,4096
1625724892,621426695,779152,4096
1625724892,621426695,779160,4096
1625724892,622601104,2881336,4096
1625724892,622601104,2881344,4096
1625724892,622601104,2881352,4096
1625724892,622601104,2881360,4096
1625724892,622601104,2881368,4096
1625724892,622602178,2881376,4096
1625724892,622602178,2881384,4096
1625724892,622602178,2881392,4096
1625724892,623397641,2881400,4096
1625724892,623397641,2881408,4096
1625724892,623397641,2881416,4096
1625724892,623398715,2881424,4096
1625724892,623398715,2881432,4096
1625724892,623398715,2881440,4096
1625724892,623398715,2881448,4096
1625724892,623398715,2881456,4096
1625724892,624619284,825552,4096
1625724892,624619284,825560,4096
1625724892,624619284,825568,4096
1625724892,624619284,825576,4096
1625724892,624619284,825584,4096
1625724892,624619284,825592,4096
1625724892,624620358,825600,4096
1625724892,624620358,825608,4096
1625724892,625640183,68867696,4096
1625724892,625640183,68867704,3584
1625724892,626693286,70635488,4096
1625724892,626693286,70635496,4096
1625724892,626693286,70635504,4096
1625724892,626693286,70635512,4096
1625724892,626693286,70635520,4096
1625724892,626694360,70635528,4096
1625724892,626694360,70635536,4096
1625724892,626694360,70635544,4096
1625724892,627441516,70644296,4096
1625724892,627442589,70644304,4096
1625724892,627442589,70644312,4096
1625724892,627442589,70644320,4096
1625724892,627442589,70644328,4096
1625724892,627442589,70644336,4096
1625724892,627442589,70644344,4096
1625724892,627442589,70644352,4096
1625724892,628186525,70635632,4096
1625724892,628186525,70635640,4096
1625724892,628186525,70635648,4096
1625724892,628186525,70635656,4096
1625724892,628186525,70635664,4096
1625724892,628186525,70635672,4096
1625724892,628187598,70635680,4096
1625724892,628187598,70635688,4096
1625724892,628941195,70635560,4096
1625724892,628941195,70635568,4096
1625724892,628942269,70635576,4096
1625724892,628942269,70635584,4096
1625724892,628942269,70635592,4096
1625724892,628942269,70635600,4096
1625724892,628942269,70635608,4096
1625724892,628942269,70635616,4096
1625724892,629877287,70635696,4096
1625724892,629877287,70635704,4096
1625724892,629877287,70635712,4096
1625724892,629877287,70635720,4096
1625724892,629878361,70635728,4096
1625724892,629878361,70635736,4096
1625724892,629878361,70635744,4096
1625724892,629878361,70635752,4096
1625724892,630804791,70635552,4096
1625724892,631658224,70644368,4096
1625724892,631658224,70644376,4096
1625724892,631659297,70644384,4096
1625724892,631659297,70644392,4096
1625724892,631659297,70644400,4096
1625724892,631659297,70644408,4096
1625724892,631659297,70644416,4096
1625724892,631659297,70644424,4096
1625724892,632333455,70644360,4096
1625724892,633402661,70635768,4096
1625724892,633403735,70635776,4096
1625724892,633403735,70635784,4096
1625724892,633403735,70635792,4096
1625724892,633403735,70635800,4096
1625724892,633403735,70635808,4096
1625724892,633403735,70635816,4096
1625724892,633403735,70635824,4096
1625724892,634174508,70644432,4096
1625724892,634174508,70644440,4096
1625724892,634174508,70644448,4096
1625724892,634174508,70644456,3072
1625724892,635185745,70635624,4096
1625724892,636136866,69301520,4096
1625724892,636136866,69301528,4096
1625724892,636136866,69301536,4096
1625724892,636136866,69301544,4096
1625724892,636136866,69301552,4096
1625724892,636136866,69301560,4096
1625724892,636137939,69301568,4096
1625724892,636137939,69301576,4096
1625724892,636770231,69301584,4096
1625724892,636770231,69301592,4096
1625724892,636771304,69301600,4096
1625724892,636771304,69301608,4096
1625724892,636771304,69301616,1024
1625724892,637763218,62167080,4096
1625724892,637763218,62167088,4096
1625724892,637763218,62167096,4096
1625724892,637763218,62167104,4096
1625724892,637763218,62167112,4096
1625724892,637764292,62167120,4096
1625724892,637764292,62167128,4096
1625724892,637764292,62167136,4096
1625724892,638754059,62167144,4096
1625724892,638754059,62167152,4096
1625724892,638754059,62167160,4096
1625724892,638755132,62167168,4096
1625724892,638755132,62167176,4096
1625724892,638755132,62167184,4096
1625724892,638755132,62167192,4096
1625724892,638755132,62167200,4096
1625724892,639737385,66340024,4096
1625724892,639738458,66340032,4096
1625724892,639738458,66340040,4096
1625724892,639738458,66340048,4096
1625724892,639738458,66340056,4096
1625724892,639738458,66340064,4096
1625724892,639739532,66340072,4096
1625724892,639739532,66340080,4096
1625724892,640747548,66340104,4096
1625724892,640748622,66340112,4096
1625724892,640748622,66340120,4096
1625724892,640748622,66340128,4096
1625724892,640748622,66340136,4096
1625724892,640748622,66340144,4096
1625724892,640748622,66340152,4096
1625724892,640748622,66340160,4096
1625724892,641734095,67959640,4096
1625724892,641735168,67959648,4096
1625724892,641735168,67959656,4096
1625724892,641735168,67959664,4096
1625724892,641735168,67959672,4096
1625724892,641735168,67959680,4096
1625724892,641735168,67959688,4096
1625724892,641736242,67959696,4096
1625724892,643059867,879480,4096
1625724892,643059867,879488,4096
1625724892,643059867,879496,4096
1625724892,643059867,879504,4096
1625724892,643059867,879512,4096
1625724892,643060941,879520,4096
1625724892,643060941,879528,4096
1625724892,643060941,879536,4096
1625724892,644297613,975824,4096
1625724892,644297613,975832,4096
1625724892,644297613,975840,4096
1625724892,644297613,975848,4096
1625724892,644298686,975856,4096
1625724892,644298686,975864,4096
1625724892,644298686,975872,4096
1625724892,644298686,975880,4096
1625724892,645448405,68108472,4096
1625724892,645448405,68108480,4096
1625724892,645448405,68108488,4096
1625724892,645448405,68108496,4096
1625724892,645448405,68108504,4096
1625724892,645448405,68108512,4096
1625724892,645449478,68108520,4096
1625724892,645449478,68108528,4096
1625724892,646256750,68150488,4096
1625724892,646256750,68150496,4096
1625724892,646256750,68150504,4096
1625724892,646256750,68150512,4096
1625724892,646257824,68150520,4096
1625724892,646257824,68150528,4096
1625724892,646257824,68150536,4096
1625724892,646257824,68150544,3072
1625724892,647040405,68150424,4096
1625724892,647040405,68150432,4096
1625724892,647040405,68150440,4096
1625724892,647041479,68150448,4096
1625724892,647041479,68150456,4096
1625724892,647041479,68150464,4096
1625724892,647041479,68150472,4096
1625724892,647041479,68150480,4096
1625724892,647791855,68150192,4096
1625724892,647791855,68150200,4096
1625724892,647791855,68150208,4096
1625724892,647791855,68150216,4096
1625724892,647791855,68150224,4096
1625724892,647791855,68150232,4096
1625724892,647791855,68150240,4096
1625724892,647792929,68150248,4096
1625724892,649299049,68149728,4096
1625724892,649299049,68149736,4096
1625724892,649299049,68149744,4096
1625724892,649299049,68149752,4096
1625724892,649300123,68149760,4096
1625724892,649300123,68149768,4096
1625724892,649300123,68149776,4096
1625724892,649300123,68149784,4096
1625724892,650059087,68149792,4096
1625724892,650060161,68149800,4096
1625724892,650060161,68149808,4096
1625724892,650060161,68149816,4096
1625724892,650060161,68149824,4096
1625724892,650060161,68149832,4096
1625724892,650060161,68149840,4096
1625724892,650060161,68149848,4096
1625724892,650660247,68149856,4096
1625724892,650660247,68149864,4096
1625724892,650661321,68149872,4096
1625724892,650661321,68149880,4096
1625724892,650661321,68149888,4096
1625724892,650661321,68149896,4096
1625724892,650661321,68149904,4096
1625724892,650661321,68149912,4096
1625724892,651261407,68149920,4096
1625724892,651261407,68149928,4096
1625724892,651262481,68149936,4096
1625724892,651262481,68149944,4096
1625724892,651262481,68149952,4096
1625724892,651262481,68149960,4096
1625724892,651262481,68149968,4096
1625724892,651262481,68149976,4096
1625724892,652012857,68148752,4096
1625724892,652012857,68148760,4096
1625724892,652012857,68148768,4096
1625724892,652012857,68148776,4096
1625724892,652012857,68148784,4096
1625724892,652012857,68148792,4096
1625724892,652012857,68148800,4096
1625724892,652013931,68148808,4096
1625724892,652785777,68148864,4096
1625724892,652785777,68148872,4096
1625724892,652786851,68148880,4096
1625724892,652786851,68148888,4096
1625724892,652786851,68148896,4096
1625724892,652786851,68148904,4096
1625724892,652786851,68148912,4096
1625724892,652786851,68148920,4096
1625724892,653584461,68148928,4096
1625724892,653584461,68148936,4096
1625724892,653584461,68148944,4096
1625724892,653584461,68148952,4096
1625724892,653584461,68148960,4096
1625724892,653584461,68148968,4096
1625724892,653584461,68148976,4096
1625724892,653585535,68148984,4096
1625724892,654177033,68149040,4096
1625724892,654178107,68149048,4096
1625724892,654178107,68149056,4096
1625724892,654178107,68149064,4096
1625724892,654178107,68149072,4096
1625724892,654178107,68149080,4096
1625724892,654178107,68149088,4096
1625724892,654178107,68149096,4096
1625724892,654776046,68149152,4096
1625724892,654776046,68149160,4096
1625724892,654776046,68149168,4096
1625724892,654776046,68149176,4096
1625724892,654776046,68149184,4096
1625724892,654776046,68149192,4096
1625724892,654776046,68149200,4096
1625724892,654776046,68149208,4096
1625724892,655369692,68149272,4096
1625724892,655370765,68149280,4096
1625724892,655370765,68149288,4096
1625724892,655370765,68149296,4096
1625724892,655370765,68149304,4096
1625724892,655370765,68149312,4096
1625724892,655370765,68149320,4096
1625724892,655370765,68149328,4096
1625724892,655968705,68149368,4096
1625724892,655968705,68149376,4096
1625724892,655968705,68149384,4096
1625724892,655968705,68149392,4096
1625724892,655968705,68149400,4096
1625724892,655968705,68149408,4096
1625724892,655968705,68149416,4096
1625724892,655969778,68149424,4096
1625724892,656809255,68108632,4096
1625724892,656810329,68108640,4096
1625724892,656810329,68108648,4096
1625724892,656810329,68108656,4096
1625724892,656810329,68108664,4096
1625724892,656810329,68108672,4096
1625724892,656810329,68108680,4096
1625724892,656810329,68108688,4096
1625724892,657543529,68108568,4096
1625724892,657543529,68108576,4096
1625724892,657543529,68108584,4096
1625724892,657544603,68108592,4096
1625724892,657544603,68108600,4096
1625724892,657544603,68108608,4096
1625724892,657544603,68108616,4096
1625724892,657544603,68108624,4096
1625724892,658755511,68896888,4096
1625724892,658756584,68896896,4096
1625724892,658756584,68896904,4096
1625724892,658756584,68896912,4096
1625724892,658756584,68896920,4096
1625724892,658756584,68896928,4096
1625724892,658756584,68896936,4096
1625724892,658756584,68896944,4096
1625724892,659873024,68896984,4096
1625724892,659873024,68896992,4096
1625724892,659874098,68897000,4096
1625724892,659874098,68897008,4096
1625724892,659874098,68897016,4096
1625724892,659874098,68897024,4096
1625724892,659874098,68897032,4096
1625724892,659874098,68897040,4096
1625724892,660831660,66460472,4096
1625724892,660831660,66460480,4096
1625724892,660831660,66460488,4096
1625724892,660832733,66460496,4096
1625724892,660832733,66460504,4096
1625724892,660832733,66460512,4096
1625724892,660832733,66460520,4096
1625724892,660832733,66460528,4096
1625724892,662089802,66013960,4096
1625724892,662090875,66013968,4096
1625724892,662090875,66013976,4096
1625724892,662090875,66013984,4096
1625724892,662090875,66013992,4096
1625724892,662090875,66014000,4096
1625724892,662090875,66014008,4096
1625724892,662090875,66014016,4096
1625724892,662919617,66055504,4096
1625724892,662920691,66055512,4096
1625724892,662920691,66055520,4096
1625724892,662920691,66055528,4096
1625724892,662920691,66055536,4096
1625724892,662920691,66055544,4096
1625724892,662920691,66055552,4096
1625724892,662920691,66055560,3584
1625724892,663700052,66055440,4096
1625724892,663700052,66055448,4096
1625724892,663700052,66055456,4096
1625724892,663701125,66055464,4096
1625724892,663701125,66055472,4096
1625724892,663701125,66055480,4096
1625724892,663701125,66055488,4096
1625724892,663701125,66055496,4096
1625724892,664581395,66055216,4096
1625724892,664581395,66055224,4096
1625724892,664581395,66055232,4096
1625724892,664581395,66055240,4096
1625724892,664581395,66055248,4096
1625724892,664581395,66055256,4096
1625724892,664581395,66055264,4096
1625724892,664582469,66055272,4096
1625724892,665926491,66054752,4096
1625724892,665926491,66054760,4096
1625724892,665926491,66054768,4096
1625724892,665926491,66054776,4096
1625724892,665926491,66054784,4096
1625724892,665926491,66054792,4096
1625724892,665927564,66054800,4096
1625724892,665927564,66054808,4096
1625724892,666659691,66054816,4096
1625724892,666659691,66054824,4096
1625724892,666659691,66054832,4096
1625724892,666659691,66054840,4096
1625724892,666659691,66054848,4096
1625724892,666660765,66054856,4096
1625724892,666660765,66054864,4096
1625724892,666660765,66054872,4096
1625724892,667239381,66054880,4096
1625724892,667239381,66054888,4096
1625724892,667239381,66054896,4096
1625724892,667240455,66054904,4096
1625724892,667240455,66054912,4096
1625724892,667822292,66054920,4096
1625724892,667822292,66054928,4096
1625724892,667822292,66054936,4096
1625724892,667822292,66054944,4096
1625724892,667822292,66054952,4096
1625724892,667822292,66054960,4096
1625724892,667822292,66054968,4096
1625724892,667823365,66054976,4096
1625724892,668647813,66053776,4096
1625724892,668647813,66053784,4096
1625724892,668647813,66053792,4096
1625724892,668647813,66053800,4096
1625724892,668647813,66053808,4096
1625724892,668647813,66053816,4096
1625724892,668647813,66053824,4096
1625724892,668648887,66053832,4096
1625724892,669499099,66053888,4096
1625724892,669500172,66053896,4096
1625724892,669500172,66053904,4096
1625724892,669500172,66053912,4096
1625724892,669500172,66053920,4096
1625724892,669500172,66053928,4096
1625724892,669500172,66053936,4096
1625724892,669500172,66053944,4096
1625724892,670337502,66054008,4096
1625724892,670338576,66054016,4096
1625724892,670338576,66054024,4096
1625724892,670338576,66054032,4096
1625724892,670338576,66054040,4096
1625724892,670338576,66054048,4096
1625724892,670338576,66054056,4096
1625724892,670338576,66054064,4096
1625724892,671149068,66054120,4096
1625724892,671149068,66054128,4096
1625724892,671150142,66054136,4096
1625724892,671150142,66054144,4096
1625724892,671150142,66054152,4096
1625724892,671150142,66054160,4096
1625724892,671150142,66054168,4096
1625724892,671150142,66054176,4096
1625724892,671944532,66054232,4096
1625724892,671945605,66054240,4096
1625724892,671945605,66054248,4096
1625724892,671945605,66054256,4096
1625724892,671945605,66054264,4096
1625724892,671945605,66054272,4096
1625724892,671945605,66054280,4096
1625724892,671945605,66054288,4096
1625724892,672730334,66054352,4096
1625724892,672730334,66054360,4096
1625724892,672730334,66054368,4096
1625724892,672730334,66054376,4096
1625724892,672730334,66054384,4096
1625724892,672731407,66054392,4096
1625724892,672731407,66054400,4096
1625724892,672731407,66054408,4096
1625724892,673488225,66014120,4096
1625724892,673488225,66014128,4096
1625724892,673489298,66014136,4096
1625724892,673489298,66014144,4096
1625724892,673489298,66014152,4096
1625724892,673489298,66014160,4096
1625724892,673489298,66014168,4096
1625724892,673489298,66014176,4096
1625724892,674240748,66014056,4096
1625724892,674240748,66014064,4096
1625724892,674240748,66014072,4096
1625724892,674241822,66014080,4096
1625724892,674241822,66014088,4096
1625724892,674241822,66014096,4096
1625724892,674241822,66014104,4096
1625724892,674241822,66014112,4096
1625724892,675087740,66054464,4096
1625724892,675087740,66054472,4096
1625724892,675087740,66054480,4096
1625724892,675088813,66054488,4096
1625724892,675088813,66054496,4096
1625724892,675088813,66054504,4096
1625724892,675088813,66054512,4096
1625724892,675088813,66054520,4096
1625724892,676219209,65470904,4096
1625724892,676219209,65470912,4096
1625724892,676220282,65470920,4096
1625724892,676220282,65470928,4096
1625724892,676220282,65470936,4096
1625724892,676220282,65470944,4096
1625724892,676220282,65470952,4096
1625724892,676220282,65470960,4096
1625724892,677301297,61428352,4096
1625724892,677302370,61428360,4096
1625724892,677302370,61428368,4096
1625724892,677302370,61428376,4096
1625724892,677302370,61428384,4096
1625724892,677302370,61428392,4096
1625724892,677302370,61428400,4096
1625724892,677302370,61428408,4096
1625724892,678380164,64465224,4096
1625724892,678380164,64465232,4096
1625724892,678380164,64465240,4096
1625724892,678381238,64465248,4096
1625724892,678381238,64465256,4096
1625724892,678381238,64465264,4096
1625724892,678381238,64465272,4096
1625724892,678381238,64465280,4096
1625724892,679537397,67960056,4096
1625724892,679538471,67960064,4096
1625724892,679538471,67960072,4096
1625724892,679538471,67960080,4096
1625724892,679538471,67960088,4096
1625724892,679538471,67960096,4096
1625724892,679538471,67960104,4096
1625724892,679539544,67960112,4096
1625724892,680677454,67187552,4096
1625724892,680677454,67187560,4096
1625724892,680677454,67187568,4096
1625724892,680677454,67187576,4096
1625724892,680677454,67187584,4096
1625724892,680678528,67187592,4096
1625724892,680678528,67187600,4096
1625724892,680678528,67187608,4096
1625724892,681877627,61907864,4096
1625724892,681878701,61907872,4096
1625724892,681878701,61907880,4096
1625724892,681878701,61907888,4096
1625724892,681878701,61907896,4096
1625724892,681878701,61907904,4096
1625724892,681878701,61907912,4096
1625724892,681878701,61907920,4096
1625724892,682694561,61907928,4096
1625724892,682694561,61907936,4096
1625724892,682694561,61907944,4096
1625724892,682694561,61907952,4096
1625724892,682694561,61907960,4096
1625724892,682694561,61907968,1536
1625724892,683637094,69506416,4096
1625724892,683637094,69506424,4096
1625724892,683637094,69506432,4096
1625724892,683638167,69506440,4096
1625724892,683638167,69506448,4096
1625724892,683638167,69506456,4096
1625724892,683638167,69506464,4096
1625724892,683638167,69506472,4096
1625724892,684574259,69506480,4096
1625724892,684575333,69506488,4096
1625724892,684575333,69506496,4096
1625724892,684575333,69506504,4096
1625724892,684575333,69506512,4096
1625724892,684575333,69506520,4096
1625724892,684575333,69506528,4096
1625724892,684575333,69506536,4096
1625724892,685582276,67947104,4096
1625724892,685582276,67947112,4096
1625724892,685582276,67947120,4096
1625724892,685582276,67947128,4096
1625724892,685582276,67947136,4096
1625724892,685582276,67947144,4096
1625724892,685583349,67947152,4096
1625724892,685583349,67947160,4096
1625724892,686591366,571402,4096
1625724892,686591366,571410,4096
1625724892,686592439,571418,4096
1625724892,686592439,571426,4096
1625724892,686592439,571434,4096
1625724892,686592439,571442,4096
1625724892,686592439,571450,4096
1625724892,686592439,571458,4096
1625724892,687668086,63731709,4096
1625724892,687668086,63731717,4096
1625724892,687669160,63731725,4096
1625724892,687669160,63731733,4096
1625724892,688374449,63739571,4096
1625724892,688374449,63739579,4096
1625724892,688374449,63739587,4096
1625724892,688374449,63739595,4096
1625724892,689077592,63740155,4096
1625724892,689077592,63740163,4096
1625724892,689077592,63740171,4096
1625724892,689077592,63740179,4096
1625724892,689748529,63740211,4096
1625724892,689748529,63740219,4096
1625724892,689748529,63740227,4096
1625724892,689748529,63740235,4096
1625724892,690483877,63739995,4096
1625724892,690483877,63740003,4096
1625724892,690483877,63740011,4096
1625724892,690483877,63740019,4096
1625724892,691222445,63734133,4096
1625724892,691222445,63734141,4096
1625724892,691222445,63734149,4096
1625724892,691222445,63734157,4096
1625724892,691888015,63740851,4096
1625724892,691888015,63740859,4096
1625724892,691888015,63740867,4096
1625724892,691888015,63740875,4096
1625724892,692495616,63740827,4096
1625724892,692496689,63740835,4096
1625724892,692496689,63740843,4096
1625724892,693178362,63734733,4096
1625724892,693178362,63734741,4096
1625724892,693178362,63734749,4096
1625724892,693178362,63734757,4096
1625724892,693906195,63739779,4096
1625724892,693907268,63739787,4096
1625724892,693907268,63739795,4096
1625724892,693907268,63739803,4096
1625724892,694464415,63739763,4096
1625724892,694464415,63739771,4096
1625724892,695162190,63733973,4096
1625724892,695162190,63733981,4096
1625724892,695163263,63733989,4096
1625724892,695894317,63734309,4096
1625724892,695895390,63734317,4096
1625724892,695895390,63734325,4096
1625724892,695895390,63734333,4096
1625724892,696500844,63740883,4096
1625724892,696500844,63740891,4096
1625724892,697225457,63734541,4096
1625724892,697225457,63734549,4096
1625724892,697226530,63734557,4096
1625724892,697226530,63734565,4096
1625724892,699797563,6766824,4096
1625724892,700457765,28364368,4096
1625724892,701121188,61227026,4096
1625724892,701121188,61227034,2048
1625724892,701728789,61227023,1536
1625724892,702499562,6766832,4096
1625724892,703175867,44501248,4096
1625724892,703761998,9551861,4096
1625724892,703763072,9551869,1024
1625724892,704451185,10518052,4096
1625724892,704451185,10518060,4096
1625724892,704452259,10518068,4096
1625724892,704452259,10518076,4096
1625724892,706018495,10557178,4096
1625724892,706018495,10557186,4096
1625724892,706018495,10557194,4096
1625724892,706018495,10557202,4096
1625724892,706018495,10557210,3072
1625724892,706019569,10517984,4096
1625724892,706019569,10517992,4096
1625724892,706020642,10518000,2048
1625724892,706571348,44501250,3072
1625724892,706838649,44519376,4096
1625724892,706838649,44519384,4096
1625724892,706838649,44519392,4096
1625724892,706838649,44519400,4096
1625724892,706839723,44519408,4096
1625724892,706839723,44519416,4096
1625724892,706839723,44519424,4096
1625724892,706991086,60509440,1024
1625724892,707524616,10518004,4096
1625724892,707524616,10518012,4096
1625724892,707524616,10518020,4096
1625724892,708210582,28151282,4096
1625724892,708210582,28151290,4096
1625724892,708210582,28151298,4096
1625724892,708210582,28151306,4096
1625724892,708210582,28151314,4096
1625724892,708211656,28151322,3072
1625724892,708212729,27811552,4096
1625724892,708212729,27811560,4096
1625724892,708212729,27811568,1024
1625724892,708928754,12895210,4096
1625724892,708928754,12895218,4096
1625724892,708928754,12895226,3072
1625724892,708992090,10557088,4096
1625724892,708993164,10557096,4096
1625724892,708993164,10557104,4096
1625724892,708993164,10557112,4096
1625724892,708993164,10557120,4096
1625724892,708993164,10557128,1024
1625724892,709833714,28265578,4096
1625724892,709833714,28265586,4096
1625724892,709833714,28265594,4096
1625724892,709833714,28265602,4096
1625724892,709833714,28265610,4096
1625724892,709833714,28265618,4096
1625724892,709834788,28265626,4096
1625724892,709834788,28265634,4096
1625724892,710418772,28265642,3072
1625724892,711030667,28151200,4096
1625724892,711031740,28151208,4096
1625724892,711031740,28151216,4096
1625724892,711031740,28151224,4096
1625724892,711031740,28151232,4096
1625724892,711031740,28151240,4096
1625724892,711031740,28151248,4096
1625724892,711031740,28151256,1024
1625724892,711828277,12895146,4096
1625724892,711828277,12895154,4096
1625724892,711828277,12895162,4096
1625724892,711828277,12895170,4096
1625724892,711828277,12895178,4096
1625724892,711829351,12895186,4096
1625724892,711829351,12895194,4096
1625724892,711829351,12895202,4096
1625724892,712736458,27811674,3072
1625724892,713067096,15236064,4096
1625724892,713067096,15236072,4096
1625724892,713068170,15236080,4096
1625724892,713068170,15236088,4096
1625724892,713068170,15236096,4096
1625724892,713068170,15236104,4096
1625724892,713068170,15236112,4096
1625724892,713068170,15236120,1024
1625724892,713878662,27811610,4096
1625724892,713879736,27811618,4096
1625724892,713879736,27811626,4096
1625724892,713879736,27811634,4096
1625724892,713879736,27811642,4096
1625724892,713879736,27811650,4096
1625724892,713879736,27811658,4096
1625724892,713879736,27811666,4096
1625724892,714536718,28265520,1024
1625724892,714539938,60509442,4096
1625724892,714539938,60509450,4096
1625724892,714539938,60509458,4096
1625724892,714539938,60509466,4096
1625724892,714539938,60509474,4096
1625724892,714539938,60509482,4096
1625724892,714539938,60509490,4096
1625724892,714539938,60509498,3072
1625724892,715512529,7093568,4096
1625724892,715512529,7093576,4096
1625724892,715512529,7093584,4096
1625724892,715512529,7093592,4096
1625724892,715513603,7093600,4096
1625724892,715513603,7093608,4096
1625724892,715513603,7093616,4096
1625724892,715513603,7093624,4096
1625724892,716251097,7093632,4096
1625724892,716251097,7093640,4096
1625724892,716251097,7093648,4096
1625724892,716251097,7093656,4096
1625724892,716251097,7093664,4096
1625724892,716251097,7093672,4096
1625724892,716251097,7093680,1024
1625724892,716865139,6826000,4096
1625724892,717550032,6820808,4096
1625724892,718687942,67327552,4096
1625724892,719238648,62702810,3072
1625724892,719965407,62192523,4096
1625724892,719965407,62192531,4096
1625724892,719965407,62192539,4096
1625724892,719965407,62192547,4096
1625724892,720825281,62702779,4096
1625724892,720825281,62702787,4096
1625724892,720825281,62702795,4096
1625724892,720826354,62702803,3584
1625724892,721794651,12850664,4096
1625724892,722365753,12853912,4096
1625724892,724509533,62192442,4096
1625724892,724509533,62192450,4096
1625724892,724509533,62192458,4096
1625724892,724509533,62192466,4096
1625724892,724509533,62192474,4096
1625724892,724510606,62192482,4096
1625724892,724510606,62192490,4096
1625724892,724510606,62192498,2560
1625724892,725061312,67327554,3072
1625724892,725225557,69944200,4096
1625724892,725225557,69944208,4096
1625724892,725225557,69944216,4096
1625724892,725879319,62022296,4096
1625724892,725879319,62022304,4096
1625724892,725879319,62022312,4096
1625724892,725879319,62022320,4096
1625724892,725880392,62323160,1024
1625724892,726640430,62323170,4096
1625724892,726640430,62323178,4096
1625724892,726640430,62323186,4096
1625724892,726640430,62323194,4096
1625724892,726641504,62323202,4096
1625724892,726641504,62323210,4096
1625724892,726641504,62323218,3072
1625724892,726642577,62192432,4096
1625724892,726642577,62192440,1024
1625724892,727308147,62192503,4096
1625724892,727309221,62192511,2560
1625724892,728147624,62323162,4096
1625724892,728936647,27811570,4096
1625724892,728937720,27811578,4096
1625724892,728937720,27811586,4096
1625724892,728937720,27811594,4096
1625724892,728937720,27811602,4096
1625724892,735773768,63740243,4096
1625724892,735773768,63740251,4096
1625724892,736479058,1412480,4096
1625724892,736479058,1412488,4096
1625724892,736479058,1412496,4096
1625724892,736479058,1412504,4096
1625724892,737222993,1412448,4096
1625724892,737224067,1412456,4096
1625724892,737224067,1412464,4096
1625724892,737224067,1412472,4096
1625724892,737786581,1412432,4096
1625724892,737786581,1412440,4096
1625724892,738500458,1412365,4096
1625724892,738500458,1412373,4096
1625724892,738500458,1412381,4096
1625724892,738500458,1412389,4096
1625724892,739844480,57196170,4096
1625724892,739844480,57196178,4096
1625724892,739844480,57196186,4096
1625724892,739844480,57196194,4096
1625724892,739845554,57196202,4096
1625724892,739845554,57196210,4096
1625724892,739845554,57196218,3072
1625724892,739846627,61226920,4096
1625724892,739846627,61226928,1024
1625724892,740365128,28364370,3072
1625724892,740627062,44517880,4096
1625724892,740627062,44517888,4096
1625724892,740627062,44517896,4096
1625724892,740628135,44517904,4096
1625724892,740628135,44517912,4096
1625724892,740628135,44517920,4096
1625724892,740628135,44517928,4096
1625724892,741121945,44493056,1024
1625724892,741724179,45713682,4096
1625724892,741725252,45713690,3072
1625724892,741878763,45717664,4096
1625724892,741878763,45717672,4096
1625724892,741879836,45717680,4096
1625724892,741879836,45717688,4096
1625724892,741879836,45717696,4096
1625724892,741879836,45717704,4096
1625724892,741879836,45717712,1024
1625724892,742721460,61226930,4096
1625724892,742721460,61226938,4096
1625724892,742721460,61226946,4096
1625724892,742721460,61226954,4096
1625724892,743426750,45713618,4096
1625724892,743426750,45713626,4096
1625724892,743427823,45713634,4096
1625724892,743427823,45713642,4096
1625724892,743427823,45713650,4096
1625724892,743427823,45713658,4096
1625724892,743427823,45713666,4096
1625724892,743427823,45713674,4096
1625724892,744089099,50770922,4096
1625724892,744089099,50770930,4096
1625724892,744089099,50770938,3072
1625724892,744163171,57196096,4096
1625724892,744163171,57196104,4096
1625724892,744163171,57196112,4096
1625724892,744163171,57196120,4096
1625724892,744163171,57196128,4096
1625724892,744163171,57196136,1024
1625724892,744953267,44488666,4096
1625724892,744953267,44488674,4096
1625724892,744953267,44488682,4096
1625724892,744953267,44488690,4096
1625724892,744953267,44488698,4096
1625724892,744953267,44488706,4096
1625724892,744953267,44488714,4096
1625724892,744953267,44488722,4096
1625724892,748319763,44487890,4096
1625724892,748320836,44487898,4096
1625724892,748320836,44487906,4096
1625724892,748320836,44487914,4096
1625724892,748320836,44487922,4096
1625724892,748320836,44487930,4096
1625724892,748320836,44487938,4096
1625724892,748321910,44487946,4096
1625724892,749014317,44523642,4096
1625724892,749014317,44523650,4096
1625724892,749014317,44523658,3072
1625724892,749076580,44765848,4096
1625724892,749076580,44765856,4096
1625724892,749077654,44765864,4096
1625724892,749077654,44765872,4096
1625724892,749077654,44765880,4096
1625724892,749077654,44765888,1024
1625724892,755607754,50770826,4096
1625724892,755607754,50770834,4096
1625724892,755607754,50770842,4096
1625724892,755608828,50770850,4096
1625724892,755608828,50770858,4096
1625724892,755608828,50770866,4096
1625724892,755608828,50770874,4096
1625724892,755608828,50770882,4096
1625724892,756401071,44523562,4096
1625724892,756401071,44523570,4096
1625724892,756401071,44523578,4096
1625724892,756401071,44523586,4096
1625724892,756402144,44523594,4096
1625724892,756402144,44523602,4096
1625724892,756402144,44523610,4096
1625724892,756402144,44523618,4096
1625724892,756994716,44868002,4096
1625724892,756994716,44868010,3072
1625724892,757125683,45713568,4096
1625724892,757125683,45713576,4096
1625724892,757125683,45713584,4096
1625724892,757125683,45713592,4096
1625724892,757125683,45713600,4096
1625724892,757125683,45713608,4096
1625724892,757126757,45713616,1024
1625724892,757920073,44523626,4096
1625724892,757920073,44523634,4096
1625724892,758592084,61940568,4096
1625724892,759104144,61940764,512
1625724892,759669878,61940762,1024
1625724892,760342963,61940690,4096
1625724892,760342963,61940698,4096
1625724892,760342963,61940706,4096
1625724892,760342963,61940714,4096
1625724892,760342963,61940722,4096
1625724892,760342963,61940730,4096
1625724892,760342963,61940738,4096
1625724892,760342963,61940746,3584
1625724892,761074016,61940570,4096
1625724892,761074016,61940578,4096
1625724892,761074016,61940586,4096
1625724892,761075090,61940594,4096
1625724892,761075090,61940602,4096
1625724892,761075090,61940610,4096
1625724892,761075090,61940618,4096
1625724892,761075090,61940626,4096
1625724892,761604325,61940753,2560
1625724892,763318705,44493074,4096
1625724892,763318705,44493082,4096
1625724892,763318705,44493090,4096
1625724892,763318705,44493098,4096
1625724892,763318705,44493106,4096
1625724892,763319778,44493114,3072
1625724892,763320852,44488648,4096
1625724892,763320852,44488656,4096
1625724892,763320852,44488664,1024
1625724892,767346477,44488730,4096
1625724892,767346477,44488738,4096
1625724892,767346477,44488746,4096
1625724892,767346477,44488754,4096
1625724892,767347550,44488762,4096
1625724892,767347550,44488770,3072
1625724892,767348624,44487880,4096
1625724892,767348624,44487888,1024
1625724892,778117976,729048,4096
1625724892,778117976,729056,4096
1625724892,778117976,729064,4096
1625724892,778117976,729072,4096
1625724892,778119049,729080,4096
1625724892,778119049,729088,4096
1625724892,778119049,729096,4096
1625724892,778119049,729104,4096
1625724892,778977849,729120,4096
1625724892,778977849,729128,4096
1625724892,778977849,729136,4096
1625724892,778977849,729144,4096
1625724892,778977849,729152,4096
1625724892,778977849,729160,4096
1625724892,778977849,729168,4096
1625724892,778978923,729176,4096
1625724892,779801224,729200,4096
1625724892,779802297,729208,4096
1625724892,779802297,729216,4096
1625724892,779802297,729224,4096
1625724892,779802297,729232,4096
1625724892,779802297,729240,4096
1625724892,779802297,729248,4096
1625724892,779802297,729256,4096
1625724892,780591320,729272,4096
1625724892,780591320,729280,4096
1625724892,780591320,729288,4096
1625724892,780591320,729296,4096
1625724892,780591320,729304,4096
1625724892,780591320,729312,4096
1625724892,780592393,729320,4096
1625724892,780592393,729328,4096
1625724892,781432944,729344,4096
1625724892,781432944,729352,4096
1625724892,781432944,729360,4096
1625724892,781432944,729368,4096
1625724892,781432944,729376,4096
1625724892,781434017,729384,4096
1625724892,781434017,729392,4096
1625724892,781434017,729400,4096
1625724892,782256318,729424,4096
1625724892,782256318,729432,4096
1625724892,782256318,729440,4096
1625724892,782256318,729448,4096
1625724892,782256318,729456,4096
1625724892,782256318,729464,4096
1625724892,782257392,729472,4096
1625724892,782257392,729480,4096
1625724892,783095795,729496,4096
1625724892,783095795,729504,4096
1625724892,783095795,729512,4096
1625724892,783096869,729520,4096
1625724892,783096869,729528,4096
1625724892,783096869,729536,4096
1625724892,783096869,729544,4096
1625724892,783096869,729552,4096
1625724892,795380929,68149440,4096
1625724892,795382003,68149448,4096
1625724892,795382003,68149456,4096
1625724892,795382003,68149464,4096
1625724892,795382003,68149472,4096
1625724892,795382003,68149480,4096
1625724892,795382003,68149488,4096
1625724892,795382003,68149496,4096
1625724892,796186054,68149560,4096
1625724892,796186054,68149568,4096
1625724892,796186054,68149576,4096
1625724892,796187128,68149584,4096
1625724892,796187128,68149592,4096
1625724892,796187128,68149600,4096
1625724892,796187128,68149608,4096
1625724892,796187128,68149616,4096
1625724892,796941798,68149664,4096
1625724892,796941798,68149672,4096
1625724892,796941798,68149680,4096
1625724892,796941798,68149688,4096
1625724892,796941798,68149696,4096
1625724892,796941798,68149704,4096
1625724892,796941798,68149712,4096
1625724892,796942872,68149720,4096
1625724892,798022813,66054576,4096
1625724892,798022813,66054584,4096
1625724892,798023886,66054592,4096
1625724892,798023886,66054600,4096
1625724892,798023886,66054608,4096
1625724892,798023886,66054616,4096
1625724892,798023886,66054624,4096
1625724892,798023886,66054632,4096
1625724892,798768895,66054688,4096
1625724892,798768895,66054696,4096
1625724892,798769969,66054704,4096
1625724892,798769969,66054712,4096
1625724892,798769969,66054720,4096
1625724892,798769969,66054728,4096
1625724892,798769969,66054736,4096
1625724892,798769969,66054744,4096
1625724892,799477405,66014024,4096
1625724892,799477405,66014032,4096
1625724892,799477405,66014040,4096
1625724892,799477405,66014048,4096
1625724892,801605082,44487970,4096
1625724892,801605082,44487978,4096
1625724892,801605082,44487986,4096
1625724892,801605082,44487994,4096
1625724892,801605082,44488002,3072
1625724892,801634067,44523536,4096
1625724892,801635140,44523544,4096
1625724892,801635140,44523552,4096
1625724892,801635140,44523560,1024
1625724892,802456368,44765890,4096
1625724892,802457441,44765898,4096
1625724892,802457441,44765906,4096
1625724892,802457441,44765914,4096
1625724892,802457441,44765922,4096
1625724892,802457441,44765930,4096
1625724892,802457441,44765938,4096
1625724892,802457441,44765946,4096
1625724892,879840689,3311672,4096
1625724892,879840689,3311680,4096
1625724892,879840689,3311688,4096
1625724892,879841762,3311696,4096
1625724892,880571742,3311704,4096
1625724892,880571742,3311712,4096
1625724892,880571742,3311720,4096
1625724892,880571742,3311728,4096
1625724892,880571742,3311736,4096
1625724892,990197562,6809112,4096
1625724893,1043885158,2813544,4096
1625724893,1043885158,2813552,4096
1625724893,1043885158,2813560,4096
1625724893,1043885158,2813568,4096
1625724893,1044434790,2813576,4096
1625724893,1044434790,2813584,512
1625724893,1071594340,63731653,4096
1625724893,1071595413,63731661,4096
1625724893,1072326467,63722274,4096
1625724893,1072326467,63722282,4096
1625724893,1072326467,63722290,4096
1625724893,1072326467,63722298,4096
1625724893,1072327540,63722306,4096
1625724893,1072327540,63722314,4096
1625724893,1072327540,63722322,4096
1625724893,1072327540,63722330,4096
1625724893,1073149841,63698026,4096
1625724893,1073149841,63698034,4096
1625724893,1073149841,63698042,4096
1625724893,1073149841,63698050,4096
1625724893,1073149841,63698058,4096
1625724893,1073149841,63698066,4096
1625724893,1073149841,63698074,4096
1625724893,1073149841,63698082,4096
1625724893,212567831,6038328,2048
1625724893,221487543,63684210,4096
1625724893,221487543,63684218,4096
1625724893,221488616,63684226,4096
1625724893,221488616,63684234,4096
1625724893,221488616,63684242,4096
1625724893,221488616,63684250,4096
1625724893,221488616,63684258,4096
1625724893,221488616,63684266,4096
1625724893,223681777,832032,4096
1625724893,225071959,839640,4096
1625724893,225073033,839648,4096
1625724893,225073033,839656,4096
1625724893,225073033,839664,4096
1625724893,225073033,839672,4096
1625724893,225073033,839680,4096
1625724893,225073033,839688,4096
1625724893,225074106,839696,4096
1625724893,277315984,13573408,4096
1625724893,277317057,13573416,4096
1625724893,277317057,13573424,4096
1625724893,277317057,13573432,4096
1625724893,277317057,13573440,4096
1625724893,277317057,13573448,4096
1625724893,277317057,13573456,4096
1625724893,277318131,13573464,4096
1625724893,277318131,13573472,4096
1625724893,277318131,13573480,4096
1625724893,277318131,13573488,4096
1625724893,277318131,13573496,4096
1625724893,277319204,6809136,4096
1625724893,277503846,13573504,4096
1625724893,277503846,13573512,4096
1625724893,277503846,13573520,4096
1625724893,277503846,13573528,4096
1625724893,277503846,13573536,4096
1625724893,277503846,13573544,4096
1625724893,277503846,13573552,4096
1625724893,277503846,13573560,4096
1625724893,277504920,13573568,4096
1625724893,277504920,13573576,4096
1625724893,277504920,13573584,4096
1625724893,277504920,13573592,4096
1625724893,279183874,2326592,4096
1625724893,279184947,2326600,4096
1625724893,279184947,2326608,4096
1625724893,279184947,2326616,4096
1625724893,279277268,2502976,4096
1625724893,279277268,2502984,4096
1625724893,279277268,2502992,4096
1625724893,279277268,2503000,4096
1625724893,280877857,62286368,4096
1625724893,280877857,62286376,4096
1625724893,280877857,62286384,4096
1625724893,280877857,62286392,4096
1625724893,280877857,62286400,4096
1625724893,280878930,62286408,4096
1625724893,280878930,62286416,4096
1625724893,280878930,62286424,4096
1625724893,281543427,13573664,4096
1625724893,281543427,13573672,4096
1625724893,281543427,13573680,4096
1625724893,281543427,13573688,4096
1625724893,281543427,13573696,4096
1625724893,281544500,13573704,4096
1625724893,281544500,13573712,4096
1625724893,281544500,13573720,4096
1625724893,281544500,13573728,4096
1625724893,281544500,13573736,4096
1625724893,281765641,13573744,4096
1625724893,281765641,13573752,4096
1625724893,281765641,13573760,4096
1625724893,281765641,13573768,4096
1625724893,281766715,13573776,4096
1625724893,281766715,13573784,4096
1625724893,281766715,13573792,4096
1625724893,281766715,13573800,4096
1625724893,281766715,13573808,4096
1625724893,281766715,13573816,4096
1625724893,291223176,48935912,4096
1625724893,297101662,1245656,4096
1625724893,297101662,1245664,512
1625724893,297578296,28371232,4096
1625724893,297578296,28371240,4096
1625724893,297578296,28371248,4096
1625724893,297578296,28371256,4096
1625724893,298160133,28301696,4096
1625724893,298160133,28301704,4096
1625724893,298160133,28301712,4096
1625724893,298160133,28301720,4096
1625724893,298160133,28301728,4096
1625724893,298160133,28301736,4096
1625724893,298160133,28301744,4096
1625724893,298160133,28301752,4096
1625724893,298161207,28301760,4096
1625724893,298161207,28301768,4096
1625724893,298161207,28301776,4096
1625724893,298161207,28301784,4096
1625724893,298161207,28301792,4096
1625724893,298161207,28301800,4096
1625724893,298161207,28301808,4096
1625724893,298161207,28301816,4096
1625724893,306179178,62933472,4096
1625724893,306180252,62933480,4096
1625724893,306180252,62933488,4096
1625724893,306180252,62933496,4096
1625724893,306180252,62933504,4096
1625724893,306180252,62933512,4096
1625724893,306180252,62933520,4096
1625724893,306181325,62933528,4096
1625724893,306181325,62933536,4096
1625724893,306181325,62933544,4096
1625724893,306181325,62933552,4096
1625724893,306181325,62933560,4096
1625724893,306181325,62933568,4096
1625724893,306181325,62933576,4096
1625724893,306181325,62933584,4096
1625724893,306182399,62933592,4096
1625724893,389391531,45321056,512
1625724893,400728764,6809160,4096
1625724893,413255436,6052760,3584
1625724893,491925810,3363360,4096
1625724893,491926883,3363368,4096
1625724893,491926883,3363376,4096
1625724893,491926883,3363384,4096
1625724893,492469001,3363392,4096
1625724893,492469001,3363400,4096
1625724893,492470074,3363408,4096
1625724893,492470074,3363416,4096
1625724893,492470074,3363424,3584
1625724893,705920520,9425808,4096
1625724893,705920520,9425816,4096
1625724893,705920520,9425824,4096
1625724893,705920520,9425832,4096
1625724893,706605413,9425840,4096
1625724893,706606487,9425848,4096
1625724893,706606487,9425856,4096
1625724893,706606487,9425864,4096
1625724893,706606487,9425872,3584
1625724893,886599158,48935920,4096
1625724893,887324844,1258696,4096
1625724893,887324844,1258704,1536
1625724894,157659093,6052952,2560
1625724894,221954229,48935928,4096
1625724894,222821617,1061144,4096
1625724894,222822690,1061152,4096
1625724894,222822690,1061160,3584
1625724894,23373905,63716186,4096
1625724894,23374978,63716194,4096
1625724894,23374978,63716202,4096
1625724894,23374978,63716210,4096
1625724894,23374978,63716218,4096
1625724894,23374978,63716226,4096
1625724894,23374978,63716234,4096
1625724894,23374978,63716242,4096
1625724894,24214455,63697914,4096
1625724894,24214455,63697922,4096
1625724894,24214455,63697930,4096
1625724894,24214455,63697938,4096
1625724894,24215529,63697946,4096
1625724894,24215529,63697954,4096
1625724894,24215529,63697962,4096
1625724894,24215529,63697970,4096
1625724894,412082887,6659584,4096
1625724894,515123858,1061448,4096
1625724894,515123858,1061456,4096
1625724894,515124932,1061464,3072
1625724894,639234414,44395424,4096
1625724894,639235487,44395432,4096
1625724894,639235487,44395440,4096
1625724894,639235487,44395448,4096
1625724894,640187682,44395456,4096
1625724894,640187682,44395464,4096
1625724894,640187682,44395472,4096
1625724894,640187682,44395480,4096
1625724894,640188755,44395488,2048
1625724894,69101784,2327136,4096
1625724894,69101784,2327144,4096
1625724894,69101784,2327152,4096
1625724894,69101784,2327160,4096
1625724894,69869337,2327168,4096
1625724894,69869337,2327176,4096
1625724894,69869337,2327184,4096
1625724894,69869337,2327192,4096
1625724894,69869337,2327200,4096
1625724894,69869337,2327208,4096
1625724894,69870410,2327216,512
1625724894,789987092,48935936,4096
1625724894,790749277,62241632,4096
1625724894,790749277,62241640,4096
1625724894,790749277,62241648,4096
1625724894,790749277,62241656,4096
1625724894,791584460,62241664,4096
1625724894,791585534,62241672,4096
1625724894,791585534,62241680,4096
1625724894,791585534,62241688,4096
1625724894,791585534,62241696,4096
1625724894,791585534,62241704,4096
1625724894,791585534,62241712,4096
1625724894,791585534,62241720,4096
1625724894,791585534,62241728,4096
1625724894,791585534,62241736,4096
1625724894,791586607,62241744,4096
1625724894,791586607,62241752,4096
1625724894,791586607,62241760,4096
1625724894,791586607,62241768,4096
1625724894,791681075,62241776,4096
1625724894,791681075,62241784,4096
1625724894,791682149,62241792,4096
1625724894,791682149,62241800,4096
1625724894,791682149,62241808,4096
1625724894,791682149,62241816,4096
1625724894,791682149,62241824,4096
1625724894,791682149,62241832,4096
1625724894,791682149,62241840,4096
1625724894,791682149,62241848,4096
1625724894,791682149,62241856,4096
1625724894,791683222,62241864,4096
1625724894,791683222,62241872,4096
1625724894,791683222,62241880,4096
1625724894,792391732,62241888,4096
1625724894,792391732,62241896,4096
1625724894,792391732,62241904,4096
1625724894,792391732,62241912,4096
1625724894,792391732,62241920,4096
1625724894,792391732,62241928,4096
1625724894,792392806,62241936,4096
1625724894,792392806,62241944,4096
1625724894,792392806,62241952,4096
1625724894,792392806,62241960,4096
1625724894,792392806,62241968,4096
1625724894,792392806,62241976,4096
1625724894,792392806,62241984,4096
1625724894,792392806,62241992,4096
1625724894,792392806,62242000,4096
1625724894,792393879,62242008,4096
1625724894,793240871,62242016,4096
1625724894,793241944,62242024,4096
1625724894,793241944,62242032,4096
1625724894,793241944,62242040,4096
1625724894,793241944,62242048,4096
1625724894,793241944,62242056,4096
1625724894,793241944,62242064,4096
1625724894,793241944,62242072,4096
1625724894,793241944,62242080,4096
1625724894,793243018,62242088,4096
1625724894,793243018,62242096,4096
1625724894,793243018,62242104,4096
1625724894,793243018,62242112,4096
1625724894,793243018,62242120,4096
1625724894,793243018,62242128,4096
1625724894,793243018,62242136,4096
1625724894,793367544,62242144,4096
1625724894,793367544,62242152,4096
1625724894,793367544,62242160,4096
1625724894,793367544,62242168,4096
1625724894,793367544,62242176,4096
1625724894,793367544,62242184,4096
1625724894,793367544,62242192,4096
1625724894,793367544,62242200,4096
1625724894,793368617,62242208,4096
1625724894,793368617,62242216,4096
1625724894,793368617,62242224,4096
1625724894,793368617,62242232,4096
1625724894,793368617,62242240,4096
1625724894,793368617,62242248,4096
1625724894,793368617,62242256,4096
1625724894,793368617,62242264,4096
1625724894,797618604,62242272,4096
1625724894,797618604,62242280,4096
1625724894,797618604,62242288,4096
1625724894,797618604,62242296,4096
1625724894,797618604,62242304,4096
1625724894,797618604,62242312,4096
1625724894,797618604,62242320,4096
1625724894,797619677,62242328,4096
1625724894,797619677,62242336,4096
1625724894,797619677,62242344,4096
1625724894,797619677,62242352,4096
1625724894,797619677,62242360,4096
1625724894,797619677,62242368,4096
1625724894,797619677,62242376,4096
1625724894,797619677,62242384,4096
1625724894,797620751,62242392,4096
1625724894,797743130,62242400,4096
1625724894,797743130,62242408,4096
1625724894,797743130,62242416,4096
1625724894,797743130,62242424,4096
1625724894,797744203,62242432,4096
1625724894,797744203,62242440,4096
1625724894,797744203,62242448,4096
1625724894,797744203,62242456,4096
1625724894,797744203,62242464,4096
1625724894,797744203,62242472,4096
1625724894,797744203,62242480,4096
1625724894,797744203,62242488,4096
1625724894,797745277,62242496,4096
1625724894,797745277,62242504,4096
1625724894,797745277,62242512,4096
1625724894,797745277,62242520,4096
1625724894,801810621,62242528,4096
1625724894,801810621,62242536,4096
1625724894,801810621,62242544,4096
1625724894,801810621,62242552,4096
1625724894,801810621,62242560,4096
1625724894,801811695,62242568,4096
1625724894,801811695,62242576,4096
1625724894,801811695,62242584,4096
1625724894,801811695,62242592,4096
1625724894,801811695,62242600,4096
1625724894,801811695,62242608,4096
1625724894,801811695,62242616,4096
1625724894,801811695,62242624,4096
1625724894,801811695,62242632,4096
1625724894,801812768,62242640,4096
1625724894,801812768,62242648,4096
1625724894,801936221,62242656,4096
1625724894,801936221,62242664,4096
1625724894,801936221,62242672,4096
1625724894,801937294,62242680,4096
1625724894,801937294,62242688,4096
1625724894,801937294,62242696,4096
1625724894,801937294,62242704,4096
1625724894,801937294,62242712,4096
1625724894,801937294,62242720,4096
1625724894,801937294,62242728,4096
1625724894,801937294,62242736,4096
1625724894,801937294,62242744,4096
1625724894,801938368,62242752,4096
1625724894,801938368,62242760,4096
1625724894,801938368,62242768,4096
1625724894,801938368,62242776,4096
1625724894,806041285,62242784,4096
1625724894,806041285,62242792,4096
1625724894,806041285,62242800,4096
1625724894,806042358,62242808,4096
1625724894,806042358,62242816,4096
1625724894,806042358,62242824,4096
1625724894,806042358,62242832,4096
1625724894,806042358,62242840,4096
1625724894,806042358,62242848,4096
1625724894,806042358,62242856,4096
1625724894,806042358,62242864,4096
1625724894,806042358,62242872,4096
1625724894,806043432,62242880,4096
1625724894,806043432,62242888,4096
1625724894,806043432,62242896,4096
1625724894,806043432,62242904,4096
1625724894,806165811,62242912,4096
1625724894,806165811,62242920,4096
1625724894,806165811,62242928,4096
1625724894,806165811,62242936,4096
1625724894,806166884,62242944,4096
1625724894,806166884,62242952,4096
1625724894,806166884,62242960,4096
1625724894,806166884,62242968,4096
1625724894,806166884,62242976,4096
1625724894,806166884,62242984,4096
1625724894,806166884,62242992,4096
1625724894,806166884,62243000,4096
1625724894,806166884,62243008,4096
1625724894,806167958,62243016,4096
1625724894,806167958,62243024,4096
1625724894,806167958,62243032,4096
1625724894,810291271,62243040,4096
1625724894,810292345,62243048,4096
1625724894,810292345,62243056,4096
1625724894,810292345,62243064,4096
1625724894,810292345,62243072,4096
1625724894,810292345,62243080,4096
1625724894,810292345,62243088,4096
1625724894,810292345,62243096,4096
1625724894,810292345,62243104,4096
1625724894,810293418,62243112,4096
1625724894,810293418,62243120,4096
1625724894,810293418,62243128,4096
1625724894,810293418,62243136,4096
1625724894,810293418,62243144,4096
1625724894,810293418,62243152,4096
1625724894,810293418,62243160,4096
1625724894,810416871,62243168,4096
1625724894,810416871,62243176,4096
1625724894,810416871,62243184,4096
1625724894,810416871,62243192,4096
1625724894,810416871,62243200,4096
1625724894,810416871,62243208,4096
1625724894,810416871,62243216,4096
1625724894,810416871,62243224,4096
1625724894,810416871,62243232,4096
1625724894,810417944,62243240,4096
1625724894,810417944,62243248,4096
1625724894,810417944,62243256,4096
1625724894,810417944,62243264,4096
1625724894,810417944,62243272,4096
1625724894,810417944,62243280,4096
1625724894,810417944,62243288,4096
1625724894,814571316,62243296,4096
1625724894,814572389,62243304,4096
1625724894,814572389,62243312,4096
1625724894,814572389,62243320,4096
1625724894,814572389,62243328,4096
1625724894,814572389,62243336,4096
1625724894,814572389,62243344,4096
1625724894,814572389,62243352,4096
1625724894,814572389,62243360,4096
1625724894,814573463,62243368,4096
1625724894,814573463,62243376,4096
1625724894,814573463,62243384,4096
1625724894,814573463,62243392,4096
1625724894,814573463,62243400,4096
1625724894,814573463,62243408,4096
1625724894,814573463,62243416,4096
1625724894,814697989,62243424,4096
1625724894,814697989,62243432,4096
1625724894,814697989,62243440,4096
1625724894,814697989,62243448,4096
1625724894,814699062,62243456,4096
1625724894,814699062,62243464,4096
1625724894,814699062,62243472,4096
1625724894,814699062,62243480,4096
1625724894,814699062,62243488,4096
1625724894,814699062,62243496,4096
1625724894,814699062,62243504,4096
1625724894,814699062,62243512,4096
1625724894,814699062,62243520,4096
1625724894,814700136,62243528,4096
1625724894,814700136,62243536,4096
1625724894,814700136,62243544,4096
1625724894,818559368,62243552,4096
1625724894,818560442,62243560,4096
1625724894,818560442,62243568,4096
1625724894,818560442,62243576,4096
1625724894,818560442,62243584,4096
1625724894,818560442,62243592,4096
1625724894,818560442,62243600,4096
1625724894,818560442,62243608,4096
1625724894,818560442,62243616,4096
1625724894,818561515,62243624,4096
1625724894,818561515,62243632,4096
1625724894,818561515,62243640,4096
1625724894,818561515,62243648,4096
1625724894,818561515,62243656,4096
1625724894,818561515,62243664,4096
1625724894,818561515,62243672,4096
1625724894,818686041,62243680,4096
1625724894,818686041,62243688,4096
1625724894,818686041,62243696,4096
1625724894,818686041,62243704,4096
1625724894,818686041,62243712,4096
1625724894,818686041,62243720,4096
1625724894,818686041,62243728,4096
1625724894,818686041,62243736,4096
1625724894,818687115,62243744,4096
1625724894,818687115,62243752,4096
1625724894,818687115,62243760,4096
1625724894,818687115,62243768,4096
1625724894,818687115,62243776,4096
1625724894,818687115,62243784,4096
1625724894,818687115,62243792,4096
1625724894,818687115,62243800,4096
1625724894,822547421,62243808,4096
1625724894,822547421,62243816,4096
1625724894,822548494,62243824,4096
1625724894,822548494,62243832,4096
1625724894,822548494,62243840,4096
1625724894,822548494,62243848,4096
1625724894,822548494,62243856,4096
1625724894,822548494,62243864,4096
1625724894,822548494,62243872,4096
1625724894,822549568,62243880,4096
1625724894,822549568,62243888,4096
1625724894,822549568,62243896,4096
1625724894,822549568,62243904,4096
1625724894,822549568,62243912,4096
1625724894,822549568,62243920,4096
1625724894,822549568,62243928,4096
1625724894,822673020,62243936,4096
1625724894,822673020,62243944,4096
1625724894,822673020,62243952,4096
1625724894,822674094,62243960,4096
1625724894,822674094,62243968,4096
1625724894,822674094,62243976,4096
1625724894,822674094,62243984,4096
1625724894,822674094,62243992,4096
1625724894,822674094,62244000,4096
1625724894,822674094,62244008,4096
1625724894,822674094,62244016,4096
1625724894,822674094,62244024,4096
1625724894,822675167,62244032,4096
1625724894,822675167,62244040,4096
1625724894,822675167,62244048,4096
1625724894,822675167,62244056,4096
1625724894,826746953,62244064,4096
1625724894,826746953,62244072,4096
1625724894,826748026,62244080,4096
1625724894,826748026,62244088,4096
1625724894,826748026,62244096,4096
1625724894,826748026,62244104,4096
1625724894,826748026,62244112,4096
1625724894,826748026,62244120,4096
1625724894,826748026,62244128,4096
1625724894,826748026,62244136,4096
1625724894,826748026,62244144,4096
1625724894,826749100,62244152,4096
1625724894,826749100,62244160,4096
1625724894,826749100,62244168,4096
1625724894,826749100,62244176,4096
1625724894,826749100,62244184,4096
1625724894,826874699,62244192,4096
1625724894,826874699,62244200,4096
1625724894,826874699,62244208,4096
1625724894,826874699,62244216,4096
1625724894,826875773,62244224,4096
1625724894,826875773,62244232,4096
1625724894,826875773,62244240,4096
1625724894,826875773,62244248,4096
1625724894,826875773,62244256,4096
1625724894,826875773,62244264,4096
1625724894,826875773,62244272,4096
1625724894,826875773,62244280,4096
1625724894,826875773,62244288,4096
1625724894,826876846,62244296,4096
1625724894,826876846,62244304,4096
1625724894,826876846,62244312,4096
1625724894,831286784,62244320,4096
1625724894,831286784,62244328,4096
1625724894,831286784,62244336,4096
1625724894,831287858,62244344,4096
1625724894,831287858,62244352,4096
1625724894,831287858,62244360,4096
1625724894,831287858,62244368,4096
1625724894,831287858,62244376,4096
1625724894,831287858,62244384,4096
1625724894,831287858,62244392,4096
1625724894,831287858,62244400,4096
1625724894,831288931,62244408,4096
1625724894,831288931,62244416,4096
1625724894,831288931,62244424,4096
1625724894,831288931,62244432,4096
1625724894,831288931,62244440,4096
1625724894,831405943,62244448,4096
1625724894,831405943,62244456,4096
1625724894,831405943,62244464,4096
1625724894,831407016,62244472,4096
1625724894,831407016,62244480,4096
1625724894,831407016,62244488,4096
1625724894,831407016,62244496,4096
1625724894,831407016,62244504,4096
1625724894,831407016,62244512,4096
1625724894,831407016,62244520,4096
1625724894,831407016,62244528,4096
1625724894,831407016,62244536,4096
1625724894,831408090,62244544,4096
1625724894,831408090,62244552,4096
1625724894,831408090,62244560,4096
1625724894,831408090,62244568,4096
1625724894,835159972,62244576,4096
1625724894,835161046,62244584,4096
1625724894,835161046,62244592,4096
1625724894,835161046,62244600,4096
1625724894,835161046,62244608,4096
1625724894,835161046,62244616,4096
1625724894,835161046,62244624,4096
1625724894,835161046,62244632,4096
1625724894,835161046,62244640,4096
1625724894,835161046,62244648,4096
1625724894,835162119,62244656,4096
1625724894,835162119,62244664,4096
1625724894,835162119,62244672,4096
1625724894,835162119,62244680,4096
1625724894,835162119,62244688,4096
1625724894,835162119,62244696,4096
1625724894,835274837,62244704,4096
1625724894,835274837,62244712,4096
1625724894,835274837,62244720,4096
1625724894,835275910,62244728,4096
1625724894,835275910,62244736,4096
1625724894,835275910,62244744,4096
1625724894,835275910,62244752,4096
1625724894,835275910,62244760,4096
1625724894,835275910,62244768,4096
1625724894,835275910,62244776,4096
1625724894,835275910,62244784,4096
1625724894,835275910,62244792,4096
1625724894,835276984,62244800,4096
1625724894,835276984,62244808,4096
1625724894,835276984,62244816,4096
1625724894,835276984,62244824,4096
1625724894,839263963,62244832,4096
1625724894,839263963,62244840,4096
1625724894,839263963,62244848,4096
1625724894,839263963,62244856,4096
1625724894,839263963,62244864,4096
1625724894,839263963,62244872,4096
1625724894,839263963,62244880,4096
1625724894,839263963,62244888,4096
1625724894,839265036,62244896,4096
1625724894,839265036,62244904,4096
1625724894,839265036,62244912,4096
1625724894,839265036,62244920,4096
1625724894,839265036,62244928,4096
1625724894,839265036,62244936,4096
1625724894,839265036,62244944,4096
1625724894,839265036,62244952,4096
1625724894,839388489,62244960,4096
1625724894,839388489,62244968,4096
1625724894,839388489,62244976,4096
1625724894,839389562,62244984,4096
1625724894,839389562,62244992,4096
1625724894,839389562,62245000,4096
1625724894,839389562,62245008,4096
1625724894,839389562,62245016,4096
1625724894,839389562,62245024,4096
1625724894,839389562,62245032,4096
1625724894,839389562,62245040,4096
1625724894,839389562,62245048,4096
1625724894,839390636,62245056,4096
1625724894,839390636,62245064,4096
1625724894,839390636,62245072,4096
1625724894,839390636,62245080,4096
1625724894,843563330,62245088,4096
1625724894,843563330,62245096,4096
1625724894,843563330,62245104,4096
1625724894,843563330,62245112,4096
1625724894,843563330,62245120,4096
1625724894,843563330,62245128,4096
1625724894,843564404,62245136,4096
1625724894,843564404,62245144,4096
1625724894,843564404,62245152,4096
1625724894,843564404,62245160,4096
1625724894,843564404,62245168,4096
1625724894,843564404,62245176,4096
1625724894,843564404,62245184,4096
1625724894,843564404,62245192,4096
1625724894,843565477,62245200,4096
1625724894,843565477,62245208,4096
1625724894,843687856,62245216,4096
1625724894,843687856,62245224,4096
1625724894,843687856,62245232,4096
1625724894,843687856,62245240,4096
1625724894,843688930,62245248,4096
1625724894,843688930,62245256,4096
1625724894,843688930,62245264,4096
1625724894,843688930,62245272,4096
1625724894,843688930,62245280,4096
1625724894,843688930,62245288,4096
1625724894,843688930,62245296,4096
1625724894,843688930,62245304,4096
1625724894,843688930,62245312,4096
1625724894,843690003,62245320,4096
1625724894,843690003,62245328,4096
1625724894,843690003,62245336,4096
1625724894,848201924,62245344,4096
1625724894,848201924,62245352,4096
1625724894,848202997,62245360,4096
1625724894,848202997,62245368,4096
1625724894,848202997,62245376,4096
1625724894,848202997,62245384,4096
1625724894,848202997,62245392,4096
1625724894,848202997,62245400,4096
1625724894,848202997,62245408,4096
1625724894,848202997,62245416,4096
1625724894,848202997,62245424,4096
1625724894,848204071,62245432,4096
1625724894,848204071,62245440,4096
1625724894,848204071,62245448,4096
1625724894,848204071,62245456,4096
1625724894,848204071,62245464,4096
1625724894,848328597,62245472,4096
1625724894,848328597,62245480,4096
1625724894,848328597,62245488,4096
1625724894,848328597,62245496,4096
1625724894,848329670,62245504,4096
1625724894,848329670,62245512,4096
1625724894,848329670,62245520,4096
1625724894,848329670,62245528,4096
1625724894,848329670,62245536,4096
1625724894,848329670,62245544,4096
1625724894,848329670,62245552,4096
1625724894,848329670,62245560,4096
1625724894,848329670,62245568,4096
1625724894,848330744,62245576,4096
1625724894,848330744,62245584,4096
1625724894,848330744,62245592,4096
1625724894,852382133,62245600,4096
1625724894,852382133,62245608,4096
1625724894,852382133,62245616,4096
1625724894,852382133,62245624,4096
1625724894,852382133,62245632,4096
1625724894,852382133,62245640,4096
1625724894,852382133,62245648,4096
1625724894,852382133,62245656,4096
1625724894,852383206,62245664,4096
1625724894,852383206,62245672,4096
1625724894,852383206,62245680,4096
1625724894,852383206,62245688,4096
1625724894,852383206,62245696,4096
1625724894,852383206,62245704,4096
1625724894,852383206,62245712,4096
1625724894,852383206,62245720,4096
1625724894,852507732,62245728,4096
1625724894,852507732,62245736,4096
1625724894,852507732,62245744,4096
1625724894,852507732,62245752,4096
1625724894,852507732,62245760,4096
1625724894,852507732,62245768,4096
1625724894,852507732,62245776,4096
1625724894,852507732,62245784,4096
1625724894,852507732,62245792,4096
1625724894,852508806,62245800,4096
1625724894,852508806,62245808,4096
1625724894,852508806,62245816,4096
1625724894,852508806,62245824,4096
1625724894,852508806,62245832,4096
1625724894,852508806,62245840,4096
1625724894,852508806,62245848,4096
1625724894,856518328,62245856,4096
1625724894,856518328,62245864,4096
1625724894,856518328,62245872,4096
1625724894,856519402,62245880,4096
1625724894,856519402,62245888,4096
1625724894,856519402,62245896,4096
1625724894,856519402,62245904,4096
1625724894,856519402,62245912,4096
1625724894,856519402,62245920,4096
1625724894,856519402,62245928,4096
1625724894,856520475,62245936,3072
1625724894,856627825,62245942,4096
1625724894,856627825,62245950,4096
1625724894,856628899,62245958,4096
1625724894,856628899,62245966,4096
1625724894,856628899,62245974,4096
1625724894,856628899,62245982,4096
1625724894,856628899,62245990,4096
1625724894,856628899,62245998,4096
1625724894,856628899,62246006,4096
1625724894,856628899,62246014,4096
1625724894,856629972,62246022,3072
1625724894,9045900,63697818,4096
1625724894,9045900,63697826,4096
1625724894,9046974,63697834,4096
1625724894,9046974,63697842,4096
1625724894,9046974,63697850,4096
1625724894,9046974,63697858,4096
1625724894,9046974,63697866,4096
1625724894,9046974,63697874,4096
1625724895,274587647,45651264,4096
1625724895,274587647,45651272,4096
1625724895,274588721,45651280,4096
1625724895,274588721,45651288,4096
1625724895,274588721,45651296,4096
1625724895,274588721,45651304,4096
1625724895,274588721,45651312,4096
1625724895,274588721,45651320,4096
1625724895,274588721,45651328,4096
1625724895,274588721,45651336,4096
1625724895,274589794,45651344,4096
1625724895,274589794,45651352,4096
1625724895,274589794,45651360,4096
1625724895,274589794,45651368,4096
1625724895,274589794,45651376,4096
1625724895,274589794,45651384,4096
1625724895,274589794,45651392,4096
1625724895,274589794,45651400,1536
1625724895,274733643,45651542,4096
1625724895,274733643,45651550,4096
1625724895,274733643,45651558,4096
1625724895,274733643,45651566,4096
1625724895,274733643,45651574,4096
1625724895,274733643,45651582,4096
1625724895,274733643,45651590,4096
1625724895,274734717,45651598,4096
1625724895,274734717,45651606,4096
1625724895,274734717,45651614,4096
1625724895,274734717,45651622,4096
1625724895,274734717,45651630,4096
1625724895,274734717,45651638,4096
1625724895,274734717,45651646,4096
1625724895,274734717,45651654,4096
1625724895,274735790,45651662,4096
1625724895,274735790,45651670,4096
1625724895,274735790,45651678,1024
1625724895,274851728,45651403,4096
1625724895,274851728,45651411,4096
1625724895,274851728,45651419,4096
1625724895,274851728,45651427,4096
1625724895,274852802,45651435,4096
1625724895,274852802,45651443,4096
1625724895,274852802,45651451,4096
1625724895,274852802,45651459,4096
1625724895,274852802,45651467,4096
1625724895,274852802,45651475,4096
1625724895,274852802,45651483,4096
1625724895,274852802,45651491,4096
1625724895,274852802,45651499,4096
1625724895,274853875,45651507,4096
1625724895,274853875,45651515,4096
1625724895,274853875,45651523,4096
1625724895,274853875,45651531,4096
1625724895,274853875,45651539,1536
1625724895,275004165,13320224,4096
1625724895,275004165,13320232,4096
1625724895,275004165,13320240,4096
1625724895,275004165,13320248,4096
1625724895,275005239,13320256,4096
1625724895,275005239,13320264,4096
1625724895,275005239,13320272,4096
1625724895,275005239,13320280,4096
1625724895,275005239,13320288,4096
1625724895,275005239,13320296,4096
1625724895,275005239,13320304,4096
1625724895,275005239,13320312,4096
1625724895,275005239,13320320,4096
1625724895,275006312,13320328,4096
1625724895,275006312,13320336,4096
1625724895,275006312,13320344,4096
1625724895,275006312,13320352,4096
1625724895,275006312,13320360,4096
1625724895,275006312,13320368,3072
1625724895,275164117,13320374,4096
1625724895,275164117,13320382,4096
1625724895,275164117,13320390,4096
1625724895,275165190,13320398,4096
1625724895,275165190,13320406,4096
1625724895,275165190,13320414,4096
1625724895,275165190,13320422,4096
1625724895,275165190,13320430,4096
1625724895,275165190,13320438,4096
1625724895,275165190,13320446,4096
1625724895,275165190,13320454,4096
1625724895,275168411,13320462,4096
1625724895,275168411,13320470,4096
1625724895,275168411,13320478,4096
1625724895,275169484,13320486,4096
1625724895,275169484,13320494,4096
1625724895,275169484,13320502,4096
1625724895,275169484,13320510,4096
1625724895,275169484,13320518,3072
1625724895,275291863,13320524,4096
1625724895,275292937,13320532,4096
1625724895,275292937,13320540,4096
1625724895,275292937,13320548,4096
1625724895,275292937,13320556,4096
1625724895,275292937,13320564,4096
1625724895,275292937,13320572,4096
1625724895,275292937,13320580,4096
1625724895,275292937,13320588,4096
1625724895,275292937,13320596,4096
1625724895,275294010,13320604,4096
1625724895,275294010,13320612,4096
1625724895,275294010,13320620,4096
1625724895,275294010,13320628,4096
1625724895,275294010,13320636,4096
1625724895,275294010,13320644,4096
1625724895,275294010,13320652,4096
1625724895,275294010,13320660,4096
1625724895,275295084,13320668,2048
1625724895,275441080,13549952,4096
1625724895,275441080,13549960,4096
1625724895,275441080,13549968,4096
1625724895,275441080,13549976,4096
1625724895,275442153,13549984,4096
1625724895,275442153,13549992,4096
1625724895,275442153,13550000,4096
1625724895,275442153,13550008,4096
1625724895,275442153,13550016,4096
1625724895,275442153,13550024,4096
1625724895,275442153,13550032,4096
1625724895,275442153,13550040,4096
1625724895,275443227,13550048,4096
1625724895,275443227,13550056,4096
1625724895,275443227,13550064,4096
1625724895,275443227,13550072,4096
1625724895,275443227,13550080,4096
1625724895,275443227,13550088,4096
1625724895,275443227,13550096,3072
1625724895,275592443,13550102,4096
1625724895,275592443,13550110,4096
1625724895,275592443,13550118,4096
1625724895,275592443,13550126,4096
1625724895,275592443,13550134,4096
1625724895,275593517,13550142,4096
1625724895,275593517,13550150,4096
1625724895,275593517,13550158,4096
1625724895,275593517,13550166,4096
1625724895,275593517,13550174,4096
1625724895,275593517,13550182,4096
1625724895,275593517,13550190,4096
1625724895,275593517,13550198,4096
1625724895,275593517,13550206,4096
1625724895,275594590,13550214,4096
1625724895,275594590,13550222,4096
1625724895,275594590,13550230,4096
1625724895,275594590,13550238,4096
1625724895,275594590,13550246,3072
1625724895,275729851,13550252,4096
1625724895,275730925,13550260,4096
1625724895,275730925,13550268,4096
1625724895,275730925,13550276,4096
1625724895,275730925,13550284,4096
1625724895,275730925,13550292,4096
1625724895,275731998,13550300,4096
1625724895,275731998,13550308,4096
1625724895,275731998,13550316,4096
1625724895,275731998,13550324,4096
1625724895,275731998,13550332,4096
1625724895,275731998,13550340,4096
1625724895,275731998,13550348,4096
1625724895,275731998,13550356,4096
1625724895,275731998,13550364,4096
1625724895,275733072,13550372,4096
1625724895,275733072,13550380,4096
1625724895,275733072,13550388,4096
1625724895,275733072,13550396,2048
1625724895,275990712,27933120,4096
1625724895,275990712,27933128,4096
1625724895,275990712,27933136,4096
1625724895,275990712,27933144,4096
1625724895,275990712,27933152,4096
1625724895,275990712,27933160,4096
1625724895,275990712,27933168,4096
1625724895,275990712,27933176,4096
1625724895,275991785,27933184,4096
1625724895,275991785,27933192,4096
1625724895,275991785,27933200,4096
1625724895,275991785,27933208,4096
1625724895,284033374,3346484,4096
1625724895,284033374,3346492,4096
1625724895,284033374,3346500,4096
1625724895,284033374,3346508,4096
1625724895,284033374,3346516,4096
1625724895,284033374,3346524,4096
1625724895,284034447,3346532,4096
1625724895,284034447,3346540,4096
1625724895,292037390,3346236,4096
1625724895,292038463,3346244,4096
1625724895,292038463,3346252,4096
1625724895,292038463,3346260,4096
1625724895,292038463,3346268,4096
1625724895,292038463,3346276,4096
1625724895,292612786,6137512,4096
1625724895,292838221,3348001,4096
1625724895,294448471,6809440,4096
1625724895,294693229,45760352,4096
1625724895,295383489,493288,4096
1625724895,295383489,493296,4096
1625724895,295383489,493304,4096
1625724895,295383489,493312,4096
1625724895,295526265,1969584,4096
1625724895,295526265,1969592,4096
1625724895,295526265,1969600,4096
1625724895,295527338,1969608,4096
1625724895,295527338,1969616,4096
1625724895,295527338,1969624,4096
1625724895,295527338,1969632,4096
1625724895,295527338,1969640,4096
1625724895,295788199,68791992,4096
1625724895,295788199,68792000,4096
1625724895,295789272,68792008,4096
1625724895,295789272,68792016,4096
1625724895,295789272,68792024,4096
1625724895,295789272,68792032,4096
1625724895,295789272,68792040,4096
1625724895,295789272,68792048,4096
1625724895,295789272,68792056,4096
1625724895,295789272,68792064,4096
1625724895,295790346,68792072,4096
1625724895,295790346,68792080,4096
1625724895,295790346,68792088,4096
1625724895,295790346,68792096,4096
1625724895,295790346,68792104,4096
1625724895,295790346,68792112,4096
1625724895,296425858,69743520,4096
1625724895,296425858,69743528,4096
1625724895,296425858,69743536,4096
1625724895,296425858,69743544,4096
1625724895,296697453,45760360,4096
1625724895,296697453,45760368,4096
1625724895,296697453,45760376,4096
1625724895,296697453,45760384,4096
1625724895,296697453,45760392,4096
1625724895,296697453,45760400,4096
1625724895,296697453,45760408,4096
1625724895,296697453,45760416,4096
1625724895,296697453,45760424,4096
1625724895,296698527,45760432,4096
1625724895,296698527,45760440,4096
1625724895,296698527,45760448,4096
1625724895,296698527,45760456,4096
1625724895,296698527,45760464,4096
1625724895,296698527,45760472,4096
1625724895,296827347,59473888,4096
1625724895,296827347,59473896,4096
1625724895,296827347,59473904,4096
1625724895,296827347,59473912,4096
1625724895,296827347,59473920,4096
1625724895,296827347,59473928,4096
1625724895,296827347,59473936,4096
1625724895,296827347,59473944,4096
1625724895,296828420,59473952,4096
1625724895,296828420,59473960,4096
1625724895,296828420,59473968,4096
1625724895,296828420,59473976,4096
1625724895,296828420,59473984,4096
1625724895,296828420,59473992,4096
1625724895,296828420,59474000,4096
1625724895,296828420,59474008,4096
1625724895,298127355,69743552,4096
1625724895,298128429,69743560,4096
1625724895,298128429,69743568,4096
1625724895,298128429,69743576,4096
1625724895,298128429,69743584,4096
1625724895,298128429,69743592,4096
1625724895,298128429,69743600,4096
1625724895,298128429,69743608,4096
1625724895,298129502,69743616,4096
1625724895,298129502,69743624,4096
1625724895,298129502,69743632,4096
1625724895,298129502,69743640,4096
1625724895,298129502,69743648,4096
1625724895,298129502,69743656,4096
1625724895,298221823,69743664,4096
1625724895,298221823,69743672,4096
1625724895,298222897,69743680,4096
1625724895,298222897,69743688,4096
1625724895,298222897,69743696,4096
1625724895,298222897,69743704,4096
1625724895,298222897,69743712,4096
1625724895,298222897,69743720,4096
1625724895,298222897,69743728,4096
1625724895,298222897,69743736,4096
1625724895,298223970,69743744,4096
1625724895,298223970,69743752,4096
1625724895,298223970,69743760,4096
1625724895,298223970,69743768,4096
1625724895,298605063,3939760,4096
1625724895,299229840,3939768,4096
1625724895,299229840,3939776,4096
1625724895,299229840,3939784,4096
1625724895,299487480,3278648,4096
1625724895,299487480,3278656,4096
1625724895,299487480,3278664,4096
1625724895,299487480,3278672,4096
1625724895,299487480,3278680,4096
1625724895,299487480,3278688,4096
1625724895,299487480,3278696,4096
1625724895,299488553,3278704,4096
1625724895,299693592,2788264,4096
1625724895,299693592,2788272,4096
1625724895,299693592,2788280,4096
1625724895,299693592,2788288,4096
1625724895,299693592,2788296,4096
1625724895,299693592,2788304,4096
1625724895,299693592,2788312,4096
1625724895,299694665,2788320,4096
1625724895,299694665,2788328,4096
1625724895,299694665,2788336,4096
1625724895,299694665,2788344,4096
1625724895,299694665,2788352,4096
1625724895,299694665,2788360,4096
1625724895,299694665,2788368,4096
1625724895,299694665,2788376,4096
1625724895,299694665,2788384,4096
1625724895,300246444,3253544,4096
1625724895,300246444,3253552,4096
1625724895,300246444,3253560,4096
1625724895,300246444,3253568,4096
1625724895,300988233,3346348,4096
1625724895,300989306,3346356,4096
1625724895,300989306,3346364,4096
1625724895,300989306,3346372,4096
1625724895,300989306,3346380,4096
1625724895,300989306,3346388,4096
1625724895,300989306,3346396,4096
1625724895,300989306,3346404,4096
1625724895,301722507,3346756,4096
1625724895,301722507,3346764,4096
1625724895,301723580,3346772,4096
1625724895,301723580,3346780,4096
1625724895,301723580,3346788,4096
1625724895,301723580,3346796,4096
1625724895,301723580,3346804,4096
1625724895,301723580,3346812,4096
1625724895,302553396,62581696,4096
1625724895,302553396,62581704,4096
1625724895,302553396,62581712,4096
1625724895,302554469,62581720,4096
1625724895,302554469,62581728,4096
1625724895,302554469,62581736,4096
1625724895,302554469,62581744,4096
1625724895,302554469,62581752,4096
1625724895,302554469,62581760,4096
1625724895,302554469,62581768,4096
1625724895,302554469,62581776,4096
1625724895,302554469,62581784,4096
1625724895,302555543,62581792,4096
1625724895,302555543,62581800,4096
1625724895,302555543,62581808,4096
1625724895,302555543,62581816,4096
1625724895,303011780,45321056,4096
1625724895,303377844,59474016,4096
1625724895,303850184,45321064,4096
1625724895,303850184,45321072,4096
1625724895,303850184,45321080,4096
1625724895,303850184,45321088,4096
1625724895,303851257,45321096,4096
1625724895,303851257,45321104,4096
1625724895,303851257,45321112,4096
1625724895,303851257,45321120,4096
1625724895,303851257,45321128,4096
1625724895,303851257,45321136,4096
1625724895,303851257,45321144,4096
1625724895,303851257,45321152,4096
1625724895,303852331,45321160,4096
1625724895,303852331,45321168,4096
1625724895,303852331,45321176,4096
1625724895,303852331,45321184,2048
1625724895,304275290,45321188,4096
1625724895,304275290,45321196,4096
1625724895,304275290,45321204,4096
1625724895,304275290,45321212,4096
1625724895,304275290,45321220,4096
1625724895,304275290,45321228,4096
1625724895,304275290,45321236,4096
1625724895,304275290,45321244,4096
1625724895,304276363,45321252,4096
1625724895,304276363,45321260,4096
1625724895,304276363,45321268,4096
1625724895,304276363,45321276,4096
1625724895,304276363,45321284,4096
1625724895,304276363,45321292,4096
1625724895,304276363,45321300,4096
1625724895,304276363,45321308,2048
1625724895,304277437,62277504,4096
1625724895,304399816,62277632,4096
1625724895,305363819,62277640,4096
1625724895,305363819,62277648,4096
1625724895,305363819,62277656,4096
1625724895,305364892,62277664,4096
1625724895,305364892,62277672,4096
1625724895,305364892,62277680,4096
1625724895,305364892,62277688,4096
1625724895,305364892,62277696,4096
1625724895,305364892,62277704,4096
1625724895,305364892,62277712,4096
1625724895,305364892,62277720,4096
1625724895,305364892,62277728,4096
1625724895,305365966,62277736,4096
1625724895,305365966,62277744,4096
1625724895,305365966,62277752,4096
1625724895,305365966,62277760,4096
1625724895,306092725,3253576,4096
1625724895,306788353,3253584,4096
1625724895,306788353,3253592,4096
1625724895,306788353,3253600,4096
1625724895,307173740,3253608,4096
1625724895,307525848,3253616,4096
1625724895,307525848,3253624,4096
1625724895,307525848,3253632,4096
1625724895,307896205,3253640,4096
1625724895,308223623,3253672,4096
1625724895,308317017,3253704,4096
1625724895,308825856,3253680,4096
1625724895,308825856,3253688,4096
1625724895,308825856,3253696,4096
1625724895,309265991,3253648,4096
1625724895,309265991,3253656,4096
1625724895,309265991,3253664,4096
1625724895,309663186,3253712,4096
1625724895,309663186,3253720,4096
1625724895,309663186,3253728,4096
1625724895,310026029,3253736,4096
1625724895,310380284,3253744,4096
1625724895,310380284,3253752,4096
1625724895,310380284,3253760,4096
1625724895,311027605,3346844,4096
1625724895,311028678,3346852,4096
1625724895,311028678,3346860,4096
1625724895,311028678,3346868,4096
1625724895,311028678,3346876,4096
1625724895,311028678,3346884,4096
1625724895,311028678,3346892,4096
1625724895,311028678,3346900,4096
1625724895,312497226,59474024,4096
1625724895,312497226,59474032,4096
1625724895,312498300,59474040,4096
1625724895,312498300,59474048,4096
1625724895,312498300,59474056,4096
1625724895,312498300,59474064,4096
1625724895,312498300,59474072,4096
1625724895,312498300,59474080,4096
1625724895,312498300,59474088,4096
1625724895,312498300,59474096,4096
1625724895,312499373,59474104,4096
1625724895,312499373,59474112,4096
1625724895,312499373,59474120,4096
1625724895,312499373,59474128,4096
1625724895,312499373,59474136,4096
1625724895,314101035,62277512,4096
1625724895,314101035,62277520,4096
1625724895,314101035,62277528,4096
1625724895,314101035,62277536,4096
1625724895,314101035,62277544,4096
1625724895,314101035,62277552,4096
1625724895,314101035,62277560,4096
1625724895,314102109,62277568,4096
1625724895,314102109,62277576,4096
1625724895,314102109,62277584,4096
1625724895,314102109,62277592,4096
1625724895,314102109,62277600,4096
1625724895,314102109,62277608,4096
1625724895,314102109,62277616,4096
1625724895,314102109,62277624,4096
1625724895,315608229,62277768,4096
1625724895,315608229,62277776,4096
1625724895,315608229,62277784,4096
1625724895,315609303,62277792,4096
1625724895,315609303,62277800,4096
1625724895,315609303,62277808,4096
1625724895,315609303,62277816,4096
1625724895,315609303,62277824,4096
1625724895,315609303,62277832,4096
1625724895,315609303,62277840,4096
1625724895,315609303,62277848,4096
1625724895,315609303,62277856,4096
1625724895,315610376,62277864,4096
1625724895,315610376,62277872,4096
1625724895,315610376,62277880,4096
1625724895,317266787,62277888,4096
1625724895,317726245,62277896,4096
1625724895,317726245,62277904,4096
1625724895,317726245,62277912,4096
1625724895,317726245,62277920,4096
1625724895,317726245,62277928,4096
1625724895,317726245,62277936,4096
1625724895,317726245,62277944,4096
1625724895,317727318,62277952,4096
1625724895,317727318,62277960,4096
1625724895,317727318,62277968,4096
1625724895,317727318,62277976,4096
1625724895,317727318,62277984,4096
1625724895,317727318,62277992,4096
1625724895,317727318,62278000,4096
1625724895,317727318,62278008,4096
1625724895,318973652,62581056,4096
1625724895,319649957,62581064,4096
1625724895,319649957,62581072,4096
1625724895,319649957,62581080,4096
1625724895,319649957,62581088,4096
1625724895,319649957,62581096,4096
1625724895,319649957,62581104,4096
1625724895,319649957,62581112,4096
1625724895,319651030,62581120,4096
1625724895,319651030,62581128,4096
1625724895,319651030,62581136,4096
1625724895,319651030,62581144,4096
1625724895,319651030,62581152,4096
1625724895,319651030,62581160,4096
1625724895,319651030,62581168,4096
1625724895,319651030,62581176,4096
1625724895,320349879,62581184,4096
1625724895,320685884,62581312,4096
1625724895,320779279,62581440,4096
1625724895,321150710,62581568,4096
1625724895,321854926,3253768,4096
1625724895,322266076,3253800,4096
1625724895,322346589,59474224,4096
1625724895,322786724,59474232,4096
1625724895,322786724,59474240,4096
1625724895,322786724,59474248,4096
1625724895,322787797,59474256,4096
1625724895,323397545,3253776,4096
1625724895,323397545,3253784,4096
1625724895,323397545,3253792,4096
1625724895,324189788,3253808,4096
1625724895,324189788,3253816,4096
1625724895,324189788,3253824,4096
1625724895,324590204,59474264,4096
1625724895,324590204,59474272,4096
1625724895,324591277,59474280,4096
1625724895,324955194,59474288,4096
1625724895,325305155,59474296,4096
1625724895,325306228,59474304,4096
1625724895,325306228,59474312,4096
1625724895,325672292,59474320,4096
1625724895,326022253,59474328,4096
1625724895,326022253,59474336,4096
1625724895,326022253,59474344,4096
1625724895,326397978,59474352,4096
1625724895,326725395,59474384,4096
1625724895,326818790,59474416,4096
1625724895,327379157,59474392,4096
1625724895,327379157,59474400,4096
1625724895,327379157,59474408,4096
1625724895,327839688,59474360,4096
1625724895,327839688,59474368,4096
1625724895,327839688,59474376,4096
1625724895,328227222,59474424,4096
1625724895,328227222,59474432,4096
1625724895,328227222,59474440,4096
1625724895,329196592,62581192,4096
1625724895,329196592,62581200,4096
1625724895,329196592,62581208,4096
1625724895,329196592,62581216,4096
1625724895,329197666,62581224,4096
1625724895,329197666,62581232,4096
1625724895,329197666,62581240,4096
1625724895,329197666,62581248,4096
1625724895,329197666,62581256,4096
1625724895,329197666,62581264,4096
1625724895,329197666,62581272,4096
1625724895,329197666,62581280,4096
1625724895,329197666,62581288,4096
1625724895,329198739,62581296,4096
1625724895,329198739,62581304,4096
1625724895,330407500,62581320,4096
1625724895,330407500,62581328,4096
1625724895,330407500,62581336,4096
1625724895,330408574,62581344,4096
1625724895,330408574,62581352,4096
1625724895,330408574,62581360,4096
1625724895,330408574,62581368,4096
1625724895,330408574,62581376,4096
1625724895,330408574,62581384,4096
1625724895,330408574,62581392,4096
1625724895,330408574,62581400,4096
1625724895,330408574,62581408,4096
1625724895,330409647,62581416,4096
1625724895,330409647,62581424,4096
1625724895,330409647,62581432,4096
1625724895,331604453,62581448,4096
1625724895,331605526,62581456,4096
1625724895,331605526,62581464,4096
1625724895,331605526,62581472,4096
1625724895,331605526,62581480,4096
1625724895,331605526,62581488,4096
1625724895,331605526,62581496,4096
1625724895,331605526,62581504,4096
1625724895,331605526,62581512,4096
1625724895,331605526,62581520,4096
1625724895,331606600,62581528,4096
1625724895,331606600,62581536,4096
1625724895,331606600,62581544,4096
1625724895,331606600,62581552,4096
1625724895,331606600,62581560,4096
1625724895,331719317,62581576,4096
1625724895,331719317,62581584,4096
1625724895,331719317,62581592,4096
1625724895,331719317,62581600,4096
1625724895,331719317,62581608,4096
1625724895,331719317,62581616,4096
1625724895,331719317,62581624,4096
1625724895,331719317,62581632,4096
1625724895,331720391,62581640,4096
1625724895,331720391,62581648,4096
1625724895,331720391,62581656,4096
1625724895,331720391,62581664,4096
1625724895,331720391,62581672,4096
1625724895,331720391,62581680,4096
1625724895,331720391,62581688,4096
1625724895,334655340,3346820,4096
1625724895,334655340,3346828,4096
1625724895,334655340,3346836,4096
1625724895,335933878,6937608,4096
1625724895,336516789,9602920,4096
1625724895,336516789,9602928,4096
1625724895,336516789,9602936,4096
1625724895,336516789,9602944,4096
1625724895,336516789,9602952,1024
1625724895,337239254,3346420,4096
1625724895,337239254,3346428,4096
1625724895,337239254,3346436,4096
1625724895,337239254,3346444,4096
1625724895,337240328,3346452,4096
1625724895,337240328,3346460,4096
1625724895,337240328,3346468,4096
1625724895,337240328,3346476,4096
1625724895,337645037,3346412,4096
1625724895,338248344,3346916,4096
1625724895,338249418,3346924,4096
1625724895,338249418,3346932,4096
1625724895,338249418,3346940,4096
1625724895,338249418,3346948,4096
1625724895,338249418,3346956,4096
1625724895,338249418,3346964,4096
1625724895,338249418,3346972,4096
1625724895,339459252,3347740,4096
1625724895,339459252,3347748,4096
1625724895,339459252,3347756,4096
1625724895,339459252,3347764,4096
1625724895,339459252,3347772,4096
1625724895,339459252,3347780,4096
1625724895,339459252,3347788,4096
1625724895,339459252,3347796,4096
1625724895,342217074,3346692,4096
1625724895,342217074,3346700,4096
1625724895,342217074,3346708,4096
1625724895,342218147,3346716,4096
1625724895,342218147,3346724,4096
1625724895,342218147,3346732,4096
1625724895,342218147,3346740,4096
1625724895,342218147,3346748,4096
1625724895,343362498,1295676,4096
1625724895,343362498,1295684,4096
1625724895,343362498,1295692,4096
1625724895,343362498,1295700,4096
1625724895,343363572,1295708,4096
1625724895,343363572,1295716,4096
1625724895,343363572,1295724,4096
1625724895,343363572,1295732,4096
1625724895,360257241,64819160,4096
1625724895,360257241,64819168,4096
1625724895,360258315,64819176,4096
1625724895,360258315,64819184,4096
1625724895,360258315,64819192,4096
1625724895,360258315,64819200,4096
1625724895,360258315,64819208,4096
1625724895,360258315,64819216,4096
1625724895,360258315,64819224,4096
1625724895,360258315,64819232,4096
1625724895,360258315,64819240,4096
1625724895,360259388,64819248,4096
1625724895,360259388,64819256,4096
1625724895,360259388,64819264,4096
1625724895,360259388,64819272,4096
1625724895,360259388,64819280,4096
1625724895,360373179,64819288,4096
1625724895,360373179,64819296,4096
1625724895,360373179,64819304,4096
1625724895,360373179,64819312,4096
1625724895,360373179,64819320,4096
1625724895,360373179,64819328,4096
1625724895,360373179,64819336,4096
1625724895,360373179,64819344,4096
1625724895,360374253,64819352,4096
1625724895,360374253,64819360,4096
1625724895,360374253,64819368,4096
1625724895,360374253,64819376,4096
1625724895,360374253,64819384,4096
1625724895,360374253,64819392,4096
1625724895,360374253,64819400,4096
1625724895,360374253,64819408,4096
1625724895,361584087,64820912,4096
1625724895,361584087,64820920,4096
1625724895,361584087,64820928,4096
1625724895,361584087,64820936,4096
1625724895,361584087,64820944,4096
1625724895,361584087,64820952,4096
1625724895,361585161,64820960,4096
1625724895,361585161,64820968,4096
1625724895,361585161,64820976,4096
1625724895,361585161,64820984,4096
1625724895,361585161,64820992,4096
1625724895,361585161,64821000,4096
1625724895,361585161,64821008,4096
1625724895,361585161,64821016,4096
1625724895,361585161,64821024,4096
1625724895,361586234,64821032,4096
1625724895,361713981,64821040,4096
1625724895,361713981,64821048,4096
1625724895,361713981,64821056,4096
1625724895,361713981,64821064,4096
1625724895,361713981,64821072,4096
1625724895,361713981,64821080,4096
1625724895,361713981,64821088,4096
1625724895,361715054,64821096,4096
1625724895,361715054,64821104,4096
1625724895,361715054,64821112,4096
1625724895,361715054,64821120,4096
1625724895,361715054,64821128,4096
1625724895,361715054,64821136,4096
1625724895,361715054,64821144,4096
1625724895,361715054,64821152,4096
1625724895,361715054,64821160,4096
1625724895,362146601,64819416,4096
1625724895,362147675,64819424,4096
1625724895,362147675,64819432,4096
1625724895,362147675,64819440,4096
1625724895,362147675,64819448,4096
1625724895,362147675,64819456,4096
1625724895,362147675,64819464,4096
1625724895,362147675,64819472,4096
1625724895,362147675,64819480,4096
1625724895,362148748,64819488,4096
1625724895,362148748,64819496,4096
1625724895,362148748,64819504,4096
1625724895,362148748,64819512,4096
1625724895,362148748,64819520,4096
1625724895,362148748,64819528,4096
1625724895,362148748,64819536,4096
1625724895,362263613,64819544,4096
1625724895,362263613,64819552,4096
1625724895,362263613,64819560,4096
1625724895,362263613,64819568,4096
1625724895,362264686,64819576,4096
1625724895,362264686,64819584,4096
1625724895,362264686,64819592,4096
1625724895,362264686,64819600,4096
1625724895,362264686,64819608,4096
1625724895,362264686,64819616,4096
1625724895,362264686,64819624,4096
1625724895,362264686,64819632,4096
1625724895,362264686,64819640,4096
1625724895,362265760,64819648,4096
1625724895,362265760,64819656,4096
1625724895,362265760,64819664,4096
1625724895,363426213,64821168,4096
1625724895,363426213,64821176,4096
1625724895,363426213,64821184,4096
1625724895,363426213,64821192,4096
1625724895,363427287,64821200,4096
1625724895,363427287,64821208,4096
1625724895,363427287,64821216,4096
1625724895,363427287,64821224,4096
1625724895,363427287,64821232,4096
1625724895,363427287,64821240,4096
1625724895,363427287,64821248,4096
1625724895,363427287,64821256,4096
1625724895,363427287,64821264,4096
1625724895,363428360,64821272,4096
1625724895,363428360,64821280,4096
1625724895,363428360,64821288,4096
1625724895,363551813,64821296,4096
1625724895,363552886,64821304,4096
1625724895,363552886,64821312,4096
1625724895,363552886,64821320,4096
1625724895,363552886,64821328,4096
1625724895,363552886,64821336,4096
1625724895,363552886,64821344,4096
1625724895,363552886,64821352,4096
1625724895,363552886,64821360,4096
1625724895,363552886,64821368,4096
1625724895,363553960,64821376,4096
1625724895,363553960,64821384,4096
1625724895,363553960,64821392,4096
1625724895,363553960,64821400,4096
1625724895,363553960,64821408,4096
1625724895,363553960,64821416,4096
1625724895,364330100,64821424,4096
1625724895,364330100,64821432,4096
1625724895,364330100,64821440,4096
1625724895,364330100,64821448,4096
1625724895,364330100,64821456,4096
1625724895,364330100,64821464,4096
1625724895,364330100,64821472,4096
1625724895,364330100,64821480,4096
1625724895,364331174,64821488,4096
1625724895,364331174,64821496,4096
1625724895,364331174,64821504,4096
1625724895,364331174,64821512,4096
1625724895,364331174,64821520,4096
1625724895,364331174,64821528,4096
1625724895,364331174,64821536,4096
1625724895,364331174,64821544,4096
1625724895,364331174,64821552,4096
1625724895,364332247,64821560,4096
1625724895,364332247,64821568,4096
1625724895,364332247,64821576,4096
1625724895,364332247,64821584,4096
1625724895,364332247,64821592,1536
1625724895,364504007,64821595,4096
1625724895,364505081,64821603,4096
1625724895,364505081,64821611,4096
1625724895,364505081,64821619,4096
1625724895,364505081,64821627,4096
1625724895,364505081,64821635,4096
1625724895,364505081,64821643,4096
1625724895,364505081,64821651,4096
1625724895,364505081,64821659,4096
1625724895,364505081,64821667,4096
1625724895,364506154,64821675,4096
1625724895,364506154,64821683,4096
1625724895,364506154,64821691,4096
1625724895,364506154,64821699,4096
1625724895,364506154,64821707,4096
1625724895,364506154,64821715,4096
1625724895,364506154,64821723,4096
1625724895,364506154,64821731,4096
1625724895,364506154,64821739,4096
1625724895,364507228,64821747,4096
1625724895,364507228,64821755,4096
1625724895,364507228,64821763,1536
1625724895,364678988,64821766,4096
1625724895,364678988,64821774,4096
1625724895,364678988,64821782,4096
1625724895,364678988,64821790,4096
1625724895,364678988,64821798,4096
1625724895,364678988,64821806,4096
1625724895,364678988,64821814,4096
1625724895,364680061,64821822,4096
1625724895,364680061,64821830,4096
1625724895,364680061,64821838,4096
1625724895,364680061,64821846,4096
1625724895,364680061,64821854,4096
1625724895,364680061,64821862,4096
1625724895,364680061,64821870,4096
1625724895,364680061,64821878,4096
1625724895,364680061,64821886,4096
1625724895,364681135,64821894,4096
1625724895,364681135,64821902,4096
1625724895,364681135,64821910,4096
1625724895,364681135,64821918,4096
1625724895,364681135,64821926,4096
1625724895,364681135,64821934,1024
1625724895,365951085,48818368,4096
1625724895,365951085,48818376,4096
1625724895,365951085,48818384,4096
1625724895,365951085,48818392,4096
1625724895,365951085,48818400,4096
1625724895,365952159,48818408,4096
1625724895,365952159,48818416,4096
1625724895,365952159,48818424,4096
1625724895,365952159,48818432,4096
1625724895,365952159,48818440,4096
1625724895,365952159,48818448,4096
1625724895,365952159,48818456,4096
1625724895,365952159,48818464,4096
1625724895,365952159,48818472,4096
1625724895,365953232,48818480,4096
1625724895,365953232,48818488,4096
1625724895,365953232,48818496,4096
1625724895,365953232,48818504,4096
1625724895,365953232,48818512,4096
1625724895,365953232,48818520,4096
1625724895,365953232,48818528,4096
1625724895,365953232,48818536,1536
1625724895,366102449,48818539,4096
1625724895,366102449,48818547,4096
1625724895,366103522,48818555,4096
1625724895,366103522,48818563,4096
1625724895,366103522,48818571,4096
1625724895,366103522,48818579,4096
1625724895,366103522,48818587,4096
1625724895,366103522,48818595,4096
1625724895,366103522,48818603,4096
1625724895,366103522,48818611,4096
1625724895,366104596,48818619,4096
1625724895,366104596,48818627,4096
1625724895,366104596,48818635,4096
1625724895,366104596,48818643,4096
1625724895,366104596,48818651,4096
1625724895,366104596,48818659,4096
1625724895,366104596,48818667,4096
1625724895,366104596,48818675,4096
1625724895,366104596,48818683,4096
1625724895,366105669,48818691,4096
1625724895,366105669,48818699,4096
1625724895,366105669,48818707,1536
1625724895,366269915,48818710,4096
1625724895,366269915,48818718,4096
1625724895,366269915,48818726,4096
1625724895,366269915,48818734,4096
1625724895,366269915,48818742,4096
1625724895,366269915,48818750,4096
1625724895,366270988,48818758,4096
1625724895,366270988,48818766,4096
1625724895,366270988,48818774,4096
1625724895,366270988,48818782,4096
1625724895,366270988,48818790,4096
1625724895,366270988,48818798,4096
1625724895,366270988,48818806,4096
1625724895,366270988,48818814,4096
1625724895,366272062,48818822,4096
1625724895,366272062,48818830,4096
1625724895,366272062,48818838,4096
1625724895,366272062,48818846,4096
1625724895,366272062,48818854,4096
1625724895,366272062,48818862,4096
1625724895,366272062,48818870,4096
1625724895,366272062,48818878,1024
1625724895,367192051,48818880,4096
1625724895,367192051,48818888,4096
1625724895,367192051,48818896,4096
1625724895,367192051,48818904,4096
1625724895,367192051,48818912,4096
1625724895,367192051,48818920,4096
1625724895,367192051,48818928,4096
1625724895,367193125,48818936,4096
1625724895,367193125,48818944,4096
1625724895,367193125,48818952,4096
1625724895,367193125,48818960,4096
1625724895,367193125,48818968,4096
1625724895,367193125,48818976,4096
1625724895,367193125,48818984,4096
1625724895,367193125,48818992,4096
1625724895,367193125,48819000,4096
1625724895,367194198,48819008,4096
1625724895,367194198,48819016,4096
1625724895,367194198,48819024,4096
1625724895,367194198,48819032,4096
1625724895,367194198,48819040,4096
1625724895,367194198,48819048,1536
1625724895,367376693,48819051,4096
1625724895,367377767,48819059,4096
1625724895,367377767,48819067,4096
1625724895,367377767,48819075,4096
1625724895,367377767,48819083,4096
1625724895,367377767,48819091,4096
1625724895,367377767,48819099,4096
1625724895,367377767,48819107,4096
1625724895,367377767,48819115,4096
1625724895,367377767,48819123,4096
1625724895,367378840,48819131,4096
1625724895,367378840,48819139,4096
1625724895,367378840,48819147,4096
1625724895,367378840,48819155,4096
1625724895,367378840,48819163,4096
1625724895,367378840,48819171,4096
1625724895,367378840,48819179,4096
1625724895,367378840,48819187,4096
1625724895,367378840,48819195,4096
1625724895,367379914,48819203,4096
1625724895,367379914,48819211,4096
1625724895,367379914,48819219,1536
1625724895,367551674,48819222,4096
1625724895,367551674,48819230,4096
1625724895,367551674,48819238,4096
1625724895,367551674,48819246,4096
1625724895,367551674,48819254,4096
1625724895,367551674,48819262,4096
1625724895,367551674,48819270,4096
1625724895,367552747,48819278,4096
1625724895,367552747,48819286,4096
1625724895,367552747,48819294,4096
1625724895,367552747,48819302,4096
1625724895,367552747,48819310,4096
1625724895,367552747,48819318,4096
1625724895,367552747,48819326,4096
1625724895,367552747,48819334,4096
1625724895,367552747,48819342,4096
1625724895,367553821,48819350,4096
1625724895,367553821,48819358,4096
1625724895,367553821,48819366,4096
1625724895,367553821,48819374,4096
1625724895,367553821,48819382,4096
1625724895,367553821,48819390,1024
1625724895,368585454,48819392,4096
1625724895,368585454,48819400,4096
1625724895,368585454,48819408,4096
1625724895,368585454,48819416,4096
1625724895,368585454,48819424,4096
1625724895,368585454,48819432,4096
1625724895,368585454,48819440,4096
1625724895,368586528,48819448,4096
1625724895,368586528,48819456,4096
1625724895,368586528,48819464,4096
1625724895,368586528,48819472,4096
1625724895,368586528,48819480,4096
1625724895,368586528,48819488,4096
1625724895,368586528,48819496,4096
1625724895,368586528,48819504,4096
1625724895,368586528,48819512,4096
1625724895,368587601,48819520,4096
1625724895,368587601,48819528,4096
1625724895,368587601,48819536,4096
1625724895,368587601,48819544,4096
1625724895,368587601,48819552,4096
1625724895,368587601,48819560,1536
1625724895,368757214,48819563,4096
1625724895,368757214,48819571,4096
1625724895,368757214,48819579,4096
1625724895,368757214,48819587,4096
1625724895,368757214,48819595,4096
1625724895,368757214,48819603,4096
1625724895,368757214,48819611,4096
1625724895,368758288,48819619,4096
1625724895,368758288,48819627,4096
1625724895,368758288,48819635,4096
1625724895,368758288,48819643,4096
1625724895,368758288,48819651,4096
1625724895,368758288,48819659,4096
1625724895,368758288,48819667,4096
1625724895,368758288,48819675,4096
1625724895,368758288,48819683,4096
1625724895,368759361,48819691,4096
1625724895,368759361,48819699,4096
1625724895,368759361,48819707,4096
1625724895,368759361,48819715,4096
1625724895,368759361,48819723,4096
1625724895,368759361,48819731,1536
1625724895,368941856,48819734,4096
1625724895,368941856,48819742,4096
1625724895,368941856,48819750,4096
1625724895,368941856,48819758,4096
1625724895,368941856,48819766,4096
1625724895,368941856,48819774,4096
1625724895,368941856,48819782,4096
1625724895,368942930,48819790,4096
1625724895,368942930,48819798,4096
1625724895,368942930,48819806,4096
1625724895,368942930,48819814,4096
1625724895,368942930,48819822,4096
1625724895,368942930,48819830,4096
1625724895,368942930,48819838,4096
1625724895,368942930,48819846,4096
1625724895,368942930,48819854,4096
1625724895,368944003,48819862,4096
1625724895,368944003,48819870,4096
1625724895,368944003,48819878,4096
1625724895,368944003,48819886,4096
1625724895,368944003,48819894,4096
1625724895,368944003,48819902,1024
1625724895,370093722,48819904,4096
1625724895,370093722,48819912,4096
1625724895,370093722,48819920,4096
1625724895,370093722,48819928,4096
1625724895,370093722,48819936,4096
1625724895,370093722,48819944,4096
1625724895,370094795,48819952,4096
1625724895,370094795,48819960,4096
1625724895,370094795,48819968,4096
1625724895,370094795,48819976,4096
1625724895,370094795,48819984,4096
1625724895,370094795,48819992,4096
1625724895,370094795,48820000,4096
1625724895,370094795,48820008,4096
1625724895,370095869,48820016,4096
1625724895,370095869,48820024,4096
1625724895,370095869,48820032,4096
1625724895,370095869,48820040,4096
1625724895,370095869,48820048,4096
1625724895,370095869,48820056,4096
1625724895,370095869,48820064,4096
1625724895,370095869,48820072,1536
1625724895,370265482,48820075,4096
1625724895,370265482,48820083,4096
1625724895,370265482,48820091,4096
1625724895,370266555,48820099,4096
1625724895,370266555,48820107,4096
1625724895,370266555,48820115,4096
1625724895,370266555,48820123,4096
1625724895,370266555,48820131,4096
1625724895,370266555,48820139,4096
1625724895,370266555,48820147,4096
1625724895,370266555,48820155,4096
1625724895,370266555,48820163,4096
1625724895,370267629,48820171,4096
1625724895,370267629,48820179,4096
1625724895,370267629,48820187,4096
1625724895,370267629,48820195,4096
1625724895,370267629,48820203,4096
1625724895,370267629,48820211,4096
1625724895,370267629,48820219,4096
1625724895,370267629,48820227,4096
1625724895,370267629,48820235,4096
1625724895,370268702,48820243,1536
1625724895,370438315,48820246,4096
1625724895,370438315,48820254,4096
1625724895,370438315,48820262,4096
1625724895,370439389,48820270,4096
1625724895,370439389,48820278,4096
1625724895,370439389,48820286,4096
1625724895,370439389,48820294,4096
1625724895,370439389,48820302,4096
1625724895,370439389,48820310,4096
1625724895,370439389,48820318,4096
1625724895,370439389,48820326,4096
1625724895,370439389,48820334,4096
1625724895,370440462,48820342,4096
1625724895,370440462,48820350,4096
1625724895,370440462,48820358,4096
1625724895,370440462,48820366,4096
1625724895,370440462,48820374,4096
1625724895,370440462,48820382,4096
1625724895,370440462,48820390,4096
1625724895,370440462,48820398,4096
1625724895,370440462,48820406,4096
1625724895,370441536,48820414,1024
1625724895,371663179,69548968,4096
1625724895,371664252,69548976,4096
1625724895,371664252,69548984,4096
1625724895,371664252,69548992,4096
1625724895,371664252,69549000,4096
1625724895,371664252,69549008,4096
1625724895,371664252,69549016,4096
1625724895,371664252,69549024,4096
1625724895,371664252,69549032,4096
1625724895,371665326,69549040,4096
1625724895,371665326,69549048,4096
1625724895,371665326,69549056,4096
1625724895,371665326,69549064,4096
1625724895,371665326,69549072,4096
1625724895,371665326,69549080,4096
1625724895,371665326,69549088,4096
1625724895,371781264,69549096,4096
1625724895,371781264,69549104,4096
1625724895,371781264,69549112,4096
1625724895,371781264,69549120,4096
1625724895,371782337,69549128,4096
1625724895,371782337,69549136,4096
1625724895,371782337,69549144,4096
1625724895,371782337,69549152,4096
1625724895,371782337,69549160,4096
1625724895,371782337,69549168,4096
1625724895,371782337,69549176,4096
1625724895,371782337,69549184,4096
1625724895,371782337,69549192,4096
1625724895,371783411,69549200,4096
1625724895,371783411,69549208,4096
1625724895,371783411,69549216,4096
1625724895,371912231,69549224,4096
1625724895,371912231,69549232,4096
1625724895,371912231,69549240,4096
1625724895,371912231,69549248,4096
1625724895,371912231,69549256,4096
1625724895,371912231,69549264,4096
1625724895,371912231,69549272,4096
1625724895,371912231,69549280,4096
1625724895,371913304,69549288,4096
1625724895,371913304,69549296,4096
1625724895,371913304,69549304,4096
1625724895,371913304,69549312,4096
1625724895,371913304,69549320,4096
1625724895,371913304,69549328,4096
1625724895,371913304,69549336,4096
1625724895,371913304,69549344,4096
1625724895,372043198,69549352,4096
1625724895,372043198,69549360,4096
1625724895,372043198,69549368,4096
1625724895,372043198,69549376,4096
1625724895,372043198,69549384,4096
1625724895,372044271,69549392,4096
1625724895,372044271,69549400,4096
1625724895,372044271,69549408,4096
1625724895,372044271,69549416,4096
1625724895,372044271,69549424,4096
1625724895,372044271,69549432,4096
1625724895,372044271,69549440,4096
1625724895,372044271,69549448,4096
1625724895,372045345,69549456,4096
1625724895,372045345,69549464,4096
1625724895,372045345,69549472,4096
1625724895,373261620,69549480,4096
1625724895,373262694,69549488,4096
1625724895,373262694,69549496,4096
1625724895,373262694,69549504,4096
1625724895,373262694,69549512,4096
1625724895,373262694,69549520,4096
1625724895,373262694,69549528,4096
1625724895,373262694,69549536,4096
1625724895,373263767,69549544,4096
1625724895,373263767,69549552,4096
1625724895,373263767,69549560,4096
1625724895,373263767,69549568,4096
1625724895,373263767,69549576,4096
1625724895,373263767,69549584,4096
1625724895,373263767,69549592,4096
1625724895,373263767,69549600,4096
1625724895,373263767,69549608,4096
1625724895,373264841,69549616,4096
1625724895,373264841,69549624,4096
1625724895,373264841,69549632,4096
1625724895,373264841,69549640,4096
1625724895,373264841,69549648,1536
1625724895,373432307,69549651,4096
1625724895,373433380,69549659,4096
1625724895,373433380,69549667,4096
1625724895,373433380,69549675,4096
1625724895,373433380,69549683,4096
1625724895,373433380,69549691,4096
1625724895,373433380,69549699,4096
1625724895,373433380,69549707,4096
1625724895,373433380,69549715,4096
1625724895,373433380,69549723,4096
1625724895,373434454,69549731,4096
1625724895,373434454,69549739,4096
1625724895,373434454,69549747,4096
1625724895,373434454,69549755,4096
1625724895,373434454,69549763,4096
1625724895,373434454,69549771,4096
1625724895,373434454,69549779,4096
1625724895,373434454,69549787,4096
1625724895,373434454,69549795,4096
1625724895,373435527,69549803,4096
1625724895,373435527,69549811,4096
1625724895,373435527,69549819,1536
1625724895,373618022,69549822,4096
1625724895,373618022,69549830,4096
1625724895,373618022,69549838,4096
1625724895,373619096,69549846,4096
1625724895,373619096,69549854,4096
1625724895,373619096,69549862,4096
1625724895,373619096,69549870,4096
1625724895,373619096,69549878,4096
1625724895,373619096,69549886,4096
1625724895,373619096,69549894,4096
1625724895,373619096,69549902,4096
1625724895,373619096,69549910,4096
1625724895,373620169,69549918,4096
1625724895,373620169,69549926,4096
1625724895,373620169,69549934,4096
1625724895,373620169,69549942,4096
1625724895,373620169,69549950,4096
1625724895,373620169,69549958,4096
1625724895,373620169,69549966,4096
1625724895,373620169,69549974,4096
1625724895,373620169,69549982,4096
1625724895,373621243,69549990,1024
1625724895,374827857,69549992,4096
1625724895,374827857,69550000,4096
1625724895,374827857,69550008,4096
1625724895,374828930,69550016,4096
1625724895,374828930,69550024,4096
1625724895,374828930,69550032,4096
1625724895,374828930,69550040,4096
1625724895,374828930,69550048,4096
1625724895,374828930,69550056,4096
1625724895,374828930,69550064,4096
1625724895,374828930,69550072,4096
1625724895,374828930,69550080,4096
1625724895,374830004,69550088,4096
1625724895,374830004,69550096,4096
1625724895,374830004,69550104,4096
1625724895,374830004,69550112,4096
1625724895,374830004,69550120,4096
1625724895,374830004,69550128,4096
1625724895,374830004,69550136,4096
1625724895,374830004,69550144,4096
1625724895,374830004,69550152,4096
1625724895,374831077,69550160,1536
1625724895,375006058,69550163,4096
1625724895,375006058,69550171,4096
1625724895,375006058,69550179,4096
1625724895,375007131,69550187,4096
1625724895,375007131,69550195,4096
1625724895,375007131,69550203,4096
1625724895,375007131,69550211,4096
1625724895,375007131,69550219,4096
1625724895,375007131,69550227,4096
1625724895,375007131,69550235,4096
1625724895,375007131,69550243,4096
1625724895,375007131,69550251,4096
1625724895,375008205,69550259,4096
1625724895,375008205,69550267,4096
1625724895,375008205,69550275,4096
1625724895,375008205,69550283,4096
1625724895,375008205,69550291,4096
1625724895,375008205,69550299,4096
1625724895,375008205,69550307,4096
1625724895,375008205,69550315,4096
1625724895,375008205,69550323,4096
1625724895,375009278,69550331,1536
1625724895,375183185,69550334,4096
1625724895,375183185,69550342,4096
1625724895,375184259,69550350,4096
1625724895,375184259,69550358,4096
1625724895,375184259,69550366,4096
1625724895,375184259,69550374,4096
1625724895,375184259,69550382,4096
1625724895,375184259,69550390,4096
1625724895,375184259,69550398,4096
1625724895,375184259,69550406,4096
1625724895,375184259,69550414,4096
1625724895,375185332,69550422,4096
1625724895,375185332,69550430,4096
1625724895,375185332,69550438,4096
1625724895,375185332,69550446,4096
1625724895,375185332,69550454,4096
1625724895,375185332,69550462,4096
1625724895,375185332,69550470,4096
1625724895,375185332,69550478,4096
1625724895,375185332,69550486,4096
1625724895,375186406,69550494,4096
1625724895,375186406,69550502,1024
1625724895,376472459,69550504,4096
1625724895,376473532,69550512,4096
1625724895,376473532,69550520,4096
1625724895,376473532,69550528,4096
1625724895,376473532,69550536,4096
1625724895,376473532,69550544,4096
1625724895,376473532,69550552,4096
1625724895,376473532,69550560,4096
1625724895,376473532,69550568,4096
1625724895,376473532,69550576,4096
1625724895,376474606,69550584,4096
1625724895,376474606,69550592,4096
1625724895,376474606,69550600,4096
1625724895,376474606,69550608,4096
1625724895,376474606,69550616,4096
1625724895,376474606,69550624,4096
1625724895,376474606,69550632,4096
1625724895,376474606,69550640,4096
1625724895,376474606,69550648,4096
1625724895,376475679,69550656,4096
1625724895,376475679,69550664,4096
1625724895,376475679,69550672,1536
1625724895,376661395,69550675,4096
1625724895,376661395,69550683,4096
1625724895,376662468,69550691,4096
1625724895,376662468,69550699,4096
1625724895,376662468,69550707,4096
1625724895,376662468,69550715,4096
1625724895,376662468,69550723,4096
1625724895,376662468,69550731,4096
1625724895,376662468,69550739,4096
1625724895,376662468,69550747,4096
1625724895,376662468,69550755,4096
1625724895,376663542,69550763,4096
1625724895,376663542,69550771,4096
1625724895,376663542,69550779,4096
1625724895,376663542,69550787,4096
1625724895,376663542,69550795,4096
1625724895,376663542,69550803,4096
1625724895,376663542,69550811,4096
1625724895,376663542,69550819,4096
1625724895,376664615,69550827,4096
1625724895,376664615,69550835,4096
1625724895,376664615,69550843,1536
1625724895,376841743,69550846,4096
1625724895,376841743,69550854,4096
1625724895,376841743,69550862,4096
1625724895,376842816,69550870,4096
1625724895,376842816,69550878,4096
1625724895,376842816,69550886,4096
1625724895,376842816,69550894,4096
1625724895,376842816,69550902,4096
1625724895,376842816,69550910,4096
1625724895,376842816,69550918,4096
1625724895,376842816,69550926,4096
1625724895,376842816,69550934,4096
1625724895,376843890,69550942,4096
1625724895,376843890,69550950,4096
1625724895,376843890,69550958,4096
1625724895,376843890,69550966,4096
1625724895,376843890,69550974,4096
1625724895,376843890,69550982,4096
1625724895,376843890,69550990,4096
1625724895,376843890,69550998,4096
1625724895,376843890,69551006,4096
1625724895,376844963,69551014,1024
1625724895,377986094,69551016,4096
1625724895,377986094,69551024,4096
1625724895,377986094,69551032,4096
1625724895,377986094,69551040,4096
1625724895,377986094,69551048,4096
1625724895,377986094,69551056,4096
1625724895,377987167,69551064,4096
1625724895,377987167,69551072,4096
1625724895,377987167,69551080,4096
1625724895,377987167,69551088,4096
1625724895,377987167,69551096,4096
1625724895,377987167,69551104,4096
1625724895,377987167,69551112,4096
1625724895,377987167,69551120,4096
1625724895,377987167,69551128,4096
1625724895,377988241,69551136,4096
1625724895,377988241,69551144,4096
1625724895,377988241,69551152,4096
1625724895,377988241,69551160,4096
1625724895,377988241,69551168,4096
1625724895,377988241,69551176,4096
1625724895,377988241,69551184,1536
1625724895,378158927,69551187,4096
1625724895,378160001,69551195,4096
1625724895,378160001,69551203,4096
1625724895,378160001,69551211,4096
1625724895,378160001,69551219,4096
1625724895,378160001,69551227,4096
1625724895,378160001,69551235,4096
1625724895,378161074,69551243,4096
1625724895,378161074,69551251,4096
1625724895,378161074,69551259,4096
1625724895,378161074,69551267,4096
1625724895,378161074,69551275,4096
1625724895,378161074,69551283,4096
1625724895,378161074,69551291,4096
1625724895,378161074,69551299,4096
1625724895,378161074,69551307,4096
1625724895,378162148,69551315,4096
1625724895,378162148,69551323,4096
1625724895,378162148,69551331,4096
1625724895,378162148,69551339,4096
1625724895,378162148,69551347,4096
1625724895,378162148,69551355,1536
1625724895,378340349,69551358,4096
1625724895,378340349,69551366,4096
1625724895,378340349,69551374,4096
1625724895,378341422,69551382,4096
1625724895,378341422,69551390,4096
1625724895,378341422,69551398,4096
1625724895,378341422,69551406,4096
1625724895,378341422,69551414,4096
1625724895,378341422,69551422,4096
1625724895,378341422,69551430,4096
1625724895,378341422,69551438,4096
1625724895,378341422,69551446,4096
1625724895,378342496,69551454,4096
1625724895,378342496,69551462,4096
1625724895,378342496,69551470,4096
1625724895,378342496,69551478,4096
1625724895,378342496,69551486,4096
1625724895,378342496,69551494,4096
1625724895,378342496,69551502,4096
1625724895,378342496,69551510,4096
1625724895,378342496,69551518,4096
1625724895,378343569,69551526,1024
1625724895,379490067,69551528,4096
1625724895,379490067,69551536,4096
1625724895,379491141,69551544,4096
1625724895,379491141,69551552,4096
1625724895,379491141,69551560,4096
1625724895,379491141,69551568,4096
1625724895,379491141,69551576,4096
1625724895,379491141,69551584,4096
1625724895,379491141,69551592,4096
1625724895,379491141,69551600,4096
1625724895,379491141,69551608,4096
1625724895,379492214,69551616,4096
1625724895,379492214,69551624,4096
1625724895,379492214,69551632,4096
1625724895,379492214,69551640,4096
1625724895,379492214,69551648,4096
1625724895,379492214,69551656,4096
1625724895,379492214,69551664,4096
1625724895,379492214,69551672,4096
1625724895,379492214,69551680,4096
1625724895,379493288,69551688,4096
1625724895,379493288,69551696,1536
1625724895,379667195,69551699,4096
1625724895,379667195,69551707,4096
1625724895,379668268,69551715,4096
1625724895,379668268,69551723,4096
1625724895,379668268,69551731,4096
1625724895,379668268,69551739,4096
1625724895,379668268,69551747,4096
1625724895,379668268,69551755,4096
1625724895,379668268,69551763,4096
1625724895,379668268,69551771,4096
1625724895,379668268,69551779,4096
1625724895,379669342,69551787,4096
1625724895,379669342,69551795,4096
1625724895,379669342,69551803,4096
1625724895,379669342,69551811,4096
1625724895,379669342,69551819,4096
1625724895,379669342,69551827,4096
1625724895,379669342,69551835,4096
1625724895,379669342,69551843,4096
1625724895,379669342,69551851,4096
1625724895,379670415,69551859,4096
1625724895,379670415,69551867,1536
1625724895,379836808,69551870,4096
1625724895,379836808,69551878,4096
1625724895,379836808,69551886,4096
1625724895,379836808,69551894,4096
1625724895,379836808,69551902,4096
1625724895,379836808,69551910,4096
1625724895,379837881,69551918,4096
1625724895,379837881,69551926,4096
1625724895,379837881,69551934,4096
1625724895,379837881,69551942,4096
1625724895,379837881,69551950,4096
1625724895,379837881,69551958,4096
1625724895,379837881,69551966,4096
1625724895,379837881,69551974,4096
1625724895,379837881,69551982,4096
1625724895,379838955,69551990,4096
1625724895,379838955,69551998,4096
1625724895,379838955,69552006,4096
1625724895,379838955,69552014,4096
1625724895,379838955,69552022,4096
1625724895,379838955,69552030,4096
1625724895,379838955,69552038,1024
1625724895,380981159,69552040,4096
1625724895,380982232,69552048,4096
1625724895,380982232,69552056,4096
1625724895,380982232,69552064,4096
1625724895,380982232,69552072,4096
1625724895,380982232,69552080,4096
1625724895,380982232,69552088,4096
1625724895,380982232,69552096,4096
1625724895,380982232,69552104,4096
1625724895,380982232,69552112,4096
1625724895,380983306,69552120,4096
1625724895,380983306,69552128,4096
1625724895,380983306,69552136,4096
1625724895,380983306,69552144,4096
1625724895,380983306,69552152,4096
1625724895,380983306,69552160,4096
1625724895,380983306,69552168,4096
1625724895,380983306,69552176,4096
1625724895,380983306,69552184,4096
1625724895,380983306,69552192,4096
1625724895,380984379,69552200,4096
1625724895,380984379,69552208,1536
1625724895,381165801,69552211,4096
1625724895,381165801,69552219,4096
1625724895,381165801,69552227,4096
1625724895,381165801,69552235,4096
1625724895,381165801,69552243,4096
1625724895,381165801,69552251,4096
1625724895,381165801,69552259,4096
1625724895,381165801,69552267,4096
1625724895,381165801,69552275,4096
1625724895,381166874,69552283,4096
1625724895,381166874,69552291,4096
1625724895,381166874,69552299,4096
1625724895,381166874,69552307,4096
1625724895,381166874,69552315,4096
1625724895,381166874,69552323,4096
1625724895,381166874,69552331,4096
1625724895,381166874,69552339,4096
1625724895,381166874,69552347,4096
1625724895,381167948,69552355,4096
1625724895,381167948,69552363,4096
1625724895,381167948,69552371,4096
1625724895,381167948,69552379,1536
1625724895,381341855,69552382,4096
1625724895,381341855,69552390,4096
1625724895,381341855,69552398,4096
1625724895,381341855,69552406,4096
1625724895,381341855,69552414,4096
1625724895,381342928,69552422,4096
1625724895,381342928,69552430,4096
1625724895,381342928,69552438,4096
1625724895,381342928,69552446,4096
1625724895,381342928,69552454,4096
1625724895,381342928,69552462,4096
1625724895,381342928,69552470,4096
1625724895,381342928,69552478,4096
1625724895,381344002,69552486,4096
1625724895,381344002,69552494,4096
1625724895,381344002,69552502,4096
1625724895,381344002,69552510,4096
1625724895,381344002,69552518,4096
1625724895,381344002,69552526,4096
1625724895,381344002,69552534,4096
1625724895,381344002,69552542,4096
1625724895,381345075,69552550,1024
1625724895,382610732,69552552,4096
1625724895,382610732,69552560,4096
1625724895,382610732,69552568,4096
1625724895,382610732,69552576,4096
1625724895,382610732,69552584,4096
1625724895,382610732,69552592,4096
1625724895,382611805,69552600,4096
1625724895,382611805,69552608,4096
1625724895,382611805,69552616,4096
1625724895,382611805,69552624,4096
1625724895,382611805,69552632,4096
1625724895,382611805,69552640,4096
1625724895,382611805,69552648,4096
1625724895,382611805,69552656,4096
1625724895,382611805,69552664,4096
1625724895,382612879,69552672,4096
1625724895,382612879,69552680,4096
1625724895,382612879,69552688,4096
1625724895,382612879,69552696,4096
1625724895,382612879,69552704,4096
1625724895,382612879,69552712,4096
1625724895,382612879,69552720,1536
1625724895,382796447,69552723,4096
1625724895,382796447,69552731,4096
1625724895,382796447,69552739,4096
1625724895,382796447,69552747,4096
1625724895,382796447,69552755,4096
1625724895,382796447,69552763,4096
1625724895,382797521,69552771,4096
1625724895,382797521,69552779,4096
1625724895,382797521,69552787,4096
1625724895,382797521,69552795,4096
1625724895,382797521,69552803,4096
1625724895,382797521,69552811,4096
1625724895,382797521,69552819,4096
1625724895,382797521,69552827,4096
1625724895,382797521,69552835,4096
1625724895,382798594,69552843,4096
1625724895,382798594,69552851,4096
1625724895,382798594,69552859,4096
1625724895,382798594,69552867,4096
1625724895,382798594,69552875,4096
1625724895,382798594,69552883,4096
1625724895,382798594,69552891,1536
1625724895,382970354,69552894,4096
1625724895,382970354,69552902,4096
1625724895,382970354,69552910,4096
1625724895,382970354,69552918,4096
1625724895,382970354,69552926,4096
1625724895,382971428,69552934,4096
1625724895,382971428,69552942,4096
1625724895,382971428,69552950,4096
1625724895,382971428,69552958,4096
1625724895,382971428,69552966,4096
1625724895,382971428,69552974,4096
1625724895,382971428,69552982,4096
1625724895,382971428,69552990,4096
1625724895,382971428,69552998,4096
1625724895,382972501,69553006,4096
1625724895,382972501,69553014,4096
1625724895,382972501,69553022,4096
1625724895,382972501,69553030,4096
1625724895,382972501,69553038,4096
1625724895,382972501,69553046,4096
1625724895,382972501,69553054,4096
1625724895,382972501,69553062,1024
1625724895,383910740,69553064,4096
1625724895,383910740,69553072,4096
1625724895,383911814,69553080,4096
1625724895,383911814,69553088,4096
1625724895,383911814,69553096,4096
1625724895,383911814,69553104,4096
1625724895,383911814,69553112,4096
1625724895,384247819,62669352,4096
1625724895,384247819,62669360,4096
1625724895,384247819,62669368,4096
1625724895,384247819,62669376,4096
1625724895,384247819,62669384,4096
1625724895,384247819,62669392,4096
1625724895,384248893,62669400,4096
1625724895,384248893,62669408,4096
1625724895,384248893,62669416,4096
1625724895,384248893,62669424,4096
1625724895,384248893,62669432,4096
1625724895,384248893,62669440,4096
1625724895,384248893,62669448,2048
1625724895,384597780,62669452,4096
1625724895,384597780,62669460,4096
1625724895,384597780,62669468,4096
1625724895,384597780,62669476,4096
1625724895,384597780,62669484,4096
1625724895,384597780,62669492,4096
1625724895,384598854,62669500,4096
1625724895,384598854,62669508,4096
1625724895,384598854,62669516,4096
1625724895,384598854,62669524,4096
1625724895,384598854,62669532,4096
1625724895,384598854,62669540,4096
1625724895,384598854,62669548,2048
1625724895,384763099,62669552,4096
1625724895,384763099,62669560,4096
1625724895,384764173,62669568,4096
1625724895,384764173,62669576,4096
1625724895,384764173,62669584,4096
1625724895,384764173,62669592,4096
1625724895,384764173,62669600,4096
1625724895,384764173,62669608,4096
1625724895,384764173,62669616,4096
1625724895,384764173,62669624,4096
1625724895,384765246,62669632,4096
1625724895,384765246,62669640,4096
1625724895,384765246,62669648,4096
1625724895,384765246,62669656,4096
1625724895,384765246,62669664,4096
1625724895,384765246,62669672,4096
1625724895,385257983,62669680,4096
1625724895,385257983,62669688,4096
1625724895,385259056,62669696,4096
1625724895,385259056,62669704,4096
1625724895,385259056,62669712,4096
1625724895,385259056,62669720,4096
1625724895,385259056,62669728,4096
1625724895,385259056,62669736,4096
1625724895,385259056,62669744,4096
1625724895,385259056,62669752,4096
1625724895,385259056,62669760,4096
1625724895,385260130,62669768,4096
1625724895,385260130,62669776,4096
1625724895,385260130,62669784,4096
1625724895,385260130,62669792,4096
1625724895,385260130,62669800,4096
1625724895,386164017,62669808,4096
1625724895,386164017,62669816,4096
1625724895,386164017,62669824,4096
1625724895,386164017,62669832,4096
1625724895,386164017,62669840,4096
1625724895,386164017,62669848,4096
1625724895,386164017,62669856,4096
1625724895,386164017,62669864,4096
1625724895,386164017,62669872,4096
1625724895,386165090,62669880,4096
1625724895,386165090,62669888,4096
1625724895,386165090,62669896,4096
1625724895,386165090,62669904,4096
1625724895,386165090,62669912,4096
1625724895,386165090,62669920,4096
1625724895,386165090,62669928,4096
1625724895,386165090,62669936,4096
1625724895,386165090,62669944,4096
1625724895,386166164,62669952,4096
1625724895,386166164,62669960,4096
1625724895,386166164,62669968,4096
1625724895,386166164,62669976,1536
1625724895,386346512,62669979,4096
1625724895,386346512,62669987,4096
1625724895,386346512,62669995,4096
1625724895,386346512,62670003,4096
1625724895,386346512,62670011,4096
1625724895,386347585,62670019,4096
1625724895,386347585,62670027,4096
1625724895,386347585,62670035,4096
1625724895,386347585,62670043,4096
1625724895,386347585,62670051,4096
1625724895,386347585,62670059,4096
1625724895,386347585,62670067,4096
1625724895,386347585,62670075,4096
1625724895,386347585,62670083,4096
1625724895,386347585,62670091,4096
1625724895,386348659,62670099,4096
1625724895,386348659,62670107,4096
1625724895,386348659,62670115,4096
1625724895,386348659,62670123,4096
1625724895,386348659,62670131,4096
1625724895,386348659,62670139,4096
1625724895,386348659,62670147,1536
1625724895,386518272,62670150,4096
1625724895,386518272,62670158,4096
1625724895,386518272,62670166,4096
1625724895,386519345,62670174,4096
1625724895,386519345,62670182,4096
1625724895,386519345,62670190,4096
1625724895,386519345,62670198,4096
1625724895,386519345,62670206,4096
1625724895,386519345,62670214,4096
1625724895,386519345,62670222,4096
1625724895,386519345,62670230,4096
1625724895,386520419,62670238,4096
1625724895,386520419,62670246,4096
1625724895,386520419,62670254,4096
1625724895,386520419,62670262,4096
1625724895,386520419,62670270,4096
1625724895,386520419,62670278,4096
1625724895,386520419,62670286,4096
1625724895,386520419,62670294,4096
1625724895,386520419,62670302,4096
1625724895,386521492,62670310,4096
1625724895,386521492,62670318,1024
1625724895,387542391,62670320,4096
1625724895,387542391,62670328,4096
1625724895,387542391,62670336,4096
1625724895,387543464,62670344,4096
1625724895,387543464,62670352,4096
1625724895,387543464,62670360,4096
1625724895,387543464,62670368,4096
1625724895,387543464,62670376,4096
1625724895,387543464,62670384,4096
1625724895,387543464,62670392,4096
1625724895,387543464,62670400,4096
1625724895,387543464,62670408,4096
1625724895,387544538,62670416,4096
1625724895,387544538,62670424,4096
1625724895,387544538,62670432,4096
1625724895,387544538,62670440,4096
1625724895,387544538,62670448,4096
1625724895,387544538,62670456,4096
1625724895,387544538,62670464,4096
1625724895,387544538,62670472,4096
1625724895,387544538,62670480,4096
1625724895,387545611,62670488,1536
1625724895,387714151,62670491,4096
1625724895,387714151,62670499,4096
1625724895,387714151,62670507,4096
1625724895,387714151,62670515,4096
1625724895,387714151,62670523,4096
1625724895,387714151,62670531,4096
1625724895,387714151,62670539,4096
1625724895,387714151,62670547,4096
1625724895,387715224,62670555,4096
1625724895,387715224,62670563,4096
1625724895,387715224,62670571,4096
1625724895,387715224,62670579,4096
1625724895,387715224,62670587,4096
1625724895,387715224,62670595,4096
1625724895,387715224,62670603,4096
1625724895,387715224,62670611,4096
1625724895,387715224,62670619,4096
1625724895,387716298,62670627,4096
1625724895,387716298,62670635,4096
1625724895,387716298,62670643,4096
1625724895,387716298,62670651,4096
1625724895,387716298,62670659,1536
1625724895,387884837,62670662,4096
1625724895,387884837,62670670,4096
1625724895,387884837,62670678,4096
1625724895,387885911,62670686,4096
1625724895,387885911,62670694,4096
1625724895,387885911,62670702,4096
1625724895,387885911,62670710,4096
1625724895,387885911,62670718,4096
1625724895,387885911,62670726,4096
1625724895,387885911,62670734,4096
1625724895,387885911,62670742,4096
1625724895,387885911,62670750,4096
1625724895,387886984,62670758,4096
1625724895,387886984,62670766,4096
1625724895,387886984,62670774,4096
1625724895,387886984,62670782,4096
1625724895,387886984,62670790,4096
1625724895,387886984,62670798,4096
1625724895,387886984,62670806,4096
1625724895,387886984,62670814,4096
1625724895,387886984,62670822,4096
1625724895,387888058,62670830,1024
1625724895,389034556,62670832,4096
1625724895,389034556,62670840,4096
1625724895,389034556,62670848,4096
1625724895,389034556,62670856,4096
1625724895,389034556,62670864,4096
1625724895,389034556,62670872,4096
1625724895,389035629,62670880,4096
1625724895,389035629,62670888,4096
1625724895,389035629,62670896,4096
1625724895,389035629,62670904,4096
1625724895,389035629,62670912,4096
1625724895,389035629,62670920,4096
1625724895,389035629,62670928,4096
1625724895,389035629,62670936,4096
1625724895,389035629,62670944,4096
1625724895,389036703,62670952,4096
1625724895,389036703,62670960,4096
1625724895,389036703,62670968,4096
1625724895,389036703,62670976,4096
1625724895,389036703,62670984,4096
1625724895,389036703,62670992,4096
1625724895,389036703,62671000,1536
1625724895,389206316,62671003,4096
1625724895,389206316,62671011,4096
1625724895,389206316,62671019,4096
1625724895,389206316,62671027,4096
1625724895,389206316,62671035,4096
1625724895,389207389,62671043,4096
1625724895,389207389,62671051,4096
1625724895,389207389,62671059,4096
1625724895,389207389,62671067,4096
1625724895,389207389,62671075,4096
1625724895,389207389,62671083,4096
1625724895,389207389,62671091,4096
1625724895,389207389,62671099,4096
1625724895,389207389,62671107,4096
1625724895,389208463,62671115,4096
1625724895,389208463,62671123,4096
1625724895,389208463,62671131,4096
1625724895,389208463,62671139,4096
1625724895,389208463,62671147,4096
1625724895,389208463,62671155,4096
1625724895,389208463,62671163,4096
1625724895,389208463,62671171,1536
1625724895,389378076,62671174,4096
1625724895,389378076,62671182,4096
1625724895,389378076,62671190,4096
1625724895,389378076,62671198,4096
1625724895,389378076,62671206,4096
1625724895,389378076,62671214,4096
1625724895,389378076,62671222,4096
1625724895,389379149,62671230,4096
1625724895,389379149,62671238,4096
1625724895,389379149,62671246,4096
1625724895,389379149,62671254,4096
1625724895,389379149,62671262,4096
1625724895,389379149,62671270,4096
1625724895,389379149,62671278,4096
1625724895,389379149,62671286,4096
1625724895,389379149,62671294,4096
1625724895,389380223,62671302,4096
1625724895,389380223,62671310,4096
1625724895,389380223,62671318,4096
1625724895,389380223,62671326,4096
1625724895,389380223,62671334,4096
1625724895,389380223,62671342,1024
1625724895,390430106,62671344,4096
1625724895,390430106,62671352,4096
1625724895,390430106,62671360,4096
1625724895,390430106,62671368,4096
1625724895,390431179,62671376,4096
1625724895,390431179,62671384,4096
1625724895,390431179,62671392,4096
1625724895,390431179,62671400,4096
1625724895,390431179,62671408,4096
1625724895,390431179,62671416,4096
1625724895,390431179,62671424,4096
1625724895,390431179,62671432,4096
1625724895,390431179,62671440,4096
1625724895,390432253,62671448,4096
1625724895,390432253,62671456,4096
1625724895,390432253,62671464,4096
1625724895,390432253,62671472,4096
1625724895,390432253,62671480,4096
1625724895,390432253,62671488,4096
1625724895,390432253,62671496,4096
1625724895,390432253,62671504,4096
1625724895,390432253,62671512,1536
1625724895,390600792,62671515,4096
1625724895,390600792,62671523,4096
1625724895,390601866,62671531,4096
1625724895,390601866,62671539,4096
1625724895,390601866,62671547,4096
1625724895,390601866,62671555,4096
1625724895,390601866,62671563,4096
1625724895,390601866,62671571,4096
1625724895,390601866,62671579,4096
1625724895,390601866,62671587,4096
1625724895,390601866,62671595,4096
1625724895,390602939,62671603,4096
1625724895,390602939,62671611,4096
1625724895,390602939,62671619,4096
1625724895,390602939,62671627,4096
1625724895,390602939,62671635,4096
1625724895,390602939,62671643,4096
1625724895,390602939,62671651,4096
1625724895,390602939,62671659,4096
1625724895,390602939,62671667,4096
1625724895,390602939,62671675,4096
1625724895,390604013,62671683,1536
1625724895,390785434,62671686,4096
1625724895,390785434,62671694,4096
1625724895,390785434,62671702,4096
1625724895,390785434,62671710,4096
1625724895,390785434,62671718,4096
1625724895,390785434,62671726,4096
1625724895,390785434,62671734,4096
1625724895,390786508,62671742,4096
1625724895,390786508,62671750,4096
1625724895,390786508,62671758,4096
1625724895,390786508,62671766,4096
1625724895,390786508,62671774,4096
1625724895,390786508,62671782,4096
1625724895,390786508,62671790,4096
1625724895,390786508,62671798,4096
1625724895,390786508,62671806,4096
1625724895,390787581,62671814,4096
1625724895,390787581,62671822,4096
1625724895,390787581,62671830,4096
1625724895,390787581,62671838,4096
1625724895,390787581,62671846,4096
1625724895,390787581,62671854,1024
1625724895,391795598,62671856,4096
1625724895,391795598,62671864,4096
1625724895,391795598,62671872,4096
1625724895,391795598,62671880,4096
1625724895,391795598,62671888,4096
1625724895,391795598,62671896,4096
1625724895,391795598,62671904,4096
1625724895,391795598,62671912,4096
1625724895,391796671,62671920,4096
1625724895,391796671,62671928,4096
1625724895,391796671,62671936,4096
1625724895,391796671,62671944,4096
1625724895,391796671,62671952,4096
1625724895,391796671,62671960,4096
1625724895,391796671,62671968,4096
1625724895,391796671,62671976,4096
1625724895,391796671,62671984,4096
1625724895,391796671,62671992,4096
1625724895,391797745,62672000,4096
1625724895,391797745,62672008,4096
1625724895,391797745,62672016,4096
1625724895,391797745,62672024,1536
1625724895,391969505,62672027,4096
1625724895,391969505,62672035,4096
1625724895,391969505,62672043,4096
1625724895,391969505,62672051,4096
1625724895,391969505,62672059,4096
1625724895,391970578,62672067,4096
1625724895,391970578,62672075,4096
1625724895,391970578,62672083,4096
1625724895,391970578,62672091,4096
1625724895,391970578,62672099,4096
1625724895,391970578,62672107,4096
1625724895,391970578,62672115,4096
1625724895,391970578,62672123,4096
1625724895,391970578,62672131,4096
1625724895,391971652,62672139,4096
1625724895,391971652,62672147,4096
1625724895,391971652,62672155,4096
1625724895,391971652,62672163,4096
1625724895,391971652,62672171,4096
1625724895,391971652,62672179,4096
1625724895,391971652,62672187,4096
1625724895,391971652,62672195,1536
1625724895,392141265,62672198,4096
1625724895,392141265,62672206,4096
1625724895,392141265,62672214,4096
1625724895,392142338,62672222,4096
1625724895,392142338,62672230,4096
1625724895,392142338,62672238,4096
1625724895,392142338,62672246,4096
1625724895,392142338,62672254,4096
1625724895,392142338,62672262,4096
1625724895,392142338,62672270,4096
1625724895,392142338,62672278,4096
1625724895,392142338,62672286,4096
1625724895,392143412,62672294,4096
1625724895,392143412,62672302,4096
1625724895,392143412,62672310,4096
1625724895,392143412,62672318,4096
1625724895,392143412,62672326,4096
1625724895,392143412,62672334,4096
1625724895,392143412,62672342,4096
1625724895,392143412,62672350,4096
1625724895,392143412,62672358,4096
1625724895,392144485,62672366,1024
1625724895,393138546,62672368,4096
1625724895,393138546,62672376,4096
1625724895,393138546,62672384,4096
1625724895,393139620,62672392,4096
1625724895,393139620,62672400,4096
1625724895,393139620,62672408,4096
1625724895,393139620,62672416,4096
1625724895,393139620,62672424,4096
1625724895,393139620,62672432,4096
1625724895,393139620,62672440,4096
1625724895,393139620,62672448,4096
1625724895,393139620,62672456,4096
1625724895,393139620,62672464,4096
1625724895,393140693,62672472,4096
1625724895,393140693,62672480,4096
1625724895,393140693,62672488,4096
1625724895,393140693,62672496,4096
1625724895,393140693,62672504,4096
1625724895,393140693,62672512,4096
1625724895,393140693,62672520,4096
1625724895,393140693,62672528,4096
1625724895,393140693,62672536,1536
1625724895,393321041,62672539,4096
1625724895,393321041,62672547,4096
1625724895,393321041,62672555,4096
1625724895,393321041,62672563,4096
1625724895,393321041,62672571,4096
1625724895,393321041,62672579,4096
1625724895,393321041,62672587,4096
1625724895,393321041,62672595,4096
1625724895,393321041,62672603,4096
1625724895,393322115,62672611,4096
1625724895,393322115,62672619,4096
1625724895,393322115,62672627,4096
1625724895,393322115,62672635,4096
1625724895,393322115,62672643,4096
1625724895,393322115,62672651,4096
1625724895,393322115,62672659,4096
1625724895,393322115,62672667,4096
1625724895,393322115,62672675,4096
1625724895,393323188,62672683,4096
1625724895,393323188,62672691,4096
1625724895,393323188,62672699,4096
1625724895,393323188,62672707,1536
1625724895,393494948,62672710,4096
1625724895,393494948,62672718,4096
1625724895,393494948,62672726,4096
1625724895,393494948,62672734,4096
1625724895,393494948,62672742,4096
1625724895,393496022,62672750,4096
1625724895,393496022,62672758,4096
1625724895,393496022,62672766,4096
1625724895,393496022,62672774,4096
1625724895,393496022,62672782,4096
1625724895,393496022,62672790,4096
1625724895,393496022,62672798,4096
1625724895,393496022,62672806,4096
1625724895,393496022,62672814,4096
1625724895,393497095,62672822,4096
1625724895,393497095,62672830,4096
1625724895,393497095,62672838,4096
1625724895,393497095,62672846,4096
1625724895,393497095,62672854,4096
1625724895,393497095,62672862,4096
1625724895,393497095,62672870,4096
1625724895,393497095,62672878,1024
1625724895,394630711,62672880,4096
1625724895,394630711,62672888,4096
1625724895,394630711,62672896,4096
1625724895,394631785,62672904,4096
1625724895,394631785,62672912,4096
1625724895,394631785,62672920,4096
1625724895,394631785,62672928,4096
1625724895,394631785,62672936,4096
1625724895,394631785,62672944,4096
1625724895,394631785,62672952,4096
1625724895,394631785,62672960,4096
1625724895,394631785,62672968,4096
1625724895,394632858,62672976,4096
1625724895,394632858,62672984,4096
1625724895,394632858,62672992,4096
1625724895,394632858,62673000,4096
1625724895,394632858,62673008,4096
1625724895,394632858,62673016,4096
1625724895,394632858,62673024,4096
1625724895,394632858,62673032,4096
1625724895,394632858,62673040,4096
1625724895,394633932,62673048,1536
1625724895,394814280,62673051,4096
1625724895,394814280,62673059,4096
1625724895,394814280,62673067,4096
1625724895,394815353,62673075,4096
1625724895,394815353,62673083,4096
1625724895,394815353,62673091,4096
1625724895,394815353,62673099,4096
1625724895,394815353,62673107,4096
1625724895,394815353,62673115,4096
1625724895,394815353,62673123,4096
1625724895,394815353,62673131,4096
1625724895,394815353,62673139,4096
1625724895,394816427,62673147,4096
1625724895,394816427,62673155,4096
1625724895,394816427,62673163,4096
1625724895,394816427,62673171,4096
1625724895,394816427,62673179,4096
1625724895,394816427,62673187,4096
1625724895,394816427,62673195,4096
1625724895,394816427,62673203,4096
1625724895,394816427,62673211,4096
1625724895,394816427,62673219,1536
1625724895,394986040,62673222,4096
1625724895,394986040,62673230,4096
1625724895,394986040,62673238,4096
1625724895,394986040,62673246,4096
1625724895,394987113,62673254,4096
1625724895,394987113,62673262,4096
1625724895,394987113,62673270,4096
1625724895,394987113,62673278,4096
1625724895,394987113,62673286,4096
1625724895,394987113,62673294,4096
1625724895,394987113,62673302,4096
1625724895,394987113,62673310,4096
1625724895,394987113,62673318,4096
1625724895,394988187,62673326,4096
1625724895,394988187,62673334,4096
1625724895,394988187,62673342,4096
1625724895,394988187,62673350,4096
1625724895,394988187,62673358,4096
1625724895,394988187,62673366,4096
1625724895,394988187,62673374,4096
1625724895,394988187,62673382,4096
1625724895,394988187,62673390,1024
1625724895,396227006,66330936,4096
1625724895,396227006,66330944,4096
1625724895,396228079,66330952,4096
1625724895,396228079,66330960,4096
1625724895,396228079,66330968,4096
1625724895,396228079,66330976,4096
1625724895,396228079,66330984,4096
1625724895,396228079,66330992,4096
1625724895,396228079,66331000,4096
1625724895,396228079,66331008,4096
1625724895,396228079,66331016,4096
1625724895,396229153,66331024,4096
1625724895,396229153,66331032,4096
1625724895,396229153,66331040,4096
1625724895,396229153,66331048,4096
1625724895,396229153,66331056,4096
1625724895,396364414,66331064,4096
1625724895,396364414,66331072,4096
1625724895,396365487,66331080,4096
1625724895,396365487,66331088,4096
1625724895,396365487,66331096,4096
1625724895,396365487,66331104,4096
1625724895,396365487,66331112,4096
1625724895,396365487,66331120,4096
1625724895,396365487,66331128,4096
1625724895,396365487,66331136,4096
1625724895,396365487,66331144,4096
1625724895,396366561,66331152,4096
1625724895,396366561,66331160,4096
1625724895,396366561,66331168,4096
1625724895,396366561,66331176,4096
1625724895,396366561,66331184,4096
1625724895,396492160,66331192,4096
1625724895,396492160,66331200,4096
1625724895,396492160,66331208,4096
1625724895,396492160,66331216,4096
1625724895,396492160,66331224,4096
1625724895,396492160,66331232,4096
1625724895,396492160,66331240,4096
1625724895,396492160,66331248,4096
1625724895,396493234,66331256,4096
1625724895,396493234,66331264,4096
1625724895,396493234,66331272,4096
1625724895,396493234,66331280,4096
1625724895,396493234,66331288,4096
1625724895,396493234,66331296,4096
1625724895,396493234,66331304,4096
1625724895,396493234,66331312,4096
1625724895,396616686,66331320,4096
1625724895,396616686,66331328,4096
1625724895,396616686,66331336,4096
1625724895,396616686,66331344,4096
1625724895,396616686,66331352,4096
1625724895,396616686,66331360,4096
1625724895,396616686,66331368,4096
1625724895,396616686,66331376,4096
1625724895,396617760,66331384,4096
1625724895,396617760,66331392,4096
1625724895,396617760,66331400,4096
1625724895,396617760,66331408,4096
1625724895,396617760,66331416,4096
1625724895,396617760,66331424,4096
1625724895,396617760,66331432,4096
1625724895,396617760,66331440,4096
1625724895,397679451,66331448,4096
1625724895,397679451,66331456,4096
1625724895,397679451,66331464,4096
1625724895,397679451,66331472,4096
1625724895,397679451,66331480,4096
1625724895,397679451,66331488,4096
1625724895,397679451,66331496,4096
1625724895,397680525,66331504,4096
1625724895,397680525,66331512,4096
1625724895,397680525,66331520,4096
1625724895,397680525,66331528,4096
1625724895,397680525,66331536,4096
1625724895,397680525,66331544,4096
1625724895,397680525,66331552,4096
1625724895,397680525,66331560,4096
1625724895,397680525,66331568,4096
1625724895,397680525,66331576,4096
1625724895,397681598,66331584,4096
1625724895,397681598,66331592,4096
1625724895,397681598,66331600,4096
1625724895,397681598,66331608,4096
1625724895,397681598,66331616,1536
1625724895,397851211,66331619,4096
1625724895,397851211,66331627,4096
1625724895,397851211,66331635,4096
1625724895,397851211,66331643,4096
1625724895,397851211,66331651,4096
1625724895,397851211,66331659,4096
1625724895,397851211,66331667,4096
1625724895,397851211,66331675,4096
1625724895,397851211,66331683,4096
1625724895,397852285,66331691,4096
1625724895,397852285,66331699,4096
1625724895,397852285,66331707,4096
1625724895,397852285,66331715,4096
1625724895,397852285,66331723,4096
1625724895,397852285,66331731,4096
1625724895,397852285,66331739,4096
1625724895,397852285,66331747,4096
1625724895,397852285,66331755,4096
1625724895,397853358,66331763,4096
1625724895,397853358,66331771,4096
1625724895,397853358,66331779,4096
1625724895,397853358,66331787,1536
1625724895,398029412,66331790,4096
1625724895,398029412,66331798,4096
1625724895,398029412,66331806,4096
1625724895,398029412,66331814,4096
1625724895,398029412,66331822,4096
1625724895,398029412,66331830,4096
1625724895,398029412,66331838,4096
1625724895,398029412,66331846,4096
1625724895,398029412,66331854,4096
1625724895,398030486,66331862,4096
1625724895,398030486,66331870,4096
1625724895,398030486,66331878,4096
1625724895,398030486,66331886,4096
1625724895,398030486,66331894,4096
1625724895,398030486,66331902,4096
1625724895,398030486,66331910,4096
1625724895,398030486,66331918,4096
1625724895,398030486,66331926,4096
1625724895,398031559,66331934,4096
1625724895,398031559,66331942,4096
1625724895,398031559,66331950,4096
1625724895,398031559,66331958,1024
1625724895,399018106,66331960,4096
1625724895,399018106,66331968,4096
1625724895,399019179,66331976,4096
1625724895,399019179,66331984,4096
1625724895,399019179,66331992,4096
1625724895,399019179,66332000,4096
1625724895,399019179,66332008,4096
1625724895,399019179,66332016,4096
1625724895,399019179,66332024,4096
1625724895,399019179,66332032,4096
1625724895,399019179,66332040,4096
1625724895,399019179,66332048,4096
1625724895,399020253,66332056,4096
1625724895,399020253,66332064,4096
1625724895,399020253,66332072,4096
1625724895,399020253,66332080,4096
1625724895,399020253,66332088,4096
1625724895,399020253,66332096,4096
1625724895,399020253,66332104,4096
1625724895,399020253,66332112,4096
1625724895,399020253,66332120,4096
1625724895,399021326,66332128,1536
1625724895,399200601,66332131,4096
1625724895,399200601,66332139,4096
1625724895,399200601,66332147,4096
1625724895,399200601,66332155,4096
1625724895,399201674,66332163,4096
1625724895,399201674,66332171,4096
1625724895,399201674,66332179,4096
1625724895,399201674,66332187,4096
1625724895,399201674,66332195,4096
1625724895,399201674,66332203,4096
1625724895,399201674,66332211,4096
1625724895,399201674,66332219,4096
1625724895,399201674,66332227,4096
1625724895,399202748,66332235,4096
1625724895,399202748,66332243,4096
1625724895,399202748,66332251,4096
1625724895,399202748,66332259,4096
1625724895,399202748,66332267,4096
1625724895,399202748,66332275,4096
1625724895,399202748,66332283,4096
1625724895,399202748,66332291,4096
1625724895,399202748,66332299,1536
1625724895,399372361,66332302,4096
1625724895,399372361,66332310,4096
1625724895,399372361,66332318,4096
1625724895,399372361,66332326,4096
1625724895,399372361,66332334,4096
1625724895,399372361,66332342,4096
1625724895,399373434,66332350,4096
1625724895,399373434,66332358,4096
1625724895,399373434,66332366,4096
1625724895,399373434,66332374,4096
1625724895,399373434,66332382,4096
1625724895,399373434,66332390,4096
1625724895,399373434,66332398,4096
1625724895,399373434,66332406,4096
1625724895,399374508,66332414,4096
1625724895,399374508,66332422,4096
1625724895,399374508,66332430,4096
1625724895,399374508,66332438,4096
1625724895,399374508,66332446,4096
1625724895,399374508,66332454,4096
1625724895,399374508,66332462,4096
1625724895,399374508,66332470,1024
1625724895,400518859,66332472,4096
1625724895,400518859,66332480,4096
1625724895,400518859,66332488,4096
1625724895,400518859,66332496,4096
1625724895,400518859,66332504,4096
1625724895,400519932,66332512,4096
1625724895,400519932,66332520,4096
1625724895,400519932,66332528,4096
1625724895,400519932,66332536,4096
1625724895,400519932,66332544,4096
1625724895,400519932,66332552,4096
1625724895,400519932,66332560,4096
1625724895,400519932,66332568,4096
1625724895,400519932,66332576,4096
1625724895,400519932,66332584,4096
1625724895,400521006,66332592,4096
1625724895,400521006,66332600,4096
1625724895,400521006,66332608,4096
1625724895,400521006,66332616,4096
1625724895,400521006,66332624,4096
1625724895,400521006,66332632,4096
1625724895,400521006,66332640,1536
1625724895,400689545,66332643,4096
1625724895,400689545,66332651,4096
1625724895,400689545,66332659,4096
1625724895,400689545,66332667,4096
1625724895,400689545,66332675,4096
1625724895,400689545,66332683,4096
1625724895,400690619,66332691,4096
1625724895,400690619,66332699,4096
1625724895,400690619,66332707,4096
1625724895,400690619,66332715,4096
1625724895,400690619,66332723,4096
1625724895,400690619,66332731,4096
1625724895,400690619,66332739,4096
1625724895,400690619,66332747,4096
1625724895,400690619,66332755,4096
1625724895,400691692,66332763,4096
1625724895,400691692,66332771,4096
1625724895,400691692,66332779,4096
1625724895,400691692,66332787,4096
1625724895,400691692,66332795,4096
1625724895,400691692,66332803,4096
1625724895,400691692,66332811,1536
1625724895,400861305,66332814,4096
1625724895,400861305,66332822,4096
1625724895,400861305,66332830,4096
1625724895,400861305,66332838,4096
1625724895,400862379,66332846,4096
1625724895,400862379,66332854,4096
1625724895,400862379,66332862,4096
1625724895,400862379,66332870,4096
1625724895,400862379,66332878,4096
1625724895,400862379,66332886,4096
1625724895,400862379,66332894,4096
1625724895,400862379,66332902,4096
1625724895,400862379,66332910,4096
1625724895,400863452,66332918,4096
1625724895,400863452,66332926,4096
1625724895,400863452,66332934,4096
1625724895,400863452,66332942,4096
1625724895,400863452,66332950,4096
1625724895,400863452,66332958,4096
1625724895,400863452,66332966,4096
1625724895,400863452,66332974,4096
1625724895,400863452,66332982,1024
1625724895,401884351,66332984,4096
1625724895,401884351,66332992,4096
1625724895,401884351,66333000,4096
1625724895,401884351,66333008,4096
1625724895,401885424,66333016,4096
1625724895,401885424,66333024,4096
1625724895,401885424,66333032,4096
1625724895,401885424,66333040,4096
1625724895,401885424,66333048,4096
1625724895,401885424,66333056,4096
1625724895,401885424,66333064,4096
1625724895,401885424,66333072,4096
1625724895,401885424,66333080,4096
1625724895,401886498,66333088,4096
1625724895,401886498,66333096,4096
1625724895,401886498,66333104,4096
1625724895,401886498,66333112,4096
1625724895,401886498,66333120,4096
1625724895,401886498,66333128,4096
1625724895,401886498,66333136,4096
1625724895,401886498,66333144,4096
1625724895,401886498,66333152,1536
1625724895,402055037,66333155,4096
1625724895,402056111,66333163,4096
1625724895,402056111,66333171,4096
1625724895,402056111,66333179,4096
1625724895,402056111,66333187,4096
1625724895,402056111,66333195,4096
1625724895,402056111,66333203,4096
1625724895,402056111,66333211,4096
1625724895,402056111,66333219,4096
1625724895,402056111,66333227,4096
1625724895,402057184,66333235,4096
1625724895,402057184,66333243,4096
1625724895,402057184,66333251,4096
1625724895,402057184,66333259,4096
1625724895,402057184,66333267,4096
1625724895,402057184,66333275,4096
1625724895,402057184,66333283,4096
1625724895,402057184,66333291,4096
1625724895,402057184,66333299,4096
1625724895,402058258,66333307,4096
1625724895,402058258,66333315,4096
1625724895,402058258,66333323,1536
1625724895,402238606,66333326,4096
1625724895,402238606,66333334,4096
1625724895,402238606,66333342,4096
1625724895,402238606,66333350,4096
1625724895,402238606,66333358,4096
1625724895,402238606,66333366,4096
1625724895,402238606,66333374,4096
1625724895,402238606,66333382,4096
1625724895,402238606,66333390,4096
1625724895,402239679,66333398,4096
1625724895,402239679,66333406,4096
1625724895,402239679,66333414,4096
1625724895,402239679,66333422,4096
1625724895,402239679,66333430,4096
1625724895,402239679,66333438,4096
1625724895,402239679,66333446,4096
1625724895,402239679,66333454,4096
1625724895,402239679,66333462,4096
1625724895,402240753,66333470,4096
1625724895,402240753,66333478,4096
1625724895,402240753,66333486,4096
1625724895,402240753,66333494,1024
1625724895,403196168,66333496,4096
1625724895,403196168,66333504,4096
1625724895,403196168,66333512,4096
1625724895,403197241,66333520,4096
1625724895,403197241,66333528,4096
1625724895,403197241,66333536,4096
1625724895,403197241,66333544,4096
1625724895,403197241,66333552,4096
1625724895,403197241,66333560,4096
1625724895,403197241,66333568,4096
1625724895,403197241,66333576,4096
1625724895,403197241,66333584,4096
1625724895,403198315,66333592,4096
1625724895,403198315,66333600,4096
1625724895,403198315,66333608,4096
1625724895,403198315,66333616,4096
1625724895,403322841,66333624,4096
1625724895,403322841,66333632,4096
1625724895,403322841,66333640,4096
1625724895,403322841,66333648,4096
1625724895,403323914,66333656,4096
1625724895,403323914,66333664,4096
1625724895,403323914,66333672,4096
1625724895,403323914,66333680,4096
1625724895,403323914,66333688,4096
1625724895,403323914,66333696,4096
1625724895,403323914,66333704,4096
1625724895,403323914,66333712,4096
1625724895,403323914,66333720,4096
1625724895,403324988,66333728,4096
1625724895,403324988,66333736,4096
1625724895,403324988,66333744,4096
1625724895,531674795,6837352,4096
1625724895,534382162,1559664,4096
1625724895,534382162,1559672,4096
1625724895,534382162,1559680,4096
1625724895,534383235,1559688,4096
1625724895,534383235,1559696,4096
1625724895,534383235,1559704,4096
1625724895,534383235,1559712,4096
1625724895,534383235,1559720,1536
1625724895,544915344,6937616,4096
1625724895,545458535,1880320,3072
1625724896,1047464421,1062864,4096
1625724896,1047464421,1062872,4096
1625724896,1047465494,1062880,3584
1625724896,876979739,6766664,4096
1625724896,877615251,1291760,4096
1625724896,877615251,1291768,1536
1625724896,926915738,6809456,4096
1625724896,942070338,7045264,4096
1625724896,942948461,1395312,4096
1625724896,942948461,1395320,1536
1625724897,106119499,6660408,3072
1625724897,184913325,48935944,4096
1625724897,185735626,15001112,4096
1625724897,185735626,15001120,4096
1625724897,185735626,15001128,4096
1625724897,185736700,15001136,4096
1625724897,186350742,15001144,4096
1625724897,186351815,15001152,4096
1625724897,186351815,15001160,4096
1625724897,270886720,3348746,4096
1625724897,270886720,3348754,4096
1625724897,270887793,3348762,4096
1625724897,270887793,3348770,2048
1625724897,272922076,3348714,4096
1625724897,272922076,3348722,4096
1625724897,272922076,3348730,4096
1625724897,272922076,3348738,4096
1625724897,276615989,45590216,4096
1625724897,277076521,5595296,4096
1625724897,277076521,5595304,4096
1625724897,277077594,5595312,4096
1625724897,277077594,5595320,4096
1625724897,277077594,5595328,4096
1625724897,277077594,5595336,4096
1625724897,277077594,5595344,4096
1625724897,277077594,5595352,4096
1625724897,277077594,5595360,4096
1625724897,277077594,5595368,4096
1625724897,277078668,5595376,4096
1625724897,277078668,5595384,4096
1625724897,277078668,5595392,4096
1625724897,277078668,5595400,4096
1625724897,277078668,5595408,4096
1625724897,277078668,5595416,4096
1625724897,277078668,5595424,4096
1625724897,277078668,5595432,1536
1625724897,277212855,5595435,4096
1625724897,277212855,5595443,4096
1625724897,277212855,5595451,4096
1625724897,277212855,5595459,4096
1625724897,277212855,5595467,4096
1625724897,277212855,5595475,4096
1625724897,277212855,5595483,4096
1625724897,277212855,5595491,4096
1625724897,277213929,5595499,4096
1625724897,277213929,5595507,4096
1625724897,277213929,5595515,4096
1625724897,277213929,5595523,4096
1625724897,277213929,5595531,4096
1625724897,277213929,5595539,4096
1625724897,277213929,5595547,4096
1625724897,277213929,5595555,4096
1625724897,277215002,5595563,4096
1625724897,277215002,5595571,1536
1625724897,277909557,5595574,4096
1625724897,277909557,5595582,4096
1625724897,277909557,5595590,4096
1625724897,277909557,5595598,4096
1625724897,277910630,5595606,4096
1625724897,277910630,5595614,4096
1625724897,277910630,5595622,4096
1625724897,277910630,5595630,4096
1625724897,277910630,5595638,4096
1625724897,277910630,5595646,4096
1625724897,277910630,5595654,4096
1625724897,277910630,5595662,4096
1625724897,277911704,5595670,4096
1625724897,277911704,5595678,4096
1625724897,277911704,5595686,4096
1625724897,277911704,5595694,4096
1625724897,277911704,5595702,4096
1625724897,277911704,5595710,1024
1625724897,281862184,45590224,4096
1625724897,281862184,45590232,4096
1625724897,281862184,45590240,4096
1625724897,281862184,45590248,4096
1625724897,281862184,45590256,4096
1625724897,281863257,45590264,4096
1625724897,281863257,45590272,4096
1625724897,281863257,45590280,4096
1625724897,281863257,45590288,4096
1625724897,281863257,45590296,4096
1625724897,281863257,45590304,4096
1625724897,281863257,45590312,4096
1625724897,281863257,45590320,4096
1625724897,281864331,45590328,4096
1625724897,281864331,45590336,4096
1625724897,281864331,45590344,4096
1625724897,282035017,3348674,4096
1625724897,282035017,3348682,4096
1625724897,282035017,3348690,4096
1625724897,282035017,3348698,4096
1625724897,284642549,3348706,4096
1625724897,303048780,5562016,4096
1625724897,303048780,5562024,4096
1625724897,303048780,5562032,4096
1625724897,303048780,5562040,4096
1625724897,303048780,5562048,4096
1625724897,303049853,5562056,4096
1625724897,303049853,5562064,4096
1625724897,303049853,5562072,4096
1625724897,303049853,5562080,4096
1625724897,303049853,5562088,4096
1625724897,303049853,5562096,4096
1625724897,303049853,5562104,4096
1625724897,303049853,5562112,4096
1625724897,303049853,5562120,4096
1625724897,303050927,5562128,4096
1625724897,303050927,5562136,4096
1625724897,303050927,5562144,4096
1625724897,303050927,5562152,4096
1625724897,303050927,5562160,4096
1625724897,303050927,5562168,4096
1625724897,303691806,5562336,4096
1625724897,303691806,5562344,4096
1625724897,303691806,5562352,4096
1625724897,303691806,5562360,4096
1625724897,303692880,5562368,4096
1625724897,303692880,5562376,4096
1625724897,303692880,5562384,4096
1625724897,303692880,5562392,4096
1625724897,303692880,5562400,4096
1625724897,303692880,5562408,4096
1625724897,303692880,5562416,4096
1625724897,303692880,5562424,4096
1625724897,303693953,5562432,4096
1625724897,303693953,5562440,4096
1625724897,303693953,5562448,4096
1625724897,303693953,5562456,4096
1625724897,303693953,5562464,4096
1625724897,303693953,5562472,4096
1625724897,303693953,5562480,4096
1625724897,303693953,5562488,4096
1625724897,303843170,5562176,4096
1625724897,303844243,5562184,4096
1625724897,303844243,5562192,4096
1625724897,303844243,5562200,4096
1625724897,303844243,5562208,4096
1625724897,303844243,5562216,4096
1625724897,303844243,5562224,4096
1625724897,303844243,5562232,4096
1625724897,303844243,5562240,4096
1625724897,303845317,5562248,4096
1625724897,303845317,5562256,4096
1625724897,303845317,5562264,4096
1625724897,303845317,5562272,4096
1625724897,303845317,5562280,4096
1625724897,303845317,5562288,4096
1625724897,303845317,5562296,4096
1625724897,303845317,5562304,4096
1625724897,303845317,5562312,4096
1625724897,303846390,5562320,4096
1625724897,303846390,5562328,4096
1625724897,304326245,27790848,4096
1625724897,304326245,27790856,4096
1625724897,304326245,27790864,4096
1625724897,304327318,27790872,4096
1625724897,304327318,27790880,4096
1625724897,304327318,27790888,4096
1625724897,304327318,27790896,4096
1625724897,304327318,27790904,4096
1625724897,304327318,27790912,4096
1625724897,304327318,27790920,4096
1625724897,304327318,27790928,4096
1625724897,304327318,27790936,4096
1625724897,304328392,27790944,4096
1625724897,304328392,27790952,4096
1625724897,304328392,27790960,4096
1625724897,304328392,27790968,4096
1625724897,304328392,27790976,4096
1625724897,304328392,27790984,1536
1625724897,304464726,27790987,4096
1625724897,304464726,27790995,4096
1625724897,304464726,27791003,4096
1625724897,304465800,27791011,4096
1625724897,304465800,27791019,4096
1625724897,304465800,27791027,4096
1625724897,304465800,27791035,4096
1625724897,304465800,27791043,4096
1625724897,304465800,27791051,4096
1625724897,304465800,27791059,4096
1625724897,304465800,27791067,4096
1625724897,304465800,27791075,4096
1625724897,304466873,27791083,4096
1625724897,304466873,27791091,4096
1625724897,304466873,27791099,4096
1625724897,304466873,27791107,4096
1625724897,304466873,27791115,4096
1625724897,304466873,27791123,1536
1625724897,304613943,27791126,4096
1625724897,304613943,27791134,4096
1625724897,304613943,27791142,4096
1625724897,304613943,27791150,4096
1625724897,304613943,27791158,4096
1625724897,304613943,27791166,4096
1625724897,304613943,27791174,4096
1625724897,304615016,27791182,4096
1625724897,304615016,27791190,4096
1625724897,304615016,27791198,4096
1625724897,304615016,27791206,4096
1625724897,304615016,27791214,4096
1625724897,304615016,27791222,4096
1625724897,304615016,27791230,4096
1625724897,304615016,27791238,4096
1625724897,304615016,27791246,4096
1625724897,304616090,27791254,4096
1625724897,304616090,27791262,1024
1625724897,325012590,6809528,4096
1625724897,383945593,44500536,4096
1625724897,383946666,44500544,4096
1625724897,383946666,44500552,4096
1625724897,383946666,44500560,4096
1625724897,384651956,44500568,4096
1625724897,384651956,44500576,4096
1625724897,384653029,44500584,4096
1625724897,384653029,44500592,4096
1625724897,384653029,44500600,3584
1625724897,492262816,6809552,4096
1625724897,555604684,6661776,4096
1625724897,636765578,63022744,4096
1625724897,636765578,63022752,4096
1625724897,636765578,63022760,4096
1625724897,636765578,63022768,4096
1625724897,637626525,63022776,4096
1625724897,637626525,63022784,4096
1625724897,637627598,63022792,4096
1625724897,637627598,63022800,4096
1625724897,637627598,63022808,4096
1625724897,637627598,63022816,4096
1625724897,637627598,63022824,4096
1625724897,637627598,63022832,4096
1625724897,637627598,63022840,4096
1625724897,637627598,63022848,4096
1625724897,637628672,63022856,4096
1625724897,637628672,63022864,4096
1625724897,637628672,63022872,4096
1625724897,637628672,63022880,4096
1625724897,637719919,63022888,4096
1625724897,637719919,63022896,4096
1625724897,637719919,63022904,4096
1625724897,637719919,63022912,4096
1625724897,637719919,63022920,4096
1625724897,637719919,63022928,4096
1625724897,637719919,63022936,4096
1625724897,637719919,63022944,4096
1625724897,637719919,63022952,4096
1625724897,637720993,63022960,4096
1625724897,637720993,63022968,4096
1625724897,637720993,63022976,4096
1625724897,637720993,63022984,4096
1625724897,637720993,63022992,4096
1625724897,638467075,63023000,4096
1625724897,638467075,63023008,4096
1625724897,638467075,63023016,4096
1625724897,638468149,63023024,4096
1625724897,638468149,63023032,4096
1625724897,638468149,63023040,4096
1625724897,638468149,63023048,4096
1625724897,638468149,63023056,4096
1625724897,638468149,63023064,4096
1625724897,638468149,63023072,4096
1625724897,638468149,63023080,4096
1625724897,638468149,63023088,4096
1625724897,638469222,63023096,4096
1625724897,638469222,63023104,4096
1625724897,638469222,63023112,4096
1625724897,638469222,63023120,4096
1625724897,639236775,63023128,4096
1625724897,639236775,63023136,4096
1625724897,639236775,63023144,4096
1625724897,639236775,63023152,4096
1625724897,639236775,63023160,4096
1625724897,639236775,63023168,4096
1625724897,639236775,63023176,4096
1625724897,639236775,63023184,4096
1625724897,639236775,63023192,4096
1625724897,639237848,63023200,4096
1625724897,639237848,63023208,4096
1625724897,639237848,63023216,4096
1625724897,639237848,63023224,4096
1625724897,639237848,63023232,4096
1625724897,639237848,63023240,4096
1625724897,639237848,63023248,4096
1625724897,639362374,63023256,4096
1625724897,639362374,63023264,4096
1625724897,639362374,63023272,4096
1625724897,639362374,63023280,4096
1625724897,639362374,63023288,4096
1625724897,639362374,63023296,4096
1625724897,639362374,63023304,4096
1625724897,639362374,63023312,4096
1625724897,639362374,63023320,4096
1625724897,639363448,63023328,4096
1625724897,639363448,63023336,4096
1625724897,639363448,63023344,4096
1625724897,639363448,63023352,4096
1625724897,639363448,63023360,4096
1625724897,639363448,63023368,4096
1625724897,639363448,63023376,4096
1625724897,644099730,63023384,4096
1625724897,644099730,63023392,4096
1625724897,644099730,63023400,4096
1625724897,644099730,63023408,4096
1625724897,644099730,63023416,4096
1625724897,644099730,63023424,4096
1625724897,644100803,63023432,4096
1625724897,644100803,63023440,4096
1625724897,644100803,63023448,4096
1625724897,644100803,63023456,4096
1625724897,644100803,63023464,4096
1625724897,644100803,63023472,4096
1625724897,644100803,63023480,4096
1625724897,644100803,63023488,4096
1625724897,644100803,63023496,4096
1625724897,644101877,63023504,4096
1625724897,644213521,63023512,4096
1625724897,644213521,63023520,4096
1625724897,644213521,63023528,4096
1625724897,644213521,63023536,4096
1625724897,644213521,63023544,4096
1625724897,644213521,63023552,4096
1625724897,644213521,63023560,4096
1625724897,644213521,63023568,4096
1625724897,644214594,63023576,4096
1625724897,644214594,63023584,4096
1625724897,644214594,63023592,4096
1625724897,644214594,63023600,4096
1625724897,644214594,63023608,4096
1625724897,644214594,63023616,4096
1625724897,644214594,63023624,4096
1625724897,644214594,63023632,4096
1625724897,648377627,63023640,4096
1625724897,648378701,63023648,4096
1625724897,648378701,63023656,4096
1625724897,648378701,63023664,4096
1625724897,648378701,63023672,4096
1625724897,648378701,63023680,4096
1625724897,648378701,63023688,4096
1625724897,648378701,63023696,4096
1625724897,648378701,63023704,4096
1625724897,648378701,63023712,4096
1625724897,648378701,63023720,4096
1625724897,648379774,63023728,4096
1625724897,648379774,63023736,4096
1625724897,648379774,63023744,4096
1625724897,648379774,63023752,4096
1625724897,648379774,63023760,4096
1625724897,648491418,63023768,4096
1625724897,648491418,63023776,4096
1625724897,648491418,63023784,4096
1625724897,648492492,63023792,4096
1625724897,648492492,63023800,4096
1625724897,648492492,63023808,4096
1625724897,648492492,63023816,4096
1625724897,648492492,63023824,4096
1625724897,648492492,63023832,4096
1625724897,648492492,63023840,4096
1625724897,648492492,63023848,4096
1625724897,648492492,63023856,4096
1625724897,648493565,63023864,4096
1625724897,648493565,63023872,4096
1625724897,648493565,63023880,4096
1625724897,648493565,63023888,4096
1625724897,652722082,63023896,4096
1625724897,652722082,63023904,4096
1625724897,652722082,63023912,4096
1625724897,652722082,63023920,4096
1625724897,652722082,63023928,4096
1625724897,652722082,63023936,4096
1625724897,652723155,63023944,4096
1625724897,652723155,63023952,4096
1625724897,652723155,63023960,4096
1625724897,652723155,63023968,4096
1625724897,652723155,63023976,4096
1625724897,652723155,63023984,4096
1625724897,652723155,63023992,4096
1625724897,652723155,63024000,4096
1625724897,652723155,63024008,4096
1625724897,652724229,63024016,4096
1625724897,652835873,63024024,4096
1625724897,652836946,63024032,4096
1625724897,652836946,63024040,4096
1625724897,652836946,63024048,4096
1625724897,652836946,63024056,4096
1625724897,652836946,63024064,4096
1625724897,652836946,63024072,4096
1625724897,652836946,63024080,4096
1625724897,652836946,63024088,4096
1625724897,652836946,63024096,4096
1625724897,652838020,63024104,4096
1625724897,652838020,63024112,4096
1625724897,652838020,63024120,4096
1625724897,652838020,63024128,4096
1625724897,652838020,63024136,4096
1625724897,652838020,63024144,4096
1625724897,657710636,63024152,4096
1625724897,657710636,63024160,4096
1625724897,657711710,63024168,4096
1625724897,657711710,63024176,4096
1625724897,657711710,63024184,4096
1625724897,657711710,63024192,4096
1625724897,657711710,63024200,4096
1625724897,657711710,63024208,4096
1625724897,657711710,63024216,4096
1625724897,657711710,63024224,4096
1625724897,657711710,63024232,4096
1625724897,657712783,63024240,4096
1625724897,657712783,63024248,4096
1625724897,657712783,63024256,4096
1625724897,657712783,63024264,4096
1625724897,657712783,63024272,4096
1625724897,657819060,63024280,4096
1625724897,657819060,63024288,4096
1625724897,657819060,63024296,4096
1625724897,657820133,63024304,4096
1625724897,657820133,63024312,4096
1625724897,657820133,63024320,4096
1625724897,657820133,63024328,4096
1625724897,657820133,63024336,4096
1625724897,657820133,63024344,4096
1625724897,657820133,63024352,4096
1625724897,657820133,63024360,4096
1625724897,657820133,63024368,4096
1625724897,657821207,63024376,4096
1625724897,657821207,63024384,4096
1625724897,657821207,63024392,4096
1625724897,657821207,63024400,4096
1625724897,662300922,63024408,4096
1625724897,662300922,63024416,4096
1625724897,662300922,63024424,4096
1625724897,662301996,63024432,4096
1625724897,662301996,63024440,4096
1625724897,662301996,63024448,4096
1625724897,662301996,63024456,4096
1625724897,662301996,63024464,4096
1625724897,662301996,63024472,4096
1625724897,662301996,63024480,4096
1625724897,662301996,63024488,4096
1625724897,662301996,63024496,4096
1625724897,662303069,63024504,4096
1625724897,662303069,63024512,4096
1625724897,662303069,63024520,4096
1625724897,662303069,63024528,4096
1625724897,662416860,63024536,4096
1625724897,662416860,63024544,4096
1625724897,662416860,63024552,4096
1625724897,662416860,63024560,4096
1625724897,662416860,63024568,4096
1625724897,662416860,63024576,4096
1625724897,662417934,63024584,4096
1625724897,662417934,63024592,4096
1625724897,662417934,63024600,4096
1625724897,662417934,63024608,4096
1625724897,662417934,63024616,4096
1625724897,662417934,63024624,4096
1625724897,662417934,63024632,4096
1625724897,662417934,63024640,4096
1625724897,662417934,63024648,4096
1625724897,662419007,63024656,4096
1625724897,666864371,63024664,4096
1625724897,666864371,63024672,4096
1625724897,666864371,63024680,4096
1625724897,666864371,63024688,4096
1625724897,666864371,63024696,4096
1625724897,666864371,63024704,4096
1625724897,666865444,63024712,4096
1625724897,666865444,63024720,4096
1625724897,666865444,63024728,4096
1625724897,666865444,63024736,4096
1625724897,666865444,63024744,4096
1625724897,666865444,63024752,4096
1625724897,666865444,63024760,4096
1625724897,666865444,63024768,4096
1625724897,666865444,63024776,4096
1625724897,666866518,63024784,4096
1625724897,666979235,63024792,4096
1625724897,666979235,63024800,4096
1625724897,666979235,63024808,4096
1625724897,666979235,63024816,4096
1625724897,666980309,63024824,4096
1625724897,666980309,63024832,4096
1625724897,666980309,63024840,4096
1625724897,666980309,63024848,4096
1625724897,666980309,63024856,4096
1625724897,666980309,63024864,4096
1625724897,666980309,63024872,4096
1625724897,666980309,63024880,4096
1625724897,666980309,63024888,4096
1625724897,666981382,63024896,4096
1625724897,666981382,63024904,4096
1625724897,666981382,63024912,4096
1625724897,671192723,63024920,4096
1625724897,671193796,63024928,4096
1625724897,671193796,63024936,4096
1625724897,671193796,63024944,4096
1625724897,671193796,63024952,4096
1625724897,671193796,63024960,4096
1625724897,671193796,63024968,4096
1625724897,671193796,63024976,4096
1625724897,671194870,63024984,4096
1625724897,671194870,63024992,4096
1625724897,671194870,63025000,4096
1625724897,671194870,63025008,4096
1625724897,671194870,63025016,4096
1625724897,671194870,63025024,4096
1625724897,671194870,63025032,4096
1625724897,671194870,63025040,4096
1625724897,671308661,63025048,4096
1625724897,671308661,63025056,4096
1625724897,671308661,63025064,4096
1625724897,671308661,63025072,4096
1625724897,671308661,63025080,4096
1625724897,671308661,63025088,4096
1625724897,671309734,63025096,4096
1625724897,671309734,63025104,4096
1625724897,671309734,63025112,4096
1625724897,671309734,63025120,4096
1625724897,671309734,63025128,4096
1625724897,671309734,63025136,4096
1625724897,671309734,63025144,4096
1625724897,671309734,63025152,4096
1625724897,671309734,63025160,4096
1625724897,671310808,63025168,4096
1625724897,675716452,63025176,4096
1625724897,675716452,63025184,4096
1625724897,675717525,63025192,4096
1625724897,675717525,63025200,4096
1625724897,675717525,63025208,4096
1625724897,675717525,63025216,4096
1625724897,675717525,63025224,4096
1625724897,675717525,63025232,4096
1625724897,675717525,63025240,4096
1625724897,675717525,63025248,4096
1625724897,675717525,63025256,4096
1625724897,675718599,63025264,4096
1625724897,675718599,63025272,4096
1625724897,675718599,63025280,4096
1625724897,675718599,63025288,4096
1625724897,675718599,63025296,4096
1625724897,675834537,63025304,4096
1625724897,675834537,63025312,4096
1625724897,675834537,63025320,4096
1625724897,675834537,63025328,4096
1625724897,675834537,63025336,4096
1625724897,675834537,63025344,4096
1625724897,675834537,63025352,4096
1625724897,675834537,63025360,4096
1625724897,675835610,63025368,4096
1625724897,675835610,63025376,4096
1625724897,675835610,63025384,4096
1625724897,675835610,63025392,4096
1625724897,675835610,63025400,4096
1625724897,675835610,63025408,4096
1625724897,675835610,63025416,4096
1625724897,675835610,63025424,4096
1625724897,679719533,63025432,4096
1625724897,679719533,63025440,4096
1625724897,679719533,63025448,4096
1625724897,679719533,63025456,4096
1625724897,679719533,63025464,4096
1625724897,679719533,63025472,4096
1625724897,679719533,63025480,4096
1625724897,679719533,63025488,4096
1625724897,679719533,63025496,4096
1625724897,679720607,63025504,4096
1625724897,679720607,63025512,4096
1625724897,679720607,63025520,4096
1625724897,679720607,63025528,4096
1625724897,679720607,63025536,4096
1625724897,679720607,63025544,4096
1625724897,679720607,63025552,4096
1625724897,679833324,63025560,4096
1625724897,679833324,63025568,4096
1625724897,679833324,63025576,4096
1625724897,679834398,63025584,4096
1625724897,679834398,63025592,4096
1625724897,679834398,63025600,4096
1625724897,679834398,63025608,4096
1625724897,679834398,63025616,4096
1625724897,679834398,63025624,4096
1625724897,679834398,63025632,4096
1625724897,679834398,63025640,4096
1625724897,679834398,63025648,4096
1625724897,679835471,63025656,4096
1625724897,679835471,63025664,4096
1625724897,679835471,63025672,4096
1625724897,679835471,63025680,4096
1625724897,683677528,63025688,4096
1625724897,683677528,63025696,4096
1625724897,683677528,63025704,4096
1625724897,683678601,63025712,4096
1625724897,683678601,63025720,4096
1625724897,683678601,63025728,4096
1625724897,683678601,63025736,4096
1625724897,683678601,63025744,4096
1625724897,683678601,63025752,4096
1625724897,683678601,63025760,4096
1625724897,683678601,63025768,4096
1625724897,683678601,63025776,4096
1625724897,683678601,63025784,4096
1625724897,683679675,63025792,4096
1625724897,683679675,63025800,4096
1625724897,683679675,63025808,4096
1625724897,683791319,63025816,4096
1625724897,683791319,63025824,4096
1625724897,683792392,63025832,4096
1625724897,683792392,63025840,4096
1625724897,683792392,63025848,4096
1625724897,683792392,63025856,4096
1625724897,683792392,63025864,4096
1625724897,683792392,63025872,4096
1625724897,683792392,63025880,4096
1625724897,683792392,63025888,4096
1625724897,683793466,63025896,4096
1625724897,683793466,63025904,4096
1625724897,683793466,63025912,4096
1625724897,683793466,63025920,4096
1625724897,683793466,63025928,4096
1625724897,683793466,63025936,4096
1625724897,687895309,63025944,4096
1625724897,687896383,63025952,4096
1625724897,687896383,63025960,4096
1625724897,687896383,63025968,4096
1625724897,687896383,63025976,4096
1625724897,687896383,63025984,4096
1625724897,687896383,63025992,4096
1625724897,687896383,63026000,4096
1625724897,687896383,63026008,4096
1625724897,687897456,63026016,4096
1625724897,687897456,63026024,4096
1625724897,687897456,63026032,4096
1625724897,687897456,63026040,4096
1625724897,687897456,63026048,4096
1625724897,687897456,63026056,4096
1625724897,687897456,63026064,4096
1625724897,688010174,63026072,4096
1625724897,688010174,63026080,4096
1625724897,688010174,63026088,4096
1625724897,688010174,63026096,4096
1625724897,688010174,63026104,4096
1625724897,688010174,63026112,4096
1625724897,688011247,63026120,4096
1625724897,688011247,63026128,4096
1625724897,688011247,63026136,4096
1625724897,688011247,63026144,4096
1625724897,688011247,63026152,4096
1625724897,688011247,63026160,4096
1625724897,688011247,63026168,4096
1625724897,688011247,63026176,4096
1625724897,688011247,63026184,4096
1625724897,688012321,63026192,4096
1625724897,692428700,63026200,4096
1625724897,692428700,63026208,4096
1625724897,692428700,63026216,4096
1625724897,692428700,63026224,4096
1625724897,692428700,63026232,4096
1625724897,692429773,63026240,4096
1625724897,692429773,63026248,4096
1625724897,692429773,63026256,4096
1625724897,692429773,63026264,4096
1625724897,692429773,63026272,4096
1625724897,692429773,63026280,4096
1625724897,692429773,63026288,4096
1625724897,692429773,63026296,4096
1625724897,692429773,63026304,4096
1625724897,692430847,63026312,4096
1625724897,692430847,63026320,4096
1625724897,692537123,63026328,4096
1625724897,692537123,63026336,4096
1625724897,692537123,63026344,4096
1625724897,692537123,63026352,4096
1625724897,692537123,63026360,4096
1625724897,692537123,63026368,4096
1625724897,692537123,63026376,4096
1625724897,692538197,63026384,4096
1625724897,692538197,63026392,4096
1625724897,692538197,63026400,4096
1625724897,692538197,63026408,4096
1625724897,692538197,63026416,4096
1625724897,692538197,63026424,4096
1625724897,692538197,63026432,4096
1625724897,692538197,63026440,4096
1625724897,692538197,63026448,4096
1625724897,696569189,63026456,4096
1625724897,696569189,63026464,4096
1625724897,696570263,63026472,4096
1625724897,696570263,63026480,4096
1625724897,696570263,63026488,4096
1625724897,696570263,63026496,4096
1625724897,696570263,63026504,4096
1625724897,696570263,63026512,4096
1625724897,696570263,63026520,4096
1625724897,696570263,63026528,4096
1625724897,696570263,63026536,4096
1625724897,696571336,63026544,4096
1625724897,696571336,63026552,4096
1625724897,696571336,63026560,4096
1625724897,696571336,63026568,4096
1625724897,696571336,63026576,4096
1625724897,696685127,63026584,4096
1625724897,696686201,63026592,4096
1625724897,696686201,63026600,4096
1625724897,696686201,63026608,4096
1625724897,696686201,63026616,4096
1625724897,696686201,63026624,4096
1625724897,696686201,63026632,4096
1625724897,696686201,63026640,4096
1625724897,696686201,63026648,4096
1625724897,696686201,63026656,4096
1625724897,696687274,63026664,4096
1625724897,696687274,63026672,4096
1625724897,696687274,63026680,4096
1625724897,696687274,63026688,4096
1625724897,696687274,63026696,4096
1625724897,696687274,63026704,4096
1625724897,700569050,63026712,4096
1625724897,700569050,63026720,4096
1625724897,700569050,63026728,4096
1625724897,700569050,63026736,4096
1625724897,700570124,63026744,3072
1625724897,89097009,6809488,4096
1625724899,1022714019,6809672,4096
1625724899,1035098988,45699232,4096
1625724899,1035100062,45699240,4096
1625724899,1035100062,45699248,4096
1625724899,1035100062,45699256,4096
1625724899,1035710883,45699264,4096
1625724899,1035710883,45699272,4096
1625724899,1035710883,45699280,4096
1625724899,1035710883,45699288,4096
1625724899,1035710883,45699296,3072
1625724899,265818153,27791264,4096
1625724899,265819227,27791272,4096
1625724899,265819227,27791280,4096
1625724899,265819227,27791288,4096
1625724899,265819227,27791296,4096
1625724899,265819227,27791304,4096
1625724899,265819227,27791312,4096
1625724899,265819227,27791320,4096
1625724899,265863240,28267328,4096
1625724899,265863240,28267336,4096
1625724899,265863240,28267344,4096
1625724899,265863240,28267352,4096
1625724899,265864314,28267360,4096
1625724899,265864314,28267368,4096
1625724899,265864314,28267376,4096
1625724899,265864314,28267384,4096
1625724899,266149865,45717216,4096
1625724899,266149865,45717224,4096
1625724899,266149865,45717232,4096
1625724899,266150938,45717240,4096
1625724899,266150938,45717248,4096
1625724899,266150938,45717256,4096
1625724899,266150938,45717264,4096
1625724899,266150938,45717272,4096
1625724899,266150938,45717280,4096
1625724899,266150938,45717288,4096
1625724899,266150938,45717296,4096
1625724899,266150938,45717304,4096
1625724899,266152012,45717312,4096
1625724899,266152012,45717320,4096
1625724899,266152012,45717328,4096
1625724899,266152012,45717336,4096
1625724899,266152012,45717344,4096
1625724899,266152012,45717352,4096
1625724899,266152012,45717360,3072
1625724899,266289420,45717366,4096
1625724899,266289420,45717374,4096
1625724899,266289420,45717382,4096
1625724899,266289420,45717390,4096
1625724899,266289420,45717398,4096
1625724899,266289420,45717406,4096
1625724899,266289420,45717414,4096
1625724899,266290493,45717422,4096
1625724899,266290493,45717430,4096
1625724899,266290493,45717438,4096
1625724899,266290493,45717446,4096
1625724899,266290493,45717454,4096
1625724899,266290493,45717462,4096
1625724899,266290493,45717470,4096
1625724899,266290493,45717478,4096
1625724899,266290493,45717486,4096
1625724899,266291567,45717494,4096
1625724899,266291567,45717502,4096
1625724899,266291567,45717510,3072
1625724899,266428975,45717516,4096
1625724899,266428975,45717524,4096
1625724899,266428975,45717532,4096
1625724899,266428975,45717540,4096
1625724899,266430048,45717548,4096
1625724899,266430048,45717556,4096
1625724899,266430048,45717564,4096
1625724899,266430048,45717572,4096
1625724899,266430048,45717580,4096
1625724899,266430048,45717588,4096
1625724899,266430048,45717596,4096
1625724899,266430048,45717604,4096
1625724899,266430048,45717612,4096
1625724899,266431122,45717620,4096
1625724899,266431122,45717628,4096
1625724899,266431122,45717636,4096
1625724899,266431122,45717644,4096
1625724899,266431122,45717652,4096
1625724899,266431122,45717660,2048
1625724899,266541692,66501504,4096
1625724899,266541692,66501512,4096
1625724899,266541692,66501520,4096
1625724899,266541692,66501528,4096
1625724899,266541692,66501536,4096
1625724899,266541692,66501544,4096
1625724899,266542766,66501552,4096
1625724899,266542766,66501560,4096
1625724899,266542766,66501568,4096
1625724899,266542766,66501576,4096
1625724899,266542766,66501584,4096
1625724899,266542766,66501592,4096
1625724899,266542766,66501600,4096
1625724899,266542766,66501608,4096
1625724899,266655483,66501616,4096
1625724899,266655483,66501624,4096
1625724899,266656557,66501632,4096
1625724899,266656557,66501640,4096
1625724899,266656557,66501648,4096
1625724899,266656557,66501656,4096
1625724899,266656557,66501664,4096
1625724899,266656557,66501672,4096
1625724899,266656557,66501680,4096
1625724899,266656557,66501688,4096
1625724899,266656557,66501696,4096
1625724899,266657630,66501704,4096
1625724899,266657630,66501712,4096
1625724899,266657630,66501720,4096
1625724899,280023779,66508064,4096
1625724899,280023779,66508072,4096
1625724899,280023779,66508080,4096
1625724899,280023779,66508088,4096
1625724899,280023779,66508096,4096
1625724899,280023779,66508104,4096
1625724899,280023779,66508112,4096
1625724899,280024852,66508120,4096
1625724899,280024852,66508128,4096
1625724899,280024852,66508136,4096
1625724899,280024852,66508144,4096
1625724899,280024852,66508152,4096
1625724899,280024852,66508160,4096
1625724899,280024852,66508168,4096
1625724899,280024852,66508176,4096
1625724899,280024852,66508184,4096
1625724899,280217009,66504672,4096
1625724899,280217009,66504680,4096
1625724899,280218082,66504688,4096
1625724899,280218082,66504696,4096
1625724899,280218082,66504704,4096
1625724899,280218082,66504712,4096
1625724899,280218082,66504720,4096
1625724899,280218082,66504728,4096
1625724899,280218082,66504736,4096
1625724899,280218082,66504744,4096
1625724899,280218082,66504752,4096
1625724899,280219156,66504760,4096
1625724899,280219156,66504768,4096
1625724899,280219156,66504776,4096
1625724899,280458546,66504784,4096
1625724899,280458546,66504792,4096
1625724899,280458546,66504800,4096
1625724899,280458546,66504808,4096
1625724899,280458546,66504816,4096
1625724899,280458546,66504824,4096
1625724899,280458546,66504832,4096
1625724899,280459620,66504840,4096
1625724899,280459620,66504848,4096
1625724899,280459620,66504856,4096
1625724899,280459620,66504864,4096
1625724899,280459620,66504872,4096
1625724899,280459620,66504880,4096
1625724899,280459620,66504888,4096
1625724899,281243275,66507520,4096
1625724899,281243275,66507528,4096
1625724899,281243275,66507536,4096
1625724899,281244348,66507544,4096
1625724899,281244348,66507552,4096
1625724899,281244348,66507560,4096
1625724899,281244348,66507568,4096
1625724899,281244348,66507576,4096
1625724899,281244348,66507584,4096
1625724899,281244348,66507592,4096
1625724899,281244348,66507600,4096
1625724899,281244348,66507608,4096
1625724899,281245422,66507616,4096
1625724899,281245422,66507624,4096
1625724899,281394638,66507632,4096
1625724899,281394638,66507640,4096
1625724899,281395712,66507648,4096
1625724899,281395712,66507656,4096
1625724899,281395712,66507664,4096
1625724899,281395712,66507672,4096
1625724899,281395712,66507680,4096
1625724899,281395712,66507688,4096
1625724899,281395712,66507696,4096
1625724899,281395712,66507704,4096
1625724899,281395712,66507712,4096
1625724899,281396785,66507720,4096
1625724899,281396785,66507728,4096
1625724899,281396785,66507736,4096
1625724899,281528826,66516288,4096
1625724899,281528826,66516296,4096
1625724899,281528826,66516304,4096
1625724899,281529899,66516312,4096
1625724899,281529899,66516320,4096
1625724899,281529899,66516328,4096
1625724899,281529899,66516336,4096
1625724899,281529899,66516344,4096
1625724899,289687426,66495712,4096
1625724899,289688499,66495720,4096
1625724899,289688499,66495728,4096
1625724899,289688499,66495736,4096
1625724899,289688499,66495744,4096
1625724899,289688499,66495752,4096
1625724899,289688499,66495760,4096
1625724899,289688499,66495768,4096
1625724899,289689573,66495776,4096
1625724899,289689573,66495784,4096
1625724899,289799070,66495792,4096
1625724899,289799070,66495800,4096
1625724899,289799070,66495808,4096
1625724899,289799070,66495816,4096
1625724899,289799070,66495824,4096
1625724899,289800143,66495832,4096
1625724899,289800143,66495840,4096
1625724899,289800143,66495848,4096
1625724899,289800143,66495856,4096
1625724899,289800143,66495864,4096
1625724899,316495941,2514172,4096
1625724899,316495941,2514180,4096
1625724899,316497015,2514188,4096
1625724899,316497015,2514196,4096
1625724899,316497015,2514204,4096
1625724899,316497015,2514212,4096
1625724899,316497015,2514220,4096
1625724899,316497015,2514228,4096
1625724899,317615602,2513948,4096
1625724899,317615602,2513956,4096
1625724899,317615602,2513964,4096
1625724899,317616675,2513972,4096
1625724899,317616675,2513980,4096
1625724899,317616675,2513988,4096
1625724899,317616675,2513996,4096
1625724899,317616675,2514004,4096
1625724899,641079401,48935952,4096
1625724899,641749265,45592584,4096
1625724899,641749265,45592592,4096
1625724899,641750339,45592600,4096
1625724899,641750339,45592608,4096
1625724899,642480319,45592616,4096
1625724899,642481392,45592624,4096
1625724899,642481392,45592632,4096
1625724899,642481392,45592640,4096
1625724899,642481392,45592648,4096
1625724899,642481392,45592656,4096
1625724899,642481392,45592664,4096
1625724899,642481392,45592672,4096
1625724899,642481392,45592680,4096
1625724899,642481392,45592688,4096
1625724899,642482466,45592696,4096
1625724899,642482466,45592704,4096
1625724899,642482466,45592712,1536
1625724899,715712342,6809624,4096
1625724899,769851094,45378056,4096
1625724899,769851094,45378064,4096
1625724899,769851094,45378072,4096
1625724899,769851094,45378080,4096
1625724899,770395358,45378088,4096
1625724899,770395358,45378096,4096
1625724899,770395358,45378104,4096
1625724899,770395358,45378112,4096
1625724899,770395358,45378120,2560
1625724899,899866973,6809648,4096
1625724899,973396355,1400208,4096
1625724899,973396355,1400216,4096
1625724900,100075908,48935960,4096
1625724900,100688876,2652992,4096
1625724900,100689950,2653000,4096
1625724900,100689950,2653008,4096
1625724900,100689950,2653016,4096
1625724900,101277154,2653024,4096
1625724900,101277154,2653032,4096
1625724900,101277154,2653040,4096
1625724900,101277154,2653048,4096
1625724900,101277154,2653056,4096
1625724900,101277154,2653064,1536
1625724900,1018677372,60895232,4096
1625724900,1018678446,60895240,4096
1625724900,1018678446,60895248,4096
1625724900,1018678446,60895256,4096
1625724900,1025368498,60895264,4096
1625724900,1025369571,60895272,4096
1625724900,1025369571,60895280,4096
1625724900,1025369571,60895288,4096
1625724900,1025369571,60895296,1536
1625724900,176927773,6809720,4096
1625724900,234268775,1065504,4096
1625724900,234269849,1065512,4096
1625724900,234269849,1065520,2048
1625724900,320417150,48935968,4096
1625724900,321078426,1402256,4096
1625724900,321079500,1402264,3072
1625724900,413303885,6809752,4096
1625724900,430937196,6677808,1536
1625724900,494722419,6809760,4096
1625724900,502545013,48935984,4096
1625724900,503119336,7029008,2560
1625724900,633333812,3159320,4096
1625724900,633334886,3159328,4096
1625724900,633334886,3159336,4096
1625724900,633334886,3159344,4096
1625724900,634178657,3159352,4096
1625724900,634178657,3159360,4096
1625724900,634179730,3159368,4096
1625724900,634179730,3159376,4096
1625724900,634179730,3159384,4096
1625724900,634179730,3159392,4096
1625724900,634179730,3159400,4096
1625724900,634179730,3159408,4096
1625724900,634179730,3159416,1536
1625724900,634235552,3159419,4096
1625724900,634235552,3159427,4096
1625724900,634236626,3159435,4096
1625724900,634236626,3159443,4096
1625724900,634236626,3159451,4096
1625724900,634236626,3159459,4096
1625724900,634236626,3159467,4096
1625724900,634236626,3159475,4096
1625724900,634236626,3159483,1024
1625724900,772188890,6809768,4096
1625724901,1056056356,6809824,4096
1625724901,185726966,6809808,4096
1625724901,261582623,45342080,4096
1625724901,261582623,45342088,4096
1625724901,261583696,45342096,4096
1625724901,261583696,45342104,4096
1625724901,261583696,45342112,4096
1625724901,261583696,45342120,4096
1625724901,261583696,45342128,4096
1625724901,261583696,45342136,4096
1625724901,261583696,45342144,4096
1625724901,261583696,45342152,4096
1625724901,261584770,45342160,4096
1625724901,261584770,45342168,4096
1625724901,261584770,45342176,4096
1625724901,261584770,45342184,4096
1625724901,261584770,45342192,4096
1625724901,261584770,45342200,4096
1625724901,261584770,45342208,4096
1625724901,261584770,45342216,4096
1625724901,261584770,45342224,4096
1625724901,261585843,45342232,4096
1625724901,262045301,45342240,4096
1625724901,262045301,45342248,4096
1625724901,262045301,45342256,4096
1625724901,262045301,45342264,4096
1625724901,262045301,45342272,4096
1625724901,262045301,45342280,4096
1625724901,262045301,45342288,4096
1625724901,262046375,45342296,4096
1625724901,262046375,45342304,4096
1625724901,262046375,45342312,4096
1625724901,262046375,45342320,4096
1625724901,262046375,45342328,4096
1625724901,262046375,45342336,4096
1625724901,262046375,45342344,4096
1625724901,262046375,45342352,4096
1625724901,262046375,45342360,4096
1625724901,262047448,45342368,4096
1625724901,262047448,45342376,4096
1625724901,262047448,45342384,4096
1625724901,262047448,45342392,4096
1625724901,262655049,45342400,4096
1625724901,262655049,45342408,4096
1625724901,262655049,45342416,4096
1625724901,262655049,45342424,4096
1625724901,262655049,45342432,4096
1625724901,262656123,45342440,4096
1625724901,262656123,45342448,4096
1625724901,262656123,45342456,4096
1625724901,262656123,45342464,4096
1625724901,262656123,45342472,4096
1625724901,262656123,45342480,4096
1625724901,262656123,45342488,4096
1625724901,262656123,45342496,4096
1625724901,262656123,45342504,4096
1625724901,262657196,45342512,4096
1625724901,262657196,45342520,4096
1625724901,262657196,45342528,4096
1625724901,262657196,45342536,4096
1625724901,262657196,45342544,4096
1625724901,262657196,45342552,4096
1625724901,270173843,66344064,4096
1625724901,270174917,66344072,4096
1625724901,270174917,66344080,4096
1625724901,270174917,66344088,4096
1625724901,270174917,66344096,4096
1625724901,270174917,66344104,4096
1625724901,270174917,66344112,4096
1625724901,270174917,66344120,4096
1625724901,270571038,5596192,4096
1625724901,270571038,5596200,4096
1625724901,270571038,5596208,4096
1625724901,270571038,5596216,4096
1625724901,270571038,5596224,4096
1625724901,270571038,5596232,4096
1625724901,270571038,5596240,4096
1625724901,270572112,5596248,4096
1625724901,270572112,5596256,4096
1625724901,270572112,5596264,4096
1625724901,270572112,5596272,4096
1625724901,270572112,5596280,4096
1625724901,270572112,5596288,4096
1625724901,270572112,5596296,4096
1625724901,270572112,5596304,4096
1625724901,270572112,5596312,4096
1625724901,270573185,5596320,4096
1625724901,270573185,5596328,4096
1625724901,270573185,5596336,4096
1625724901,270573185,5596344,4096
1625724901,270573185,5596352,4096
1625724901,270573185,5596360,4096
1625724901,270573185,5596368,4096
1625724901,270573185,5596376,4096
1625724901,270790032,5596384,4096
1625724901,270790032,5596392,4096
1625724901,270791106,5596400,4096
1625724901,270791106,5596408,4096
1625724901,270791106,5596416,4096
1625724901,270791106,5596424,4096
1625724901,270791106,5596432,4096
1625724901,270791106,5596440,4096
1625724901,270791106,5596448,4096
1625724901,270791106,5596456,4096
1625724901,270791106,5596464,4096
1625724901,270792179,5596472,4096
1625724901,270792179,5596480,4096
1625724901,270792179,5596488,4096
1625724901,270792179,5596496,4096
1625724901,270792179,5596504,4096
1625724901,270792179,5596512,4096
1625724901,270792179,5596520,4096
1625724901,270792179,5596528,4096
1625724901,270792179,5596536,4096
1625724901,270793253,5596544,4096
1625724901,270793253,5596552,4096
1625724901,270793253,5596560,4096
1625724901,270793253,5596568,4096
1625724901,278531041,5596576,4096
1625724901,278531041,5596584,4096
1625724901,278531041,5596592,4096
1625724901,278532114,5596600,4096
1625724901,278532114,5596608,4096
1625724901,278532114,5596616,4096
1625724901,278532114,5596624,4096
1625724901,278532114,5596632,4096
1625724901,278974396,6661504,4096
1625724901,278975470,6661512,4096
1625724901,278975470,6661520,4096
1625724901,278975470,6661528,4096
1625724901,278975470,6661536,4096
1625724901,278975470,6661544,4096
1625724901,278975470,6661552,4096
1625724901,278975470,6661560,4096
1625724901,278975470,6661568,4096
1625724901,278975470,6661576,4096
1625724901,278976543,6661584,4096
1625724901,278976543,6661592,4096
1625724901,279064570,6661408,4096
1625724901,279064570,6661416,4096
1625724901,279064570,6661424,4096
1625724901,279064570,6661432,4096
1625724901,279064570,6661440,4096
1625724901,279064570,6661448,4096
1625724901,279064570,6661456,4096
1625724901,279064570,6661464,4096
1625724901,279064570,6661472,4096
1625724901,279065644,6661480,4096
1625724901,279065644,6661488,4096
1625724901,279065644,6661496,4096
1625724901,279452104,6660480,4096
1625724901,279452104,6660488,4096
1625724901,279453177,6660496,4096
1625724901,279453177,6660504,4096
1625724901,279453177,6660512,4096
1625724901,279453177,6660520,4096
1625724901,279453177,6660528,4096
1625724901,279453177,6660536,4096
1625724901,279610982,6660224,4096
1625724901,279610982,6660232,4096
1625724901,279610982,6660240,4096
1625724901,279610982,6660248,4096
1625724901,279610982,6660256,4096
1625724901,279612055,6660264,4096
1625724901,279612055,6660272,4096
1625724901,279612055,6660280,4096
1625724901,279612055,6660288,4096
1625724901,279612055,6660296,4096
1625724901,279755904,6660304,4096
1625724901,279755904,6660312,4096
1625724901,279755904,6660320,4096
1625724901,279755904,6660328,4096
1625724901,279755904,6660336,4096
1625724901,279755904,6660344,4096
1625724901,279756978,6660352,4096
1625724901,279756978,6660360,4096
1625724901,279756978,6660368,4096
1625724901,279756978,6660376,4096
1625724901,279988854,6659968,4096
1625724901,279988854,6659976,4096
1625724901,279988854,6659984,4096
1625724901,279988854,6659992,4096
1625724901,279988854,6660000,4096
1625724901,279989927,6660008,4096
1625724901,279989927,6660016,4096
1625724901,279989927,6660024,4096
1625724901,279989927,6660032,4096
1625724901,279989927,6660040,4096
1625724901,279989927,6660048,4096
1625724901,279989927,6660056,4096
1625724901,280684482,867232,4096
1625724901,280684482,867240,4096
1625724901,280684482,867248,4096
1625724901,280685555,867256,4096
1625724901,280685555,867264,4096
1625724901,280685555,867272,4096
1625724901,280685555,867280,4096
1625724901,280685555,867288,4096
1625724901,280685555,867296,4096
1625724901,280685555,867304,4096
1625724901,280685555,867312,4096
1625724901,280685555,867320,4096
1625724901,280686629,867328,4096
1625724901,280686629,867336,4096
1625724901,280686629,867344,4096
1625724901,280686629,867352,4096
1625724901,280686629,867360,4096
1625724901,280686629,867368,4096
1625724901,280686629,867376,4096
1625724901,280686629,867384,4096
1625724901,280847654,867392,4096
1625724901,280847654,867400,4096
1625724901,280847654,867408,4096
1625724901,280847654,867416,4096
1625724901,280847654,867424,4096
1625724901,280847654,867432,4096
1625724901,280847654,867440,4096
1625724901,280847654,867448,4096
1625724901,280848727,867456,4096
1625724901,280848727,867464,4096
1625724901,280848727,867472,4096
1625724901,280848727,867480,4096
1625724901,280848727,867488,4096
1625724901,280848727,867496,4096
1625724901,280848727,867504,4096
1625724901,280848727,867512,4096
1625724901,280849801,867520,4096
1625724901,280849801,867528,4096
1625724901,280849801,867536,4096
1625724901,280849801,867544,4096
1625724901,281001164,867552,4096
1625724901,281001164,867560,4096
1625724901,281002238,867568,4096
1625724901,281002238,867576,4096
1625724901,281002238,867584,4096
1625724901,281002238,867592,4096
1625724901,281002238,867600,4096
1625724901,281002238,867608,4096
1625724901,281002238,867616,4096
1625724901,281002238,867624,4096
1625724901,281002238,867632,4096
1625724901,281003311,867640,4096
1625724901,281003311,867648,4096
1625724901,281003311,867656,4096
1625724901,281003311,867664,4096
1625724901,281003311,867672,4096
1625724901,281003311,867680,4096
1625724901,281003311,867688,4096
1625724901,281003311,867696,4096
1625724901,281003311,867704,4096
1625724901,297211014,860352,4096
1625724901,297211014,860360,4096
1625724901,297211014,860368,4096
1625724901,297211014,860376,4096
1625724901,297211014,860384,4096
1625724901,297211014,860392,4096
1625724901,297211014,860400,4096
1625724901,297212088,860408,4096
1625724901,297212088,860416,4096
1625724901,297212088,860424,4096
1625724901,297212088,860432,4096
1625724901,297212088,860440,4096
1625724901,297212088,860448,4096
1625724901,297212088,860456,4096
1625724901,297212088,860464,4096
1625724901,297212088,860472,4096
1625724901,297213161,860480,4096
1625724901,297213161,860488,4096
1625724901,297213161,860496,4096
1625724901,297213161,860504,4096
1625724901,297213161,860512,4096
1625724901,297213161,860520,4096
1625724901,297221749,860528,4096
1625724901,297221749,860536,4096
1625724901,297221749,860544,4096
1625724901,297221749,860552,4096
1625724901,297221749,860560,4096
1625724901,297222823,860568,4096
1625724901,297222823,860576,4096
1625724901,297222823,860584,4096
1625724901,297222823,860592,4096
1625724901,297222823,860600,4096
1625724901,297222823,860608,4096
1625724901,297222823,860616,4096
1625724901,297222823,860624,4096
1625724901,297222823,860632,4096
1625724901,297223896,860640,4096
1625724901,297223896,860648,4096
1625724901,297223896,860656,4096
1625724901,297223896,860664,4096
1625724901,297223896,860672,4096
1625724901,297223896,860680,4096
1625724901,297223896,860688,4096
1625724901,297223896,860696,4096
1625724901,297249660,6660064,4096
1625724901,297249660,6660072,4096
1625724901,297249660,6660080,4096
1625724901,297250734,6660088,4096
1625724901,308708199,48935992,4096
1625724901,309488634,2835928,4096
1625724901,309488634,2835936,4096
1625724901,309488634,2835944,4096
1625724901,309489707,2835952,4096
1625724901,310120925,2835960,4096
1625724901,310121999,2835968,3072
1625724901,399044298,6809816,4096
1625724901,422607623,7091160,4096
1625724901,423569479,62004288,4096
1625724901,423570552,62004296,4096
1625724901,423570552,62004304,4096
1625724901,423570552,62004312,4096
1625724901,424405735,62004320,4096
1625724901,424405735,62004328,4096
1625724901,424405735,62004336,4096
1625724901,424405735,62004344,4096
1625724901,424405735,62004352,4096
1625724901,424405735,62004360,4096
1625724901,424405735,62004368,4096
1625724901,424406809,62004376,4096
1625724901,424406809,62004384,4096
1625724901,424406809,62004392,4096
1625724901,424406809,62004400,4096
1625724901,424406809,62004408,4096
1625724901,424406809,62004416,4096
1625724901,424406809,62004424,4096
1625724901,424509865,62004432,4096
1625724901,424510938,62004440,4096
1625724901,424510938,62004448,4096
1625724901,424510938,62004456,4096
1625724901,424510938,62004464,4096
1625724901,424510938,62004472,4096
1625724901,424510938,62004480,4096
1625724901,424510938,62004488,4096
1625724901,424510938,62004496,4096
1625724901,424510938,62004504,4096
1625724901,424512012,62004512,4096
1625724901,424512012,62004520,4096
1625724901,424512012,62004528,4096
1625724901,424512012,62004536,4096
1625724901,425356856,62004544,4096
1625724901,425356856,62004552,4096
1625724901,425356856,62004560,4096
1625724901,425356856,62004568,4096
1625724901,425356856,62004576,4096
1625724901,425357930,62004584,4096
1625724901,425357930,62004592,4096
1625724901,425357930,62004600,4096
1625724901,425357930,62004608,4096
1625724901,425357930,62004616,4096
1625724901,425357930,62004624,4096
1625724901,425357930,62004632,4096
1625724901,425357930,62004640,4096
1625724901,425357930,62004648,4096
1625724901,425359003,62004656,4096
1625724901,425359003,62004664,4096
1625724901,426223171,62004672,4096
1625724901,426224244,62004680,4096
1625724901,426224244,62004688,4096
1625724901,426224244,62004696,4096
1625724901,426224244,62004704,4096
1625724901,426224244,62004712,4096
1625724901,426224244,62004720,4096
1625724901,426224244,62004728,4096
1625724901,426224244,62004736,4096
1625724901,426225318,62004744,4096
1625724901,426225318,62004752,4096
1625724901,426225318,62004760,4096
1625724901,426225318,62004768,4096
1625724901,426225318,62004776,4096
1625724901,426225318,62004784,4096
1625724901,426225318,62004792,4096
1625724901,426348770,62004800,4096
1625724901,426349844,62004808,4096
1625724901,426349844,62004816,4096
1625724901,426349844,62004824,4096
1625724901,426349844,62004832,4096
1625724901,426349844,62004840,4096
1625724901,426349844,62004848,4096
1625724901,426349844,62004856,4096
1625724901,426349844,62004864,4096
1625724901,426349844,62004872,4096
1625724901,426350917,62004880,4096
1625724901,426350917,62004888,4096
1625724901,426350917,62004896,4096
1625724901,426350917,62004904,4096
1625724901,426350917,62004912,4096
1625724901,426350917,62004920,4096
1625724901,430878940,62004928,4096
1625724901,430878940,62004936,4096
1625724901,430878940,62004944,4096
1625724901,430878940,62004952,4096
1625724901,430880014,62004960,4096
1625724901,430880014,62004968,4096
1625724901,430880014,62004976,4096
1625724901,430880014,62004984,4096
1625724901,430880014,62004992,4096
1625724901,430880014,62005000,4096
1625724901,430880014,62005008,4096
1625724901,430880014,62005016,4096
1625724901,430880014,62005024,4096
1625724901,430881087,62005032,4096
1625724901,430881087,62005040,4096
1625724901,430881087,62005048,4096
1625724901,430997025,62005056,4096
1625724901,430997025,62005064,4096
1625724901,430997025,62005072,4096
1625724901,430998099,62005080,4096
1625724901,430998099,62005088,4096
1625724901,430998099,62005096,4096
1625724901,430998099,62005104,4096
1625724901,430998099,62005112,4096
1625724901,430998099,62005120,4096
1625724901,430998099,62005128,4096
1625724901,430998099,62005136,4096
1625724901,430999172,62005144,4096
1625724901,430999172,62005152,4096
1625724901,430999172,62005160,4096
1625724901,430999172,62005168,4096
1625724901,430999172,62005176,4096
1625724901,435530416,62005184,4096
1625724901,435530416,62005192,4096
1625724901,435530416,62005200,4096
1625724901,435530416,62005208,4096
1625724901,435530416,62005216,4096
1625724901,435530416,62005224,4096
1625724901,435531489,62005232,4096
1625724901,435531489,62005240,4096
1625724901,435531489,62005248,4096
1625724901,435531489,62005256,4096
1625724901,435531489,62005264,4096
1625724901,435531489,62005272,4096
1625724901,435531489,62005280,4096
1625724901,435531489,62005288,4096
1625724901,435531489,62005296,4096
1625724901,435532563,62005304,4096
1625724901,435656015,62005312,4096
1625724901,435656015,62005320,4096
1625724901,435656015,62005328,4096
1625724901,435656015,62005336,4096
1625724901,435656015,62005344,4096
1625724901,435656015,62005352,4096
1625724901,435656015,62005360,4096
1625724901,435656015,62005368,4096
1625724901,435657089,62005376,4096
1625724901,435657089,62005384,4096
1625724901,435657089,62005392,4096
1625724901,435657089,62005400,4096
1625724901,435657089,62005408,4096
1625724901,435657089,62005416,4096
1625724901,435657089,62005424,4096
1625724901,435657089,62005432,4096
1625724901,440077762,62005440,4096
1625724901,440077762,62005448,4096
1625724901,440077762,62005456,4096
1625724901,440077762,62005464,4096
1625724901,440077762,62005472,4096
1625724901,440077762,62005480,4096
1625724901,440077762,62005488,4096
1625724901,440078835,62005496,4096
1625724901,440078835,62005504,4096
1625724901,440078835,62005512,4096
1625724901,440078835,62005520,4096
1625724901,440078835,62005528,4096
1625724901,440078835,62005536,4096
1625724901,440078835,62005544,4096
1625724901,440078835,62005552,4096
1625724901,440078835,62005560,4096
1625724901,440192626,62005568,4096
1625724901,440192626,62005576,4096
1625724901,440192626,62005584,4096
1625724901,440192626,62005592,4096
1625724901,440193700,62005600,4096
1625724901,440193700,62005608,4096
1625724901,440193700,62005616,4096
1625724901,440193700,62005624,4096
1625724901,440193700,62005632,4096
1625724901,440193700,62005640,4096
1625724901,440193700,62005648,4096
1625724901,440193700,62005656,4096
1625724901,440193700,62005664,4096
1625724901,440193700,62005672,4096
1625724901,440194773,62005680,4096
1625724901,440194773,62005688,4096
1625724901,444732458,62005696,4096
1625724901,444732458,62005704,4096
1625724901,444732458,62005712,4096
1625724901,444732458,62005720,4096
1625724901,444732458,62005728,4096
1625724901,444732458,62005736,4096
1625724901,444732458,62005744,4096
1625724901,444732458,62005752,4096
1625724901,444732458,62005760,4096
1625724901,444733531,62005768,4096
1625724901,444733531,62005776,4096
1625724901,444733531,62005784,4096
1625724901,444733531,62005792,4096
1625724901,444733531,62005800,4096
1625724901,444733531,62005808,4096
1625724901,444733531,62005816,4096
1625724901,444856984,62005824,4096
1625724901,444856984,62005832,4096
1625724901,444856984,62005840,4096
1625724901,444856984,62005848,4096
1625724901,444856984,62005856,4096
1625724901,444856984,62005864,4096
1625724901,444856984,62005872,4096
1625724901,444858057,62005880,4096
1625724901,444858057,62005888,4096
1625724901,444858057,62005896,4096
1625724901,444858057,62005904,4096
1625724901,444858057,62005912,4096
1625724901,444858057,62005920,4096
1625724901,444858057,62005928,4096
1625724901,444858057,62005936,4096
1625724901,444858057,62005944,4096
1625724901,449190703,62005952,4096
1625724901,449190703,62005960,4096
1625724901,449190703,62005968,4096
1625724901,449190703,62005976,4096
1625724901,449190703,62005984,4096
1625724901,449190703,62005992,4096
1625724901,449191777,62006000,4096
1625724901,449191777,62006008,4096
1625724901,449191777,62006016,4096
1625724901,449191777,62006024,4096
1625724901,449191777,62006032,4096
1625724901,449191777,62006040,4096
1625724901,449191777,62006048,4096
1625724901,449191777,62006056,4096
1625724901,449191777,62006064,4096
1625724901,449192850,62006072,4096
1625724901,449318450,62006080,4096
1625724901,449318450,62006088,4096
1625724901,449318450,62006096,4096
1625724901,449318450,62006104,4096
1625724901,449318450,62006112,4096
1625724901,449318450,62006120,4096
1625724901,449319523,62006128,4096
1625724901,449319523,62006136,4096
1625724901,449319523,62006144,4096
1625724901,449319523,62006152,4096
1625724901,449319523,62006160,4096
1625724901,449319523,62006168,4096
1625724901,449319523,62006176,4096
1625724901,449319523,62006184,4096
1625724901,449319523,62006192,4096
1625724901,449320597,62006200,4096
1625724901,453310796,62006208,4096
1625724901,453310796,62006216,4096
1625724901,453310796,62006224,4096
1625724901,453311870,62006232,4096
1625724901,453311870,62006240,4096
1625724901,453311870,62006248,4096
1625724901,453311870,62006256,4096
1625724901,453311870,62006264,4096
1625724901,453311870,62006272,4096
1625724901,453311870,62006280,4096
1625724901,453311870,62006288,4096
1625724901,453311870,62006296,4096
1625724901,453312943,62006304,4096
1625724901,453312943,62006312,4096
1625724901,453312943,62006320,4096
1625724901,453312943,62006328,4096
1625724901,453436396,62006336,4096
1625724901,453436396,62006344,4096
1625724901,453436396,62006352,4096
1625724901,453436396,62006360,4096
1625724901,453437469,62006368,4096
1625724901,453437469,62006376,4096
1625724901,453437469,62006384,4096
1625724901,453437469,62006392,4096
1625724901,453437469,62006400,4096
1625724901,453437469,62006408,4096
1625724901,453437469,62006416,4096
1625724901,453437469,62006424,4096
1625724901,453437469,62006432,4096
1625724901,453438543,62006440,4096
1625724901,453438543,62006448,4096
1625724901,453438543,62006456,4096
1625724901,457496373,62006464,4096
1625724901,457496373,62006472,4096
1625724901,457496373,62006480,4096
1625724901,457496373,62006488,4096
1625724901,457496373,62006496,4096
1625724901,457496373,62006504,4096
1625724901,457497446,62006512,4096
1625724901,457497446,62006520,4096
1625724901,457497446,62006528,4096
1625724901,457497446,62006536,4096
1625724901,457497446,62006544,4096
1625724901,457497446,62006552,4096
1625724901,457497446,62006560,4096
1625724901,457497446,62006568,4096
1625724901,457497446,62006576,4096
1625724901,457498520,62006584,4096
1625724901,457623046,62006592,4096
1625724901,457623046,62006600,4096
1625724901,457623046,62006608,4096
1625724901,457623046,62006616,4096
1625724901,457623046,62006624,4096
1625724901,457623046,62006632,4096
1625724901,457623046,62006640,4096
1625724901,457623046,62006648,4096
1625724901,457624119,62006656,4096
1625724901,457624119,62006664,4096
1625724901,457624119,62006672,4096
1625724901,457624119,62006680,4096
1625724901,457624119,62006688,4096
1625724901,457624119,62006696,4096
1625724901,457624119,62006704,4096
1625724901,457624119,62006712,4096
1625724901,461950324,62006720,4096
1625724901,461951398,62006728,4096
1625724901,461951398,62006736,4096
1625724901,461951398,62006744,4096
1625724901,461951398,62006752,4096
1625724901,461951398,62006760,4096
1625724901,461951398,62006768,4096
1625724901,461951398,62006776,4096
1625724901,461951398,62006784,4096
1625724901,461952471,62006792,4096
1625724901,461952471,62006800,4096
1625724901,461952471,62006808,4096
1625724901,461952471,62006816,4096
1625724901,461952471,62006824,4096
1625724901,461952471,62006832,4096
1625724901,461952471,62006840,4096
1625724901,462080218,62006848,4096
1625724901,462080218,62006856,4096
1625724901,462080218,62006864,4096
1625724901,462080218,62006872,4096
1625724901,462080218,62006880,4096
1625724901,462080218,62006888,4096
1625724901,462080218,62006896,4096
1625724901,462081291,62006904,4096
1625724901,462081291,62006912,4096
1625724901,462081291,62006920,4096
1625724901,462081291,62006928,4096
1625724901,462081291,62006936,4096
1625724901,462081291,62006944,4096
1625724901,462081291,62006952,4096
1625724901,462081291,62006960,4096
1625724901,462081291,62006968,4096
1625724901,466379585,62006976,4096
1625724901,466380659,62006984,4096
1625724901,466380659,62006992,4096
1625724901,466380659,62007000,4096
1625724901,466380659,62007008,4096
1625724901,466380659,62007016,4096
1625724901,466380659,62007024,4096
1625724901,466381732,62007032,4096
1625724901,466381732,62007040,4096
1625724901,466381732,62007048,4096
1625724901,466381732,62007056,4096
1625724901,466381732,62007064,4096
1625724901,466381732,62007072,4096
1625724901,466381732,62007080,4096
1625724901,466381732,62007088,4096
1625724901,466381732,62007096,4096
1625724901,466499817,62007104,4096
1625724901,466500891,62007112,4096
1625724901,466500891,62007120,4096
1625724901,466500891,62007128,4096
1625724901,466500891,62007136,4096
1625724901,466500891,62007144,4096
1625724901,466500891,62007152,4096
1625724901,466500891,62007160,4096
1625724901,466500891,62007168,4096
1625724901,466501964,62007176,4096
1625724901,466501964,62007184,4096
1625724901,466501964,62007192,4096
1625724901,466501964,62007200,4096
1625724901,466501964,62007208,4096
1625724901,466501964,62007216,4096
1625724901,466501964,62007224,4096
1625724901,470619910,62007232,4096
1625724901,470619910,62007240,4096
1625724901,470619910,62007248,4096
1625724901,470620984,62007256,4096
1625724901,470620984,62007264,4096
1625724901,470620984,62007272,4096
1625724901,470620984,62007280,4096
1625724901,470620984,62007288,4096
1625724901,470620984,62007296,4096
1625724901,470620984,62007304,4096
1625724901,470620984,62007312,4096
1625724901,470622057,62007320,4096
1625724901,470622057,62007328,4096
1625724901,470622057,62007336,4096
1625724901,470622057,62007344,4096
1625724901,470622057,62007352,4096
1625724901,470745510,62007360,4096
1625724901,470746583,62007368,4096
1625724901,470746583,62007376,4096
1625724901,470746583,62007384,4096
1625724901,470746583,62007392,4096
1625724901,470746583,62007400,4096
1625724901,470746583,62007408,4096
1625724901,470746583,62007416,4096
1625724901,470746583,62007424,4096
1625724901,470746583,62007432,4096
1625724901,470747657,62007440,4096
1625724901,470747657,62007448,4096
1625724901,470747657,62007456,4096
1625724901,470747657,62007464,4096
1625724901,470747657,62007472,4096
1625724901,470747657,62007480,4096
1625724901,475125390,62007488,4096
1625724901,475126463,62007496,4096
1625724901,475126463,62007504,4096
1625724901,475126463,62007512,4096
1625724901,475126463,62007520,4096
1625724901,475126463,62007528,4096
1625724901,475126463,62007536,4096
1625724901,475126463,62007544,4096
1625724901,475126463,62007552,4096
1625724901,475126463,62007560,4096
1625724901,475127537,62007568,4096
1625724901,475127537,62007576,4096
1625724901,475127537,62007584,4096
1625724901,475127537,62007592,4096
1625724901,475127537,62007600,4096
1625724901,475127537,62007608,4096
1625724901,475254210,62007616,4096
1625724901,475254210,62007624,4096
1625724901,475254210,62007632,4096
1625724901,475254210,62007640,4096
1625724901,475255283,62007648,4096
1625724901,475255283,62007656,4096
1625724901,475255283,62007664,4096
1625724901,475255283,62007672,4096
1625724901,475255283,62007680,4096
1625724901,475255283,62007688,4096
1625724901,475255283,62007696,4096
1625724901,475255283,62007704,4096
1625724901,475255283,62007712,4096
1625724901,475256357,62007720,4096
1625724901,475256357,62007728,4096
1625724901,475256357,62007736,4096
1625724901,47592206,6809784,4096
1625724901,479537475,62007744,4096
1625724901,479537475,62007752,4096
1625724901,479537475,62007760,4096
1625724901,479537475,62007768,4096
1625724901,479537475,62007776,4096
1625724901,479538548,62007784,4096
1625724901,479538548,62007792,4096
1625724901,479538548,62007800,4096
1625724901,479538548,62007808,4096
1625724901,479538548,62007816,4096
1625724901,479538548,62007824,4096
1625724901,479538548,62007832,4096
1625724901,479538548,62007840,4096
1625724901,479538548,62007848,4096
1625724901,479539622,62007856,4096
1625724901,479539622,62007864,4096
1625724901,479670589,62007872,4096
1625724901,479670589,62007880,4096
1625724901,479670589,62007888,4096
1625724901,479670589,62007896,4096
1625724901,479670589,62007904,4096
1625724901,479670589,62007912,4096
1625724901,479671662,62007920,4096
1625724901,479671662,62007928,4096
1625724901,479671662,62007936,4096
1625724901,479671662,62007944,4096
1625724901,479671662,62007952,4096
1625724901,479671662,62007960,4096
1625724901,479671662,62007968,4096
1625724901,479671662,62007976,4096
1625724901,479671662,62007984,4096
1625724901,479672736,62007992,4096
1625724901,483774579,62008000,4096
1625724901,483774579,62008008,4096
1625724901,483774579,62008016,4096
1625724901,483774579,62008024,4096
1625724901,483774579,62008032,4096
1625724901,483774579,62008040,4096
1625724901,483774579,62008048,4096
1625724901,483775653,62008056,4096
1625724901,483775653,62008064,4096
1625724901,483775653,62008072,1536
1625724901,483881929,62008075,4096
1625724901,483881929,62008083,4096
1625724901,483881929,62008091,4096
1625724901,483883003,62008099,4096
1625724901,483883003,62008107,4096
1625724901,483883003,62008115,4096
1625724901,483883003,62008123,4096
1625724901,483883003,62008131,4096
1625724901,483883003,62008139,4096
1625724901,483883003,62008147,1024
1625724901,79615785,2864232,4096
1625724901,79615785,2864240,4096
1625724901,79615785,2864248,4096
1625724901,79615785,2864256,4096
1625724901,80461703,2864264,4096
1625724901,80461703,2864272,4096
1625724901,80461703,2864280,4096
1625724901,80462776,2864288,4096
1625724901,80462776,2864296,4096
1625724901,80462776,2864304,4096
1625724901,80462776,2864312,4096
1625724901,80462776,2864320,4096
1625724901,80462776,2864328,4096
1625724901,80462776,2864336,512
1625724901,80519672,2864337,4096
1625724901,80519672,2864345,4096
1625724901,80519672,2864353,4096
1625724901,80519672,2864361,4096
1625724901,80519672,2864369,4096
1625724901,80519672,2864377,4096
1625724901,80520745,2864385,4096
1625724901,80520745,2864393,4096
1625724901,80520745,2864401,4096
1625724903,1015527937,48936016,4096
1625724903,1016347018,2119480,4096
1625724903,1016348091,2119488,4096
1625724903,1016348091,2119496,4096
1625724903,1016348091,2119504,2560
1625724903,274858024,69782112,4096
1625724903,274859098,69782120,4096
1625724903,274859098,69782128,4096
1625724903,274859098,69782136,4096
1625724903,274859098,69782144,4096
1625724903,274859098,69782152,4096
1625724903,274859098,69782160,4096
1625724903,274859098,69782168,4096
1625724903,274860171,69782176,4096
1625724903,274860171,69782184,4096
1625724903,274860171,69782192,4096
1625724903,274860171,69782200,4096
1625724903,274860171,69782208,4096
1625724903,274860171,69782216,4096
1625724903,274860171,69782224,4096
1625724903,274860171,69782232,4096
1625724903,274860171,69782240,4096
1625724903,274861245,69782248,4096
1625724903,274861245,69782256,4096
1625724903,274861245,69782264,4096
1625724903,275001873,69782272,4096
1625724903,275001873,69782280,4096
1625724903,275001873,69782288,4096
1625724903,275001873,69782296,4096
1625724903,275001873,69782304,4096
1625724903,275001873,69782312,4096
1625724903,275001873,69782320,4096
1625724903,275001873,69782328,4096
1625724903,275002947,69782336,4096
1625724903,275002947,69782344,4096
1625724903,275002947,69782352,4096
1625724903,275002947,69782360,4096
1625724903,275002947,69782368,4096
1625724903,275002947,69782376,4096
1625724903,275002947,69782384,4096
1625724903,275002947,69782392,4096
1625724903,275002947,69782400,4096
1625724903,275004020,69782408,4096
1625724903,275004020,69782416,4096
1625724903,275004020,69782424,4096
1625724903,275028711,6660864,4096
1625724903,275028711,6660872,4096
1625724903,275028711,6660880,4096
1625724903,275029784,6660888,4096
1625724903,275068430,6660896,4096
1625724903,275068430,6660904,4096
1625724903,275068430,6660912,4096
1625724903,275068430,6660920,4096
1625724903,275106003,6660096,4096
1625724903,275106003,6660104,4096
1625724903,275107076,6660112,4096
1625724903,275107076,6660120,4096
1625724903,275132840,6659840,4096
1625724903,275132840,6659848,4096
1625724903,275132840,6659856,4096
1625724903,275132840,6659864,4096
1625724903,275159678,6661920,4096
1625724903,275159678,6661928,4096
1625724903,275159678,6661936,4096
1625724903,275159678,6661944,4096
1625724903,275197250,66446112,4096
1625724903,275198324,66446120,4096
1625724903,275198324,66446128,4096
1625724903,275198324,66446136,4096
1625724903,275307821,66507840,4096
1625724903,275307821,66507848,4096
1625724903,275307821,66507856,4096
1625724903,275307821,66507864,4096
1625724903,275307821,66507872,4096
1625724903,275307821,66507880,4096
1625724903,275307821,66507888,4096
1625724903,275308894,66507896,4096
1625724903,275308894,66507904,4096
1625724903,275308894,66507912,4096
1625724903,275308894,66507920,4096
1625724903,275308894,66507928,4096
1625724903,275495683,10375232,4096
1625724903,275495683,10375240,4096
1625724903,275496757,10375248,4096
1625724903,275496757,10375256,4096
1625724903,275496757,10375264,4096
1625724903,275496757,10375272,4096
1625724903,275496757,10375280,4096
1625724903,275496757,10375288,4096
1625724903,275496757,10375296,4096
1625724903,275496757,10375304,4096
1625724903,275497830,10375312,4096
1625724903,275497830,10375320,4096
1625724903,275497830,10375328,4096
1625724903,275497830,10375336,4096
1625724903,275497830,10375344,4096
1625724903,275497830,10375352,4096
1625724903,294709186,60886240,4096
1625724903,294709186,60886248,4096
1625724903,294709186,60886256,4096
1625724903,294709186,60886264,4096
1625724903,295243789,60895200,4096
1625724903,295243789,60895208,4096
1625724903,295243789,60895216,4096
1625724903,295243789,60895224,4096
1625724903,295419843,10375456,4096
1625724903,295419843,10375464,4096
1625724903,295419843,10375472,4096
1625724903,295420917,10375480,4096
1625724903,301653658,62004160,4096
1625724903,301653658,62004168,4096
1625724903,301653658,62004176,4096
1625724903,301653658,62004184,4096
1625724903,305055579,10375520,4096
1625724903,305055579,10375528,4096
1625724903,305055579,10375536,4096
1625724903,305055579,10375544,4096
1625724903,310191203,62153696,4096
1625724903,310191203,62153704,4096
1625724903,310192277,62153712,4096
1625724903,310192277,62153720,4096
1625724903,310333979,10375584,4096
1625724903,310333979,10375592,4096
1625724903,310333979,10375600,4096
1625724903,310333979,10375608,4096
1625724903,311975360,875456,4096
1625724903,311975360,875464,4096
1625724903,311976434,875472,4096
1625724903,311976434,875480,4096
1625724903,311976434,875488,4096
1625724903,311976434,875496,4096
1625724903,311976434,875504,4096
1625724903,311976434,875512,4096
1625724903,311976434,875520,4096
1625724903,311976434,875528,4096
1625724903,311976434,875536,4096
1625724903,311977507,875544,4096
1625724903,412785598,48936000,4096
1625724903,413382464,1404304,4096
1625724903,413382464,1404312,2560
1625724903,543260935,6809840,4096
1625724903,555488100,68857408,4096
1625724903,555488100,68857416,4096
1625724903,555488100,68857424,4096
1625724903,555489174,68857432,4096
1625724903,557995796,68857440,4096
1625724903,557995796,68857448,4096
1625724903,557995796,68857456,4096
1625724903,557996870,68857464,2048
1625724903,742571239,2734466,4096
1625724903,742571239,2734474,4096
1625724903,742571239,2734482,4096
1625724903,742571239,2734490,4096
1625724903,742571239,2734498,4096
1625724903,742571239,2734506,4096
1625724903,742572313,2734514,4096
1625724903,742572313,2734522,4096
1625724903,746570027,2968504,4096
1625724903,746570027,2968512,4096
1625724903,746570027,2968520,4096
1625724903,746570027,2968528,4096
1625724903,746996206,2968536,4096
1625724903,746996206,2968544,4096
1625724903,849125776,6809848,4096
1625724903,898368294,48936008,4096
1625724903,899017762,1065960,4096
1625724903,899018835,1065968,4096
1625724903,899018835,1065976,3584
1625724904,18709903,6809888,4096
1625724904,247916108,63282272,4096
1625724904,247917182,63282280,4096
1625724904,247917182,63282288,4096
1625724904,247917182,63282296,4096
1625724904,248689028,63282304,4096
1625724904,248689028,63282312,4096
1625724904,248689028,63282320,4096
1625724904,248689028,63282328,4096
1625724904,248689028,63282336,4096
1625724904,248689028,63282344,4096
1625724904,248689028,63282352,4096
1625724904,248689028,63282360,4096
1625724904,248690102,63282368,4096
1625724904,248690102,63282376,4096
1625724904,248690102,63282384,4096
1625724904,248690102,63282392,4096
1625724904,248690102,63282400,4096
1625724904,248690102,63282408,4096
1625724904,248780276,63282416,4096
1625724904,248780276,63282424,4096
1625724904,248780276,63282432,4096
1625724904,248780276,63282440,4096
1625724904,248780276,63282448,4096
1625724904,248780276,63282456,4096
1625724904,248781349,63282464,4096
1625724904,248781349,63282472,4096
1625724904,248781349,63282480,4096
1625724904,248781349,63282488,4096
1625724904,248781349,63282496,4096
1625724904,248781349,63282504,4096
1625724904,248781349,63282512,4096
1625724904,248781349,63282520,4096
1625724904,249327761,63282528,4096
1625724904,249327761,63282536,4096
1625724904,249327761,63282544,4096
1625724904,249327761,63282552,4096
1625724904,249327761,63282560,4096
1625724904,249327761,63282568,4096
1625724904,249328834,63282576,4096
1625724904,249328834,63282584,4096
1625724904,249328834,63282592,4096
1625724904,249328834,63282600,4096
1625724904,249328834,63282608,4096
1625724904,249328834,63282616,4096
1625724904,249328834,63282624,4096
1625724904,249328834,63282632,4096
1625724904,249328834,63282640,4096
1625724904,249329908,63282648,1024
1625724904,44441698,2673360,4096
1625724904,44441698,2673368,4096
1625724904,44441698,2673376,4096
1625724904,44441698,2673384,4096
1625724904,45286542,2673392,4096
1625724904,45286542,2673400,4096
1625724904,45286542,2673408,4096
1625724904,45286542,2673416,4096
1625724904,45286542,2673424,4096
1625724904,45287616,2673432,4096
1625724904,45287616,2673440,4096
1625724904,45287616,2673448,4096
1625724904,45287616,2673456,4096
1625724904,45287616,2673464,4096
1625724904,45287616,2673472,4096
1625724904,45287616,2673480,4096
1625724904,45287616,2673488,4096
1625724904,45287616,2673496,4096
1625724904,45288689,2673504,1536
1625724904,649572574,48936024,4096
1625724904,650386287,28317160,4096
1625724904,650386287,28317168,4096
1625724904,650386287,28317176,4096
1625724904,650386287,28317184,4096
1625724904,651319159,28317192,4096
1625724904,651320232,28317200,4096
1625724904,651320232,28317208,4096
1625724904,651320232,28317216,4096
1625724904,651320232,28317224,4096
1625724904,651320232,28317232,4096
1625724904,651320232,28317240,4096
1625724904,651320232,28317248,4096
1625724904,651321306,28317256,4096
1625724904,651321306,28317264,4096
1625724904,651321306,28317272,4096
1625724904,651321306,28317280,4096
1625724904,651321306,28317288,4096
1625724904,651321306,28317296,4096
1625724904,651413627,28317304,4096
1625724904,651413627,28317312,4096
1625724904,651414700,28317320,4096
1625724904,651414700,28317328,4096
1625724904,651414700,28317336,4096
1625724904,651414700,28317344,4096
1625724904,651414700,28317352,4096
1625724904,651414700,28317360,4096
1625724904,651414700,28317368,4096
1625724904,651414700,28317376,4096
1625724904,651414700,28317384,4096
1625724904,651415774,28317392,4096
1625724904,651415774,28317400,4096
1625724904,651415774,28317408,4096
1625724904,652021228,28317416,4096
1625724904,652021228,28317424,4096
1625724904,652021228,28317432,4096
1625724904,652021228,28317440,4096
1625724904,652021228,28317448,4096
1625724904,652022301,28317456,4096
1625724904,652022301,28317464,4096
1625724904,652022301,28317472,4096
1625724904,652022301,28317480,4096
1625724904,652022301,28317488,4096
1625724904,652022301,28317496,2048
1625724904,762867617,6809936,4096
1625724904,987529697,2805056,4096
1625724904,987529697,2805064,4096
1625724904,987529697,2805072,4096
1625724904,987529697,2805080,4096
1625724904,988179165,2805088,4096
1625724904,988179165,2805096,4096
1625724904,988179165,2805104,4096
1625724904,988179165,2805112,4096
1625724904,988179165,2805120,4096
1625724904,988179165,2805128,1536
1625724905,1071411627,6810032,4096
1625724905,160275282,810544,4096
1625724905,160275282,810552,4096
1625724905,160275282,810560,4096
1625724905,160276355,810568,4096
1625724905,161087921,810576,4096
1625724905,161087921,810584,4096
1625724905,161087921,810592,4096
1625724905,161087921,810600,4096
1625724905,161088995,810608,4096
1625724905,161088995,810616,4096
1625724905,161088995,810624,4096
1625724905,161088995,810632,4096
1625724905,161088995,810640,4096
1625724905,161088995,810648,1536
1625724905,218368808,6810000,4096
1625724905,274566533,62683648,4096
1625724905,274566533,62683656,4096
1625724905,274566533,62683664,4096
1625724905,274567606,62683672,4096
1625724905,274914347,10375648,4096
1625724905,274914347,10375656,4096
1625724905,274914347,10375664,4096
1625724905,274914347,10375672,4096
1625724905,274915420,10375680,4096
1625724905,274915420,10375688,4096
1625724905,274915420,10375696,4096
1625724905,274915420,10375704,4096
1625724905,274915420,10375712,4096
1625724905,274915420,10375720,4096
1625724905,274915420,10375728,4096
1625724905,274915420,10375736,4096
1625724905,275339453,875104,4096
1625724905,275339453,875112,4096
1625724905,275339453,875120,4096
1625724905,275339453,875128,4096
1625724905,275339453,875136,4096
1625724905,275339453,875144,4096
1625724905,275339453,875152,4096
1625724905,275340526,875160,4096
1625724905,275340526,875168,4096
1625724905,275340526,875176,4096
1625724905,275340526,875184,4096
1625724905,275340526,875192,4096
1625724905,275340526,875200,4096
1625724905,275340526,875208,4096
1625724905,275340526,875216,4096
1625724905,275341600,875224,4096
1625724905,275341600,875232,4096
1625724905,275341600,875240,4096
1625724905,275341600,875248,4096
1625724905,275341600,875256,4096
1625724905,275341600,875264,4096
1625724905,275341600,875272,4096
1625724905,275748456,875280,4096
1625724905,275748456,875288,4096
1625724905,275749530,875296,4096
1625724905,275749530,875304,4096
1625724905,275749530,875312,4096
1625724905,275749530,875320,4096
1625724905,275750603,875328,4096
1625724905,275750603,875336,4096
1625724905,275750603,875344,4096
1625724905,275750603,875352,4096
1625724905,275751677,875360,4096
1625724905,275751677,875368,4096
1625724905,275751677,875376,4096
1625724905,275751677,875384,4096
1625724905,275751677,875392,4096
1625724905,275751677,875400,4096
1625724905,275751677,875408,4096
1625724905,275751677,875416,4096
1625724905,275752750,875424,4096
1625724905,275752750,875432,4096
1625724905,275752750,875440,4096
1625724905,275752750,875448,4096
1625724905,276132769,909312,4096
1625724905,276133843,909320,4096
1625724905,276133843,909328,4096
1625724905,276141357,909336,4096
1625724905,276141357,909344,4096
1625724905,276141357,909352,4096
1625724905,276141357,909360,4096
1625724905,276141357,909368,4096
1625724905,276141357,909376,4096
1625724905,276142431,909384,4096
1625724905,276142431,909392,4096
1625724905,276142431,909400,4096
1625724905,276142431,909408,4096
1625724905,276142431,909416,4096
1625724905,276142431,909424,4096
1625724905,276142431,909432,4096
1625724905,276142431,909440,4096
1625724905,276143504,909448,4096
1625724905,276143504,909456,4096
1625724905,276143504,909464,4096
1625724905,276143504,909472,4096
1625724905,276143504,909480,1536
1625724905,276363572,909483,4096
1625724905,276363572,909491,4096
1625724905,276363572,909499,4096
1625724905,276364645,909507,4096
1625724905,276364645,909515,4096
1625724905,276364645,909523,4096
1625724905,276364645,909531,4096
1625724905,276364645,909539,4096
1625724905,276364645,909547,4096
1625724905,276364645,909555,4096
1625724905,276364645,909563,4096
1625724905,276364645,909571,4096
1625724905,276365719,909579,4096
1625724905,276365719,909587,4096
1625724905,276365719,909595,4096
1625724905,276365719,909603,4096
1625724905,276365719,909611,4096
1625724905,276365719,909619,4096
1625724905,276365719,909627,4096
1625724905,276365719,909635,4096
1625724905,276365719,909643,4096
1625724905,276366792,909651,1536
1625724905,276547140,909654,4096
1625724905,276547140,909662,4096
1625724905,276547140,909670,4096
1625724905,276547140,909678,4096
1625724905,276547140,909686,4096
1625724905,276547140,909694,4096
1625724905,276547140,909702,4096
1625724905,276547140,909710,4096
1625724905,276548214,909718,4096
1625724905,276548214,909726,4096
1625724905,276548214,909734,4096
1625724905,276548214,909742,4096
1625724905,276548214,909750,4096
1625724905,276548214,909758,4096
1625724905,276548214,909766,4096
1625724905,276548214,909774,4096
1625724905,276548214,909782,4096
1625724905,276549287,909790,4096
1625724905,276549287,909798,4096
1625724905,276549287,909806,4096
1625724905,276549287,909814,4096
1625724905,276549287,909822,1024
1625724905,277116095,15860128,4096
1625724905,277117169,15860136,4096
1625724905,277117169,15860144,4096
1625724905,277117169,15860152,4096
1625724905,277117169,15860160,4096
1625724905,277117169,15860168,4096
1625724905,277117169,15860176,4096
1625724905,277117169,15860184,4096
1625724905,277118242,15860192,4096
1625724905,277118242,15860200,4096
1625724905,277118242,15860208,4096
1625724905,277118242,15860216,4096
1625724905,277118242,15860224,4096
1625724905,277118242,15860232,4096
1625724905,277118242,15860240,4096
1625724905,277118242,15860248,4096
1625724905,277119316,15860256,4096
1625724905,277119316,15860264,4096
1625724905,277119316,15860272,4096
1625724905,277119316,15860280,4096
1625724905,277119316,15860288,4096
1625724905,277119316,15860296,1536
1625724905,277285708,15860299,4096
1625724905,277285708,15860307,4096
1625724905,277285708,15860315,4096
1625724905,277286782,15860323,4096
1625724905,277286782,15860331,4096
1625724905,277286782,15860339,4096
1625724905,277286782,15860347,4096
1625724905,277286782,15860355,4096
1625724905,277286782,15860363,4096
1625724905,277286782,15860371,4096
1625724905,277286782,15860379,4096
1625724905,277286782,15860387,4096
1625724905,277287855,15860395,4096
1625724905,277287855,15860403,4096
1625724905,277287855,15860411,4096
1625724905,277287855,15860419,4096
1625724905,277287855,15860427,4096
1625724905,277287855,15860435,4096
1625724905,277287855,15860443,4096
1625724905,277287855,15860451,4096
1625724905,277288929,15860459,4096
1625724905,277288929,15860467,1536
1625724905,277472497,15860470,4096
1625724905,277472497,15860478,4096
1625724905,277472497,15860486,4096
1625724905,277472497,15860494,4096
1625724905,277472497,15860502,4096
1625724905,277473571,15860510,4096
1625724905,277473571,15860518,4096
1625724905,277473571,15860526,4096
1625724905,277473571,15860534,4096
1625724905,277473571,15860542,4096
1625724905,277473571,15860550,4096
1625724905,277473571,15860558,4096
1625724905,277473571,15860566,4096
1625724905,277473571,15860574,4096
1625724905,277474644,15860582,4096
1625724905,277474644,15860590,4096
1625724905,277474644,15860598,4096
1625724905,277474644,15860606,4096
1625724905,277474644,15860614,4096
1625724905,277474644,15860622,4096
1625724905,277474644,15860630,4096
1625724905,277474644,15860638,1024
1625724905,277501482,15860640,4096
1625724905,277501482,15860648,4096
1625724905,277501482,15860656,4096
1625724905,277502555,15860664,4096
1625724905,291288442,875552,4096
1625724905,291289516,875560,4096
1625724905,291289516,875568,4096
1625724905,291289516,875576,4096
1625724905,291289516,875584,4096
1625724905,291289516,875592,4096
1625724905,291289516,875600,4096
1625724905,291289516,875608,4096
1625724905,291469864,812256,4096
1625724905,291469864,812264,4096
1625724905,291469864,812272,4096
1625724905,291469864,812280,4096
1625724905,291469864,812288,4096
1625724905,291469864,812296,4096
1625724905,291469864,812304,4096
1625724905,291469864,812312,4096
1625724905,291470937,812320,4096
1625724905,291470937,812328,4096
1625724905,291470937,812336,4096
1625724905,291470937,812344,4096
1625724905,291582581,812160,4096
1625724905,291582581,812168,4096
1625724905,291582581,812176,4096
1625724905,291582581,812184,4096
1625724905,291582581,812192,4096
1625724905,291582581,812200,4096
1625724905,291582581,812208,4096
1625724905,291582581,812216,4096
1625724905,291582581,812224,4096
1625724905,291583655,812232,4096
1625724905,291583655,812240,4096
1625724905,291583655,812248,4096
1625724905,295811098,822432,4096
1625724905,295811098,822440,4096
1625724905,295811098,822448,4096
1625724905,295811098,822456,4096
1625724905,295811098,822464,4096
1625724905,295811098,822472,4096
1625724905,295811098,822480,4096
1625724905,295812171,822488,4096
1625724905,295812171,822496,4096
1625724905,295812171,822504,4096
1625724905,295812171,822512,4096
1625724905,295812171,822520,4096
1625724905,295812171,822528,4096
1625724905,295812171,822536,4096
1625724905,295812171,822544,4096
1625724905,295812171,822552,4096
1625724905,295813245,822560,4096
1625724905,295813245,822568,4096
1625724905,295813245,822576,4096
1625724905,295813245,822584,4096
1625724905,296008622,822592,4096
1625724905,296008622,822600,4096
1625724905,296008622,822608,4096
1625724905,296008622,822616,4096
1625724905,296009695,822624,4096
1625724905,296009695,822632,4096
1625724905,296009695,822640,4096
1625724905,296009695,822648,4096
1625724905,296009695,822656,4096
1625724905,296009695,822664,4096
1625724905,296009695,822672,4096
1625724905,296009695,822680,4096
1625724905,296009695,822688,4096
1625724905,296009695,822696,4096
1625724905,296010769,822704,4096
1625724905,296010769,822712,4096
1625724905,296010769,822720,4096
1625724905,296010769,822728,4096
1625724905,296010769,822736,4096
1625724905,296010769,822744,4096
1625724905,296362877,849376,4096
1625724905,296362877,849384,4096
1625724905,296362877,849392,4096
1625724905,296362877,849400,4096
1625724905,296362877,849408,4096
1625724905,296362877,849416,4096
1625724905,296363950,849424,4096
1625724905,296368244,849432,4096
1625724905,296368244,849440,4096
1625724905,296368244,849448,4096
1625724905,296368244,849456,4096
1625724905,296369318,849464,4096
1625724905,296369318,849472,4096
1625724905,296369318,849480,4096
1625724905,296369318,849488,4096
1625724905,296369318,849496,4096
1625724905,296369318,849504,4096
1625724905,296369318,849512,4096
1625724905,296369318,849520,4096
1625724905,296369318,849528,4096
1625724905,296529269,849216,4096
1625724905,296529269,849224,4096
1625724905,296529269,849232,4096
1625724905,296529269,849240,4096
1625724905,296529269,849248,4096
1625724905,296529269,849256,4096
1625724905,296530343,849264,4096
1625724905,296530343,849272,4096
1625724905,296530343,849280,4096
1625724905,296530343,849288,4096
1625724905,296530343,849296,4096
1625724905,296530343,849304,4096
1625724905,296530343,849312,4096
1625724905,296530343,849320,4096
1625724905,296531416,849328,4096
1625724905,296531416,849336,4096
1625724905,296531416,849344,4096
1625724905,296531416,849352,4096
1625724905,296531416,849360,4096
1625724905,296531416,849368,4096
1625724905,296600120,28135232,4096
1625724905,296601194,28135240,4096
1625724905,296601194,28135248,4096
1625724905,296601194,28135256,4096
1625724905,296995168,45585632,4096
1625724905,296995168,45585640,4096
1625724905,296995168,45585648,4096
1625724905,296995168,45585656,4096
1625724905,296995168,45585664,4096
1625724905,296995168,45585672,4096
1625724905,296995168,45585680,4096
1625724905,296995168,45585688,4096
1625724905,296996242,45585696,4096
1625724905,296996242,45585704,4096
1625724905,296996242,45585712,4096
1625724905,296996242,45585720,4096
1625724905,296996242,45585728,4096
1625724905,296996242,45585736,4096
1625724905,296996242,45585744,4096
1625724905,296996242,45585752,4096
1625724905,296996242,45585760,4096
1625724905,296997315,45585768,4096
1625724905,296997315,45585776,4096
1625724905,296997315,45585784,4096
1625724905,296997315,45585792,4096
1625724905,296997315,45585800,1536
1625724905,297213089,45585803,4096
1625724905,297213089,45585811,4096
1625724905,297213089,45585819,4096
1625724905,297213089,45585827,4096
1625724905,297213089,45585835,4096
1625724905,297213089,45585843,4096
1625724905,297213089,45585851,4096
1625724905,297214162,45585859,4096
1625724905,297214162,45585867,4096
1625724905,297214162,45585875,4096
1625724905,297214162,45585883,4096
1625724905,297214162,45585891,4096
1625724905,297214162,45585899,4096
1625724905,297214162,45585907,4096
1625724905,297214162,45585915,4096
1625724905,297214162,45585923,4096
1625724905,297215236,45585931,4096
1625724905,297215236,45585939,4096
1625724905,297215236,45585947,4096
1625724905,297215236,45585955,4096
1625724905,297215236,45585963,4096
1625724905,297215236,45585971,1536
1625724905,297408466,45585974,4096
1625724905,297408466,45585982,4096
1625724905,297408466,45585990,4096
1625724905,297408466,45585998,4096
1625724905,297409539,45586006,4096
1625724905,297409539,45586014,4096
1625724905,297409539,45586022,4096
1625724905,297409539,45586030,4096
1625724905,297409539,45586038,4096
1625724905,297409539,45586046,4096
1625724905,297409539,45586054,4096
1625724905,297409539,45586062,4096
1625724905,297410613,45586070,4096
1625724905,297410613,45586078,4096
1625724905,297410613,45586086,4096
1625724905,297410613,45586094,4096
1625724905,297410613,45586102,4096
1625724905,297410613,45586110,4096
1625724905,297410613,45586118,4096
1625724905,297410613,45586126,4096
1625724905,297410613,45586134,4096
1625724905,297411686,45586142,1024
1625724905,297819616,45586144,4096
1625724905,297819616,45586152,4096
1625724905,297819616,45586160,4096
1625724905,297819616,45586168,4096
1625724905,343880281,1406352,4096
1625724905,343880281,1406360,2048
1625724905,431186962,48936032,4096
1625724905,431982426,1070872,4096
1625724905,431982426,1070880,4096
1625724905,431982426,1070888,1536
1625724905,503946645,6810024,4096
1625724905,51294635,6809960,4096
1625724905,562040171,60554720,4096
1625724905,562041245,60554728,4096
1625724905,562041245,60554736,4096
1625724905,562041245,60554744,4096
1625724905,562869987,60554752,4096
1625724905,562869987,60554760,4096
1625724905,562869987,60554768,4096
1625724905,562869987,60554776,4096
1625724905,562869987,60554784,4096
1625724905,562869987,60554792,4096
1625724905,562871060,60554800,4096
1625724905,562871060,60554808,4096
1625724905,562871060,60554816,4096
1625724905,562871060,60554824,4096
1625724905,562871060,60554832,4096
1625724905,562871060,60554840,4096
1625724905,562871060,60554848,4096
1625724905,562871060,60554856,4096
1625724905,562963381,60554864,4096
1625724905,562963381,60554872,4096
1625724905,562964455,60554880,4096
1625724905,562964455,60554888,4096
1625724905,562964455,60554896,4096
1625724905,562964455,60554904,4096
1625724905,562964455,60554912,4096
1625724905,562964455,60554920,4096
1625724905,562964455,60554928,4096
1625724905,562964455,60554936,4096
1625724905,562965528,60554944,4096
1625724905,562965528,60554952,4096
1625724905,562965528,60554960,4096
1625724905,562965528,60554968,4096
1625724905,563534483,60554976,4096
1625724905,563535557,60554984,4096
1625724905,563535557,60554992,4096
1625724905,563535557,60555000,4096
1625724905,563535557,60555008,4096
1625724905,563535557,60555016,4096
1625724905,563535557,60555024,4096
1625724905,563535557,60555032,4096
1625724905,563535557,60555040,4096
1625724905,563536630,60555048,4096
1625724905,563536630,60555056,4096
1625724905,563536630,60555064,4096
1625724905,563536630,60555072,4096
1625724905,563536630,60555080,4096
1625724905,563536630,60555088,4096
1625724905,563536630,60555096,4096
1625724905,564182877,60555104,4096
1625724905,564183951,60555112,4096
1625724905,564183951,60555120,4096
1625724905,564183951,60555128,4096
1625724905,564183951,60555136,4096
1625724905,564183951,60555144,4096
1625724905,564183951,60555152,4096
1625724905,564183951,60555160,4096
1625724905,564183951,60555168,4096
1625724905,564183951,60555176,4096
1625724905,984389423,48936040,4096
1625724905,985051773,61742168,4096
1625724905,985052846,61742176,4096
1625724905,985052846,61742184,4096
1625724905,985052846,61742192,4096
1625724905,985589596,61742200,4096
1625724905,985589596,61742208,4096
1625724905,985590670,61742216,4096
1625724905,985590670,61742224,4096
1625724905,985590670,61742232,2560
1625724906,177945879,15846832,4096
1625724906,177946952,15846840,4096
1625724906,177946952,15846848,4096
1625724906,177946952,15846856,4096
1625724906,178451497,15846864,4096
1625724906,178451497,15846872,4096
1625724906,178452571,15846880,1024
1625724906,307455066,6810040,4096
1625724906,346071008,69898152,4096
1625724906,346071008,69898160,4096
1625724906,346071008,69898168,4096
1625724906,346072081,69898176,4096
1625724906,346902970,69898184,4096
1625724906,346902970,69898192,4096
1625724906,346904044,69898200,4096
1625724906,346904044,69898208,4096
1625724906,346904044,69898216,4096
1625724906,346904044,69898224,4096
1625724906,346904044,69898232,4096
1625724906,346904044,69898240,4096
1625724906,346904044,69898248,4096
1625724906,346904044,69898256,4096
1625724906,346905117,69898264,4096
1625724906,346905117,69898272,4096
1625724906,346905117,69898280,4096
1625724906,346905117,69898288,4096
1625724906,346999585,69898296,4096
1625724906,346999585,69898304,4096
1625724906,346999585,69898312,4096
1625724906,346999585,69898320,4096
1625724906,346999585,69898328,4096
1625724906,346999585,69898336,4096
1625724906,346999585,69898344,4096
1625724906,347000659,69898352,4096
1625724906,347000659,69898360,4096
1625724906,347000659,69898368,4096
1625724906,347000659,69898376,4096
1625724906,347000659,69898384,4096
1625724906,347000659,69898392,4096
1625724906,347000659,69898400,4096
1625724906,347710242,69898408,4096
1625724906,347711316,69898416,4096
1625724906,347711316,69898424,4096
1625724906,347711316,69898432,4096
1625724906,347711316,69898440,4096
1625724906,347711316,69898448,4096
1625724906,347711316,69898456,4096
1625724906,347711316,69898464,4096
1625724906,347711316,69898472,4096
1625724906,347711316,69898480,4096
1625724906,347712389,69898488,4096
1625724906,347712389,69898496,4096
1625724906,347712389,69898504,4096
1625724906,347712389,69898512,4096
1625724906,347712389,69898520,4096
1625724906,347712389,69898528,4096
1625724906,348577630,69898536,4096
1625724906,348577630,69898544,4096
1625724906,348577630,69898552,4096
1625724906,348577630,69898560,4096
1625724906,348577630,69898568,4096
1625724906,348578704,69898576,4096
1625724906,348578704,69898584,4096
1625724906,348578704,69898592,4096
1625724906,348578704,69898600,4096
1625724906,348578704,69898608,4096
1625724906,348578704,69898616,4096
1625724906,348578704,69898624,4096
1625724906,348578704,69898632,4096
1625724906,348578704,69898640,4096
1625724906,348579777,69898648,4096
1625724906,348579777,69898656,4096
1625724906,348703230,69898664,4096
1625724906,348703230,69898672,4096
1625724906,348703230,69898680,4096
1625724906,348703230,69898688,4096
1625724906,348704303,69898696,4096
1625724906,348704303,69898704,4096
1625724906,348704303,69898712,4096
1625724906,348704303,69898720,4096
1625724906,348704303,69898728,4096
1625724906,348704303,69898736,4096
1625724906,348704303,69898744,4096
1625724906,348704303,69898752,4096
1625724906,348704303,69898760,4096
1625724906,348705377,69898768,4096
1625724906,348705377,69898776,4096
1625724906,348705377,69898784,4096
1625724906,353064860,69898792,4096
1625724906,353065934,69898800,4096
1625724906,353065934,69898808,4096
1625724906,353065934,69898816,4096
1625724906,353065934,69898824,4096
1625724906,353065934,69898832,4096
1625724906,353065934,69898840,4096
1625724906,353065934,69898848,4096
1625724906,353065934,69898856,4096
1625724906,353067007,69898864,4096
1625724906,353067007,69898872,4096
1625724906,353067007,69898880,4096
1625724906,353067007,69898888,4096
1625724906,353067007,69898896,4096
1625724906,353067007,69898904,4096
1625724906,353067007,69898912,4096
1625724906,353193680,69898920,4096
1625724906,353193680,69898928,4096
1625724906,353193680,69898936,4096
1625724906,353194754,69898944,4096
1625724906,353194754,69898952,4096
1625724906,353194754,69898960,4096
1625724906,353194754,69898968,4096
1625724906,353194754,69898976,4096
1625724906,353194754,69898984,4096
1625724906,353194754,69898992,4096
1625724906,353194754,69899000,4096
1625724906,353194754,69899008,4096
1625724906,353195827,69899016,4096
1625724906,353195827,69899024,4096
1625724906,353195827,69899032,4096
1625724906,353195827,69899040,4096
1625724906,357066868,69899048,4096
1625724906,357067942,69899056,4096
1625724906,357067942,69899064,4096
1625724906,357067942,69899072,4096
1625724906,357067942,69899080,4096
1625724906,357067942,69899088,4096
1625724906,357067942,69899096,4096
1625724906,357067942,69899104,4096
1625724906,357067942,69899112,4096
1625724906,357067942,69899120,4096
1625724906,357069015,69899128,4096
1625724906,357069015,69899136,4096
1625724906,357069015,69899144,4096
1625724906,357069015,69899152,4096
1625724906,357069015,69899160,4096
1625724906,357069015,69899168,4096
1625724906,357192468,69899176,4096
1625724906,357192468,69899184,4096
1625724906,357192468,69899192,4096
1625724906,357192468,69899200,4096
1625724906,357193541,69899208,4096
1625724906,357193541,69899216,4096
1625724906,357193541,69899224,4096
1625724906,357193541,69899232,4096
1625724906,357193541,69899240,4096
1625724906,357193541,69899248,4096
1625724906,357193541,69899256,4096
1625724906,357193541,69899264,4096
1625724906,357193541,69899272,4096
1625724906,357194615,69899280,4096
1625724906,357194615,69899288,4096
1625724906,357194615,69899296,4096
1625724906,361094640,69899304,4096
1625724906,361094640,69899312,4096
1625724906,361094640,69899320,4096
1625724906,361095714,69899328,4096
1625724906,361095714,69899336,4096
1625724906,361095714,69899344,4096
1625724906,361095714,69899352,4096
1625724906,361095714,69899360,4096
1625724906,361095714,69899368,4096
1625724906,361095714,69899376,4096
1625724906,361095714,69899384,4096
1625724906,361095714,69899392,4096
1625724906,361096787,69899400,4096
1625724906,361096787,69899408,4096
1625724906,361096787,69899416,4096
1625724906,361096787,69899424,4096
1625724906,361220240,69899432,4096
1625724906,361220240,69899440,4096
1625724906,361220240,69899448,4096
1625724906,361220240,69899456,4096
1625724906,361220240,69899464,4096
1625724906,361220240,69899472,4096
1625724906,361220240,69899480,4096
1625724906,361220240,69899488,4096
1625724906,361221313,69899496,4096
1625724906,361221313,69899504,4096
1625724906,361221313,69899512,4096
1625724906,361221313,69899520,4096
1625724906,361221313,69899528,4096
1625724906,361221313,69899536,4096
1625724906,361221313,69899544,4096
1625724906,361221313,69899552,4096
1625724906,365216880,69899560,4096
1625724906,365216880,69899568,4096
1625724906,365216880,69899576,4096
1625724906,365216880,69899584,4096
1625724906,365216880,69899592,4096
1625724906,365216880,69899600,4096
1625724906,365217954,69899608,4096
1625724906,365217954,69899616,4096
1625724906,365217954,69899624,4096
1625724906,365217954,69899632,4096
1625724906,365217954,69899640,4096
1625724906,365217954,69899648,4096
1625724906,365217954,69899656,4096
1625724906,365217954,69899664,4096
1625724906,365217954,69899672,4096
1625724906,365217954,69899680,4096
1625724906,365341406,69899688,4096
1625724906,365341406,69899696,4096
1625724906,365341406,69899704,4096
1625724906,365342480,69899712,4096
1625724906,365342480,69899720,4096
1625724906,365342480,69899728,4096
1625724906,365342480,69899736,4096
1625724906,365342480,69899744,4096
1625724906,365342480,69899752,4096
1625724906,365342480,69899760,4096
1625724906,365342480,69899768,4096
1625724906,365342480,69899776,4096
1625724906,365343553,69899784,4096
1625724906,365343553,69899792,4096
1625724906,365343553,69899800,4096
1625724906,365343553,69899808,4096
1625724906,369294033,69899816,4096
1625724906,369295107,69899824,4096
1625724906,369295107,69899832,4096
1625724906,369295107,69899840,4096
1625724906,369295107,69899848,4096
1625724906,369295107,69899856,4096
1625724906,369295107,69899864,4096
1625724906,369295107,69899872,4096
1625724906,369295107,69899880,4096
1625724906,369295107,69899888,4096
1625724906,369296180,69899896,4096
1625724906,369296180,69899904,4096
1625724906,369296180,69899912,4096
1625724906,369296180,69899920,4096
1625724906,369296180,69899928,4096
1625724906,369296180,69899936,4096
1625724906,369422853,69899944,4096
1625724906,369422853,69899952,4096
1625724906,369422853,69899960,4096
1625724906,369422853,69899968,4096
1625724906,369422853,69899976,4096
1625724906,369422853,69899984,4096
1625724906,369422853,69899992,4096
1625724906,369422853,69900000,4096
1625724906,369422853,69900008,4096
1625724906,369423927,69900016,4096
1625724906,369423927,69900024,4096
1625724906,369423927,69900032,4096
1625724906,369423927,69900040,4096
1625724906,369423927,69900048,4096
1625724906,369423927,69900056,4096
1625724906,369423927,69900064,4096
1625724906,373740470,69900072,4096
1625724906,373741544,69900080,4096
1625724906,373741544,69900088,4096
1625724906,373741544,69900096,4096
1625724906,373741544,69900104,4096
1625724906,373741544,69900112,4096
1625724906,373741544,69900120,4096
1625724906,373742617,69900128,4096
1625724906,373742617,69900136,4096
1625724906,373742617,69900144,4096
1625724906,373742617,69900152,4096
1625724906,373742617,69900160,4096
1625724906,373742617,69900168,4096
1625724906,373742617,69900176,4096
1625724906,373742617,69900184,4096
1625724906,373743691,69900192,4096
1625724906,373859629,69900200,4096
1625724906,373859629,69900208,4096
1625724906,373859629,69900216,4096
1625724906,373859629,69900224,4096
1625724906,373859629,69900232,4096
1625724906,373860702,69900240,4096
1625724906,373860702,69900248,4096
1625724906,373860702,69900256,4096
1625724906,373860702,69900264,4096
1625724906,373860702,69900272,4096
1625724906,373860702,69900280,4096
1625724906,373860702,69900288,4096
1625724906,373860702,69900296,4096
1625724906,373860702,69900304,4096
1625724906,373861776,69900312,4096
1625724906,373861776,69900320,4096
1625724906,377995824,69900328,4096
1625724906,377995824,69900336,4096
1625724906,377995824,69900344,4096
1625724906,377995824,69900352,4096
1625724906,377996898,69900360,4096
1625724906,377996898,69900368,4096
1625724906,377996898,69900376,4096
1625724906,377996898,69900384,4096
1625724906,377996898,69900392,4096
1625724906,377996898,69900400,4096
1625724906,377996898,69900408,4096
1625724906,377996898,69900416,4096
1625724906,377996898,69900424,4096
1625724906,377997971,69900432,4096
1625724906,377997971,69900440,4096
1625724906,377997971,69900448,4096
1625724906,378124644,69900456,4096
1625724906,378124644,69900464,4096
1625724906,378124644,69900472,4096
1625724906,378125718,69900480,4096
1625724906,378125718,69900488,4096
1625724906,378125718,69900496,4096
1625724906,378125718,69900504,4096
1625724906,378125718,69900512,4096
1625724906,378125718,69900520,4096
1625724906,378125718,69900528,4096
1625724906,378125718,69900536,4096
1625724906,378125718,69900544,4096
1625724906,378126791,69900552,4096
1625724906,378126791,69900560,4096
1625724906,378126791,69900568,4096
1625724906,378126791,69900576,4096
1625724906,382544244,69900584,4096
1625724906,382544244,69900592,4096
1625724906,382544244,69900600,4096
1625724906,382544244,69900608,4096
1625724906,382544244,69900616,4096
1625724906,382544244,69900624,4096
1625724906,382544244,69900632,4096
1625724906,382545317,69900640,4096
1625724906,382545317,69900648,4096
1625724906,382545317,69900656,4096
1625724906,382545317,69900664,4096
1625724906,382545317,69900672,4096
1625724906,382545317,69900680,4096
1625724906,382545317,69900688,4096
1625724906,382545317,69900696,4096
1625724906,382545317,69900704,4096
1625724906,382670917,69900712,4096
1625724906,382670917,69900720,4096
1625724906,382671990,69900728,4096
1625724906,382671990,69900736,4096
1625724906,382671990,69900744,4096
1625724906,382671990,69900752,4096
1625724906,382671990,69900760,4096
1625724906,382671990,69900768,4096
1625724906,382671990,69900776,4096
1625724906,382671990,69900784,4096
1625724906,382671990,69900792,4096
1625724906,382671990,69900800,4096
1625724906,382673064,69900808,4096
1625724906,382673064,69900816,4096
1625724906,382673064,69900824,4096
1625724906,382673064,69900832,4096
1625724906,386933785,69900840,4096
1625724906,386933785,69900848,4096
1625724906,386934859,69900856,4096
1625724906,386934859,69900864,4096
1625724906,386934859,69900872,4096
1625724906,386934859,69900880,4096
1625724906,386934859,69900888,4096
1625724906,386934859,69900896,4096
1625724906,386934859,69900904,4096
1625724906,386934859,69900912,4096
1625724906,386934859,69900920,4096
1625724906,386935932,69900928,4096
1625724906,386935932,69900936,4096
1625724906,386935932,69900944,4096
1625724906,386935932,69900952,4096
1625724906,386935932,69900960,4096
1625724906,387061532,69900968,4096
1625724906,387061532,69900976,4096
1625724906,387061532,69900984,4096
1625724906,387062605,69900992,4096
1625724906,387062605,69901000,4096
1625724906,387062605,69901008,4096
1625724906,387062605,69901016,4096
1625724906,387062605,69901024,4096
1625724906,387062605,69901032,4096
1625724906,387062605,69901040,4096
1625724906,387062605,69901048,4096
1625724906,387062605,69901056,4096
1625724906,387063679,69901064,4096
1625724906,387063679,69901072,4096
1625724906,387063679,69901080,4096
1625724906,387063679,69901088,4096
1625724906,391058172,69901096,4096
1625724906,391058172,69901104,4096
1625724906,391058172,69901112,4096
1625724906,391058172,69901120,4096
1625724906,391058172,69901128,4096
1625724906,391059246,69901136,4096
1625724906,391059246,69901144,4096
1625724906,391059246,69901152,4096
1625724906,391059246,69901160,4096
1625724906,391059246,69901168,4096
1625724906,391059246,69901176,4096
1625724906,391059246,69901184,4096
1625724906,391059246,69901192,4096
1625724906,391059246,69901200,4096
1625724906,391059246,69901208,4096
1625724906,391060319,69901216,4096
1625724906,391182698,69901224,4096
1625724906,391182698,69901232,4096
1625724906,391182698,69901240,4096
1625724906,391182698,69901248,4096
1625724906,391182698,69901256,4096
1625724906,391182698,69901264,4096
1625724906,391183772,69901272,4096
1625724906,391183772,69901280,4096
1625724906,391183772,69901288,4096
1625724906,391183772,69901296,4096
1625724906,391183772,69901304,4096
1625724906,391183772,69901312,4096
1625724906,391183772,69901320,4096
1625724906,391183772,69901328,4096
1625724906,391183772,69901336,4096
1625724906,391184845,69901344,4096
1625724906,395285615,69901352,4096
1625724906,395285615,69901360,4096
1625724906,395285615,69901368,4096
1625724906,395285615,69901376,4096
1625724906,395285615,69901384,4096
1625724906,395285615,69901392,4096
1625724906,395285615,69901400,4096
1625724906,395285615,69901408,4096
1625724906,395285615,69901416,4096
1625724906,395286689,69901424,4096
1625724906,395286689,69901432,4096
1625724906,395286689,69901440,4096
1625724906,395286689,69901448,4096
1625724906,395286689,69901456,4096
1625724906,395286689,69901464,4096
1625724906,395286689,69901472,4096
1625724906,395411215,69901480,4096
1625724906,395411215,69901488,4096
1625724906,395411215,69901496,4096
1625724906,395411215,69901504,4096
1625724906,395411215,69901512,4096
1625724906,395411215,69901520,4096
1625724906,395411215,69901528,4096
1625724906,395411215,69901536,4096
1625724906,395412288,69901544,4096
1625724906,395412288,69901552,4096
1625724906,395412288,69901560,4096
1625724906,395412288,69901568,4096
1625724906,395412288,69901576,4096
1625724906,395412288,69901584,4096
1625724906,395412288,69901592,4096
1625724906,395412288,69901600,4096
1625724906,399644025,69901608,4096
1625724906,399644025,69901616,4096
1625724906,399644025,69901624,4096
1625724906,399645099,69901632,4096
1625724906,399645099,69901640,4096
1625724906,399645099,69901648,4096
1625724906,399645099,69901656,4096
1625724906,399645099,69901664,4096
1625724906,399645099,69901672,4096
1625724906,399645099,69901680,4096
1625724906,399645099,69901688,4096
1625724906,399645099,69901696,4096
1625724906,399646172,69901704,4096
1625724906,399646172,69901712,4096
1625724906,399646172,69901720,4096
1625724906,399646172,69901728,4096
1625724906,399768551,69901736,4096
1625724906,399768551,69901744,4096
1625724906,399768551,69901752,4096
1625724906,399768551,69901760,4096
1625724906,399768551,69901768,4096
1625724906,399768551,69901776,4096
1625724906,399768551,69901784,4096
1625724906,399769625,69901792,4096
1625724906,399769625,69901800,4096
1625724906,399769625,69901808,4096
1625724906,399769625,69901816,4096
1625724906,399769625,69901824,4096
1625724906,399769625,69901832,4096
1625724906,399769625,69901840,4096
1625724906,399769625,69901848,4096
1625724906,399769625,69901856,4096
1625724906,404180636,69901864,4096
1625724906,404181710,69901872,4096
1625724906,404181710,69901880,4096
1625724906,404181710,69901888,4096
1625724906,404181710,69901896,4096
1625724906,404181710,69901904,4096
1625724906,404181710,69901912,4096
1625724906,404181710,69901920,4096
1625724906,404181710,69901928,4096
1625724906,404182783,69901936,4096
1625724906,404182783,69901944,4096
1625724906,404182783,69901952,4096
1625724906,404182783,69901960,4096
1625724906,404182783,69901968,4096
1625724906,404182783,69901976,4096
1625724906,404182783,69901984,4096
1625724906,404298721,69901992,4096
1625724906,404298721,69902000,4096
1625724906,404298721,69902008,4096
1625724906,404299795,69902016,4096
1625724906,404299795,69902024,4096
1625724906,404299795,69902032,4096
1625724906,404299795,69902040,4096
1625724906,404299795,69902048,4096
1625724906,404299795,69902056,4096
1625724906,404299795,69902064,4096
1625724906,404299795,69902072,4096
1625724906,404299795,69902080,4096
1625724906,404300868,69902088,4096
1625724906,404300868,69902096,4096
1625724906,404300868,69902104,4096
1625724906,404300868,69902112,4096
1625724906,408445652,69902120,4096
1625724906,408445652,69902128,4096
1625724906,408446725,69902136,4096
1625724906,408446725,69902144,4096
1625724906,408446725,69902152,4096
1625724906,408446725,69902160,4096
1625724906,408446725,69902168,4096
1625724906,408446725,69902176,4096
1625724906,408446725,69902184,4096
1625724906,408446725,69902192,4096
1625724906,408446725,69902200,4096
1625724906,408447799,69902208,4096
1625724906,408447799,69902216,4096
1625724906,408447799,69902224,4096
1625724906,408447799,69902232,4096
1625724906,408447799,69902240,4096
1625724906,408560516,69902248,4096
1625724906,408560516,69902256,4096
1625724906,408560516,69902264,4096
1625724906,408560516,69902272,4096
1625724906,408560516,69902280,4096
1625724906,408560516,69902288,4096
1625724906,408560516,69902296,4096
1625724906,408560516,69902304,4096
1625724906,408561590,69902312,4096
1625724906,408561590,69902320,4096
1625724906,408561590,69902328,4096
1625724906,408561590,69902336,4096
1625724906,408561590,69902344,4096
1625724906,408561590,69902352,4096
1625724906,408561590,69902360,4096
1625724906,408561590,69902368,4096
1625724906,412678462,69902376,4096
1625724906,412678462,69902384,4096
1625724906,412679536,69902392,4096
1625724906,412679536,69902400,4096
1625724906,412679536,69902408,4096
1625724906,412679536,69902416,2560
1625724906,41726243,62683264,4096
1625724906,41726243,62683272,4096
1625724906,41727317,62683280,4096
1625724906,41727317,62683288,4096
1625724906,42313448,62683296,4096
1625724906,42313448,62683304,4096
1625724906,42313448,62683312,4096
1625724906,42313448,62683320,4096
1625724906,42314521,62683328,2560
1625724906,980740310,6810080,4096
1625724907,266955918,1871392,4096
1625724907,266955918,1871400,4096
1625724907,266955918,1871408,4096
1625724907,266955918,1871416,4096
1625724907,266992417,1872000,4096
1625724907,266992417,1872008,4096
1625724907,266992417,1872016,4096
1625724907,266993491,1872024,4096
1625724907,269754533,1895264,4096
1625724907,269754533,1895272,4096
1625724907,269754533,1895280,4096
1625724907,269754533,1895288,4096
1625724907,269847927,1980192,4096
1625724907,269847927,1980200,4096
1625724907,269847927,1980208,4096
1625724907,269847927,1980216,4096
1625724907,269976747,1993216,4096
1625724907,269976747,1993224,4096
1625724907,269976747,1993232,4096
1625724907,269976747,1993240,4096
1625724907,270764696,63040416,4096
1625724907,270764696,63040424,4096
1625724907,270764696,63040432,4096
1625724907,270764696,63040440,4096
1625724907,283414820,62495456,4096
1625724907,283414820,62495464,4096
1625724907,283414820,62495472,4096
1625724907,283415894,62495480,4096
1625724907,283415894,62495488,4096
1625724907,283415894,62495496,4096
1625724907,283415894,62495504,4096
1625724907,283415894,62495512,4096
1625724907,283415894,62495520,4096
1625724907,283415894,62495528,4096
1625724907,283415894,62495536,4096
1625724907,283415894,62495544,4096
1625724907,283416967,62495552,4096
1625724907,283416967,62495560,4096
1625724907,283416967,62495568,4096
1625724907,283416967,62495576,4096
1625724907,283416967,62495584,4096
1625724907,283416967,62495592,4096
1625724907,283416967,62495600,4096
1625724907,283416967,62495608,4096
1625724907,283416967,62495616,4096
1625724907,283418041,62495624,1536
1625724907,283590874,62495798,4096
1625724907,283590874,62495806,4096
1625724907,283590874,62495814,4096
1625724907,283590874,62495822,4096
1625724907,283590874,62495830,4096
1625724907,283590874,62495838,4096
1625724907,283590874,62495846,4096
1625724907,283591948,62495854,4096
1625724907,283591948,62495862,4096
1625724907,283591948,62495870,4096
1625724907,283591948,62495878,4096
1625724907,283591948,62495886,4096
1625724907,283591948,62495894,4096
1625724907,283591948,62495902,4096
1625724907,283591948,62495910,4096
1625724907,283591948,62495918,4096
1625724907,283593021,62495926,4096
1625724907,283593021,62495934,4096
1625724907,283593021,62495942,4096
1625724907,283593021,62495950,4096
1625724907,283593021,62495958,4096
1625724907,283593021,62495966,1024
1625724907,283757267,62495627,4096
1625724907,283758340,62495635,4096
1625724907,283758340,62495643,4096
1625724907,283758340,62495651,4096
1625724907,283758340,62495659,4096
1625724907,283758340,62495667,4096
1625724907,283758340,62495675,4096
1625724907,283758340,62495683,4096
1625724907,283758340,62495691,4096
1625724907,283759414,62495699,4096
1625724907,283759414,62495707,4096
1625724907,283759414,62495715,4096
1625724907,283759414,62495723,4096
1625724907,283759414,62495731,4096
1625724907,283759414,62495739,4096
1625724907,283759414,62495747,4096
1625724907,283759414,62495755,4096
1625724907,283759414,62495763,4096
1625724907,283760487,62495771,4096
1625724907,283760487,62495779,4096
1625724907,283760487,62495787,4096
1625724907,283760487,62495795,1536
1625724907,283942982,63545632,4096
1625724907,283942982,63545640,4096
1625724907,283942982,63545648,4096
1625724907,283944056,63545656,4096
1625724907,283944056,63545664,4096
1625724907,283944056,63545672,4096
1625724907,283944056,63545680,4096
1625724907,283944056,63545688,4096
1625724907,283944056,63545696,4096
1625724907,283944056,63545704,4096
1625724907,283944056,63545712,4096
1625724907,283944056,63545720,4096
1625724907,283945129,63545728,4096
1625724907,283945129,63545736,4096
1625724907,283945129,63545744,4096
1625724907,283945129,63545752,4096
1625724907,284070729,63545760,4096
1625724907,284070729,63545768,4096
1625724907,284070729,63545776,4096
1625724907,284070729,63545784,4096
1625724907,284070729,63545792,4096
1625724907,284070729,63545800,4096
1625724907,284071802,63545808,4096
1625724907,284071802,63545816,4096
1625724907,284071802,63545824,4096
1625724907,284071802,63545832,4096
1625724907,284071802,63545840,4096
1625724907,284071802,63545848,4096
1625724907,284071802,63545856,4096
1625724907,284071802,63545864,4096
1625724907,284071802,63545872,4096
1625724907,284072876,63545880,4096
1625724908,384900003,48936048,4096
1625724908,385578455,60433960,4096
1625724908,385578455,60433968,4096
1625724908,385578455,60433976,4096
1625724908,385578455,60433984,4096
1625724908,386317023,60433992,4096
1625724908,386317023,60434000,4096
1625724908,386317023,60434008,4096
1625724908,386317023,60434016,4096
1625724908,386318097,60434024,4096
1625724908,386318097,60434032,4096
1625724908,386318097,60434040,4096
1625724908,386318097,60434048,4096
1625724908,386318097,60434056,4096
1625724908,386318097,60434064,4096
1625724908,386318097,60434072,4096
1625724908,386318097,60434080,1024
1625724908,500806872,61016368,4096
1625724908,500806872,61016376,4096
1625724908,500806872,61016384,4096
1625724908,500806872,61016392,4096
1625724908,501544366,61016400,4096
1625724908,501544366,61016408,4096
1625724908,501544366,61016416,4096
1625724908,501544366,61016424,4096
1625724908,501544366,61016432,4096
1625724908,501544366,61016440,4096
1625724908,501544366,61016448,4096
1625724908,501544366,61016456,4096
1625724908,501545440,61016464,4096
1625724908,501545440,61016472,4096
1625724908,501545440,61016480,4096
1625724908,501545440,61016488,4096
1625724908,501545440,61016496,4096
1625724908,501545440,61016504,4096
1625724908,501661378,61016512,4096
1625724908,501661378,61016520,4096
1625724908,501661378,61016528,4096
1625724908,501661378,61016536,4096
1625724908,501661378,61016544,4096
1625724908,501661378,61016552,4096
1625724908,501661378,61016560,4096
1625724908,501661378,61016568,4096
1625724908,501661378,61016576,4096
1625724908,501662451,61016584,4096
1625724908,501662451,61016592,4096
1625724908,501662451,61016600,4096
1625724908,501662451,61016608,4096
1625724908,501662451,61016616,4096
1625724908,502344124,61016624,4096
1625724908,502344124,61016632,4096
1625724908,502345197,61016640,4096
1625724908,502345197,61016648,4096
1625724908,502345197,61016656,4096
1625724908,502345197,61016664,4096
1625724908,502345197,61016672,4096
1625724908,502345197,61016680,4096
1625724908,502345197,61016688,4096
1625724908,502345197,61016696,4096
1625724908,502345197,61016704,4096
1625724908,502346271,61016712,4096
1625724908,502346271,61016720,4096
1625724908,502346271,61016728,4096
1625724908,502346271,61016736,4096
1625724908,502346271,61016744,4096
1625724908,502960313,61016752,4096
1625724908,502960313,61016760,4096
1625724908,502960313,61016768,4096
1625724908,502960313,61016776,4096
1625724908,502960313,61016784,4096
1625724908,502961386,61016792,4096
1625724908,502961386,61016800,4096
1625724908,502961386,61016808,4096
1625724908,502961386,61016816,4096
1625724908,502961386,61016824,4096
1625724908,502961386,61016832,4096
1625724908,502961386,61016840,4096
1625724908,502961386,61016848,4096
1625724908,502961386,61016856,4096
1625724908,502961386,61016864,4096
1625724908,502962460,61016872,4096
1625724908,503074104,61016880,4096
1625724908,503074104,61016888,4096
1625724908,503074104,61016896,4096
1625724908,503074104,61016904,4096
1625724908,503074104,61016912,4096
1625724908,503074104,61016920,4096
1625724908,503074104,61016928,4096
1625724908,503074104,61016936,4096
1625724908,503075177,61016944,4096
1625724908,503075177,61016952,4096
1625724908,503075177,61016960,4096
1625724908,503075177,61016968,4096
1625724908,503075177,61016976,4096
1625724908,503075177,61016984,4096
1625724908,503075177,61016992,4096
1625724908,503075177,61017000,4096
1625724908,507257533,61017008,4096
1625724908,507257533,61017016,4096
1625724908,507257533,61017024,4096
1625724908,507257533,61017032,4096
1625724908,507257533,61017040,4096
1625724908,507257533,61017048,4096
1625724908,507258607,61017056,4096
1625724908,507258607,61017064,4096
1625724908,507258607,61017072,4096
1625724908,507258607,61017080,4096
1625724908,507258607,61017088,4096
1625724908,507258607,61017096,4096
1625724908,507258607,61017104,4096
1625724908,507258607,61017112,4096
1625724908,507258607,61017120,4096
1625724908,507259680,61017128,4096
1625724908,507370251,61017136,4096
1625724908,507370251,61017144,4096
1625724908,507370251,61017152,4096
1625724908,507370251,61017160,4096
1625724908,507370251,61017168,4096
1625724908,507371324,61017176,4096
1625724908,507371324,61017184,4096
1625724908,507371324,61017192,4096
1625724908,507371324,61017200,4096
1625724908,507371324,61017208,4096
1625724908,507371324,61017216,4096
1625724908,507371324,61017224,4096
1625724908,507371324,61017232,4096
1625724908,507371324,61017240,4096
1625724908,507372398,61017248,4096
1625724908,507372398,61017256,4096
1625724908,511298187,61017264,4096
1625724908,511298187,61017272,4096
1625724908,511298187,61017280,4096
1625724908,511298187,61017288,4096
1625724908,511298187,61017296,4096
1625724908,511299261,61017304,4096
1625724908,511299261,61017312,4096
1625724908,511299261,61017320,4096
1625724908,511299261,61017328,4096
1625724908,511299261,61017336,4096
1625724908,511299261,61017344,4096
1625724908,511299261,61017352,4096
1625724908,511299261,61017360,4096
1625724908,511299261,61017368,4096
1625724908,511299261,61017376,4096
1625724908,511300334,61017384,4096
1625724908,511410905,61017392,4096
1625724908,511410905,61017400,4096
1625724908,511410905,61017408,4096
1625724908,511411978,61017416,4096
1625724908,511411978,61017424,4096
1625724908,511411978,61017432,4096
1625724908,511411978,61017440,4096
1625724908,511411978,61017448,4096
1625724908,511411978,61017456,4096
1625724908,511411978,61017464,4096
1625724908,511411978,61017472,4096
1625724908,511411978,61017480,4096
1625724908,511413052,61017488,4096
1625724908,511413052,61017496,4096
1625724908,511413052,61017504,4096
1625724908,511413052,61017512,4096
1625724908,515393590,61017520,4096
1625724908,515393590,61017528,4096
1625724908,515393590,61017536,4096
1625724908,515393590,61017544,4096
1625724908,515393590,61017552,4096
1625724908,515394663,61017560,4096
1625724908,515394663,61017568,4096
1625724908,515394663,61017576,4096
1625724908,515394663,61017584,4096
1625724908,515394663,61017592,4096
1625724908,515394663,61017600,4096
1625724908,515394663,61017608,4096
1625724908,515394663,61017616,4096
1625724908,515394663,61017624,4096
1625724908,515394663,61017632,4096
1625724908,515395737,61017640,4096
1625724908,515507381,61017648,4096
1625724908,515507381,61017656,4096
1625724908,515507381,61017664,4096
1625724908,515507381,61017672,4096
1625724908,515507381,61017680,4096
1625724908,515507381,61017688,4096
1625724908,515507381,61017696,4096
1625724908,515507381,61017704,4096
1625724908,515508454,61017712,4096
1625724908,515508454,61017720,4096
1625724908,515508454,61017728,4096
1625724908,515508454,61017736,4096
1625724908,515508454,61017744,4096
1625724908,515508454,61017752,4096
1625724908,515508454,61017760,4096
1625724908,515508454,61017768,4096
1625724908,519611371,61017776,4096
1625724908,519611371,61017784,4096
1625724908,519611371,61017792,4096
1625724908,519612445,61017800,4096
1625724908,519612445,61017808,4096
1625724908,519612445,61017816,4096
1625724908,519612445,61017824,4096
1625724908,519612445,61017832,4096
1625724908,519612445,61017840,4096
1625724908,519612445,61017848,4096
1625724908,519612445,61017856,4096
1625724908,519612445,61017864,4096
1625724908,519613518,61017872,4096
1625724908,519613518,61017880,4096
1625724908,519613518,61017888,4096
1625724908,519613518,61017896,4096
1625724908,519725162,61017904,4096
1625724908,519725162,61017912,4096
1625724908,519725162,61017920,4096
1625724908,519725162,61017928,4096
1625724908,519725162,61017936,4096
1625724908,519725162,61017944,4096
1625724908,519725162,61017952,4096
1625724908,519726236,61017960,4096
1625724908,519726236,61017968,4096
1625724908,519726236,61017976,4096
1625724908,519726236,61017984,4096
1625724908,519726236,61017992,4096
1625724908,519726236,61018000,4096
1625724908,519726236,61018008,4096
1625724908,519726236,61018016,4096
1625724908,519726236,61018024,4096
1625724908,523699259,61018032,4096
1625724908,523700333,61018040,4096
1625724908,523700333,61018048,4096
1625724908,523700333,61018056,4096
1625724908,523700333,61018064,4096
1625724908,523700333,61018072,4096
1625724908,523700333,61018080,4096
1625724908,523700333,61018088,4096
1625724908,523700333,61018096,4096
1625724908,523700333,61018104,4096
1625724908,523700333,61018112,4096
1625724908,523701406,61018120,4096
1625724908,523701406,61018128,4096
1625724908,523701406,61018136,4096
1625724908,523701406,61018144,4096
1625724908,523701406,61018152,4096
1625724908,523813050,61018160,4096
1625724908,523813050,61018168,4096
1625724908,523813050,61018176,4096
1625724908,523813050,61018184,4096
1625724908,523813050,61018192,4096
1625724908,523813050,61018200,4096
1625724908,523813050,61018208,4096
1625724908,523813050,61018216,4096
1625724908,523814124,61018224,4096
1625724908,523814124,61018232,4096
1625724908,523814124,61018240,4096
1625724908,523814124,61018248,4096
1625724908,523814124,61018256,4096
1625724908,523814124,61018264,4096
1625724908,523814124,61018272,4096
1625724908,523814124,61018280,4096
1625724908,527785000,61018288,4096
1625724908,527785000,61018296,4096
1625724908,527785000,61018304,4096
1625724908,527786074,61018312,4096
1625724908,527786074,61018320,4096
1625724908,527786074,61018328,4096
1625724908,527786074,61018336,4096
1625724908,527786074,61018344,4096
1625724908,527786074,61018352,4096
1625724908,527786074,61018360,4096
1625724908,527786074,61018368,4096
1625724908,527786074,61018376,4096
1625724908,527787147,61018384,4096
1625724908,527787147,61018392,4096
1625724908,527787147,61018400,4096
1625724908,527787147,61018408,4096
1625724908,527898791,61018416,4096
1625724908,527898791,61018424,4096
1625724908,527898791,61018432,4096
1625724908,527898791,61018440,4096
1625724908,527898791,61018448,4096
1625724908,527898791,61018456,4096
1625724908,527898791,61018464,4096
1625724908,527898791,61018472,4096
1625724908,527899865,61018480,4096
1625724908,527899865,61018488,4096
1625724908,527899865,61018496,4096
1625724908,527899865,61018504,4096
1625724908,527899865,61018512,4096
1625724908,527899865,61018520,4096
1625724908,527899865,61018528,4096
1625724908,527899865,61018536,4096
1625724908,539083588,61018544,4096
1625724908,539084661,61018552,4096
1625724908,539084661,61018560,4096
1625724908,539084661,61018568,4096
1625724908,539084661,61018576,4096
1625724908,539084661,61018584,4096
1625724908,539084661,61018592,4096
1625724908,539085735,61018600,4096
1625724908,539085735,61018608,4096
1625724908,539085735,61018616,4096
1625724908,539085735,61018624,4096
1625724908,539085735,61018632,4096
1625724908,539085735,61018640,4096
1625724908,539085735,61018648,4096
1625724908,539085735,61018656,4096
1625724908,539085735,61018664,4096
1625724908,539202746,61018672,4096
1625724908,539202746,61018680,4096
1625724908,539202746,61018688,4096
1625724908,539202746,61018696,4096
1625724908,539202746,61018704,4096
1625724908,539202746,61018712,4096
1625724908,539202746,61018720,4096
1625724908,539202746,61018728,4096
1625724908,539203820,61018736,4096
1625724908,539203820,61018744,4096
1625724908,539203820,61018752,4096
1625724908,539203820,61018760,4096
1625724908,539203820,61018768,4096
1625724908,539203820,61018776,4096
1625724908,539203820,61018784,4096
1625724908,539203820,61018792,4096
1625724908,544744153,61018800,4096
1625724908,544744153,61018808,4096
1625724908,544744153,61018816,4096
1625724908,544745227,61018824,4096
1625724908,544745227,61018832,4096
1625724908,544745227,61018840,4096
1625724908,544745227,61018848,4096
1625724908,544745227,61018856,4096
1625724908,544745227,61018864,4096
1625724908,544745227,61018872,4096
1625724908,544745227,61018880,4096
1625724908,544745227,61018888,4096
1625724908,544746300,61018896,4096
1625724908,544746300,61018904,4096
1625724908,544746300,61018912,4096
1625724908,544746300,61018920,4096
1625724908,544863312,61018928,4096
1625724908,544864385,61018936,4096
1625724908,544864385,61018944,4096
1625724908,544864385,61018952,4096
1625724908,544864385,61018960,4096
1625724908,544864385,61018968,4096
1625724908,544864385,61018976,4096
1625724908,544864385,61018984,4096
1625724908,544864385,61018992,4096
1625724908,544865459,61019000,4096
1625724908,544865459,61019008,4096
1625724908,544865459,61019016,4096
1625724908,544865459,61019024,4096
1625724908,544865459,61019032,4096
1625724908,544865459,61019040,4096
1625724908,544865459,61019048,4096
1625724908,549233530,61019056,4096
1625724908,549233530,61019064,4096
1625724908,549233530,61019072,4096
1625724908,549233530,61019080,4096
1625724908,549233530,61019088,4096
1625724908,549233530,61019096,4096
1625724908,549233530,61019104,4096
1625724908,549233530,61019112,4096
1625724908,549234604,61019120,4096
1625724908,549234604,61019128,4096
1625724908,549234604,61019136,4096
1625724908,549234604,61019144,4096
1625724908,549234604,61019152,4096
1625724908,549234604,61019160,4096
1625724908,549234604,61019168,4096
1625724908,549234604,61019176,4096
1625724908,549361277,61019184,4096
1625724908,549361277,61019192,4096
1625724908,549361277,61019200,4096
1625724908,549361277,61019208,4096
1625724908,549361277,61019216,4096
1625724908,549362350,61019224,4096
1625724908,549362350,61019232,4096
1625724908,549362350,61019240,4096
1625724908,549362350,61019248,4096
1625724908,549362350,61019256,4096
1625724908,549362350,61019264,4096
1625724908,549362350,61019272,4096
1625724908,549362350,61019280,4096
1625724908,549362350,61019288,4096
1625724908,549363424,61019296,4096
1625724908,549363424,61019304,4096
1625724908,553518942,61019312,4096
1625724908,553518942,61019320,4096
1625724908,553518942,61019328,4096
1625724908,553518942,61019336,4096
1625724908,553518942,61019344,4096
1625724908,553518942,61019352,4096
1625724908,553518942,61019360,4096
1625724908,553518942,61019368,4096
1625724908,553520016,61019376,4096
1625724908,553520016,61019384,4096
1625724908,553520016,61019392,4096
1625724908,553520016,61019400,4096
1625724908,553520016,61019408,4096
1625724908,553520016,61019416,4096
1625724908,553520016,61019424,4096
1625724908,553520016,61019432,4096
1625724908,553634880,61019440,4096
1625724908,553634880,61019448,4096
1625724908,553634880,61019456,4096
1625724908,553634880,61019464,4096
1625724908,553634880,61019472,4096
1625724908,553634880,61019480,4096
1625724908,553634880,61019488,4096
1625724908,553635954,61019496,4096
1625724908,553635954,61019504,4096
1625724908,553635954,61019512,4096
1625724908,553635954,61019520,4096
1625724908,553635954,61019528,4096
1625724908,553635954,61019536,4096
1625724908,553635954,61019544,4096
1625724908,553635954,61019552,4096
1625724908,553635954,61019560,4096
1625724908,557668020,61019568,4096
1625724908,557668020,61019576,4096
1625724908,557668020,61019584,4096
1625724908,557668020,61019592,4096
1625724908,557668020,61019600,4096
1625724908,557668020,61019608,4096
1625724908,557669093,61019616,4096
1625724908,557669093,61019624,4096
1625724908,557669093,61019632,4096
1625724908,557669093,61019640,4096
1625724908,557669093,61019648,4096
1625724908,557669093,61019656,4096
1625724908,557669093,61019664,4096
1625724908,557669093,61019672,4096
1625724908,557669093,61019680,4096
1625724908,557670167,61019688,4096
1625724908,557780737,61019696,4096
1625724908,557780737,61019704,4096
1625724908,557780737,61019712,4096
1625724908,557780737,61019720,4096
1625724908,557780737,61019728,4096
1625724908,557780737,61019736,4096
1625724908,557780737,61019744,4096
1625724908,557781811,61019752,4096
1625724908,557781811,61019760,4096
1625724908,557781811,61019768,4096
1625724908,557781811,61019776,4096
1625724908,557781811,61019784,4096
1625724908,557781811,61019792,4096
1625724908,557781811,61019800,4096
1625724908,557781811,61019808,4096
1625724908,557781811,61019816,4096
1625724908,561847155,61019824,4096
1625724908,561847155,61019832,4096
1625724908,561847155,61019840,4096
1625724908,561848229,61019848,4096
1625724908,561848229,61019856,4096
1625724908,561848229,61019864,4096
1625724908,561848229,61019872,4096
1625724908,561848229,61019880,4096
1625724908,561848229,61019888,4096
1625724908,561848229,61019896,4096
1625724908,561848229,61019904,4096
1625724908,561848229,61019912,4096
1625724908,561849302,61019920,4096
1625724908,561849302,61019928,4096
1625724908,561849302,61019936,4096
1625724908,561849302,61019944,4096
1625724908,561960946,61019952,4096
1625724908,561960946,61019960,4096
1625724908,561960946,61019968,4096
1625724908,561960946,61019976,4096
1625724908,561962020,61019984,4096
1625724908,561962020,61019992,4096
1625724908,561962020,61020000,4096
1625724908,561962020,61020008,4096
1625724908,561962020,61020016,4096
1625724908,561962020,61020024,4096
1625724908,561962020,61020032,4096
1625724908,561962020,61020040,4096
1625724908,561962020,61020048,4096
1625724908,561963093,61020056,4096
1625724908,561963093,61020064,4096
1625724908,561963093,61020072,4096
1625724908,566324724,61020080,4096
1625724908,566325797,61020088,4096
1625724908,566325797,61020096,4096
1625724908,566325797,61020104,4096
1625724908,566325797,61020112,4096
1625724908,566325797,61020120,4096
1625724908,566325797,61020128,4096
1625724908,566325797,61020136,4096
1625724908,566325797,61020144,4096
1625724908,566325797,61020152,4096
1625724908,566326871,61020160,4096
1625724908,566326871,61020168,4096
1625724908,566326871,61020176,4096
1625724908,566326871,61020184,4096
1625724908,566326871,61020192,4096
1625724908,566326871,61020200,4096
1625724908,566442809,61020208,4096
1625724908,566442809,61020216,4096
1625724908,566443882,61020224,4096
1625724908,566443882,61020232,4096
1625724908,566443882,61020240,4096
1625724908,566443882,61020248,4096
1625724908,566443882,61020256,4096
1625724908,566443882,61020264,4096
1625724908,566443882,61020272,4096
1625724908,566443882,61020280,4096
1625724908,566443882,61020288,4096
1625724908,566444956,61020296,4096
1625724908,566444956,61020304,4096
1625724908,566444956,61020312,4096
1625724908,566444956,61020320,4096
1625724908,566444956,61020328,4096
1625724908,570761499,61020336,4096
1625724908,570761499,61020344,4096
1625724908,570761499,61020352,4096
1625724908,570761499,61020360,4096
1625724908,570762573,61020368,4096
1625724908,570762573,61020376,4096
1625724908,570762573,61020384,4096
1625724908,570762573,61020392,4096
1625724908,570762573,61020400,4096
1625724908,570762573,61020408,4096
1625724908,570762573,61020416,4096
1625724908,570762573,61020424,4096
1625724908,570762573,61020432,2560
1625724909,262661345,67189888,4096
1625724909,262662419,67189896,4096
1625724909,262662419,67189904,4096
1625724909,262662419,67189912,4096
1625724909,262662419,67189920,4096
1625724909,262662419,67189928,4096
1625724909,262662419,67189936,4096
1625724909,262662419,67189944,4096
1625724909,262740784,66841856,4096
1625724909,262740784,66841864,4096
1625724909,262740784,66841872,4096
1625724909,262740784,66841880,4096
1625724909,262777283,67189952,4096
1625724909,262777283,67189960,4096
1625724909,262777283,67189968,4096
1625724909,262777283,67189976,4096
1625724909,88733949,6810088,4096
1625724910,547449874,7031064,4096
1625724910,548385966,3070456,4096
1625724910,548385966,3070464,4096
1625724910,548385966,3070472,4096
1625724910,548385966,3070480,4096
1625724910,549181429,3070488,4096
1625724910,549181429,3070496,4096
1625724910,549182503,3070504,4096
1625724910,549182503,3070512,4096
1625724910,549182503,3070520,4096
1625724910,549182503,3070528,4096
1625724910,549182503,3070536,4096
1625724910,549182503,3070544,4096
1625724910,549182503,3070552,4096
1625724910,549182503,3070560,4096
1625724910,549182503,3070568,4096
1625724910,549183576,3070576,4096
1625724910,549183576,3070584,4096
1625724910,549183576,3070592,4096
1625724910,549273750,3070600,4096
1625724910,549273750,3070608,4096
1625724910,549273750,3070616,4096
1625724910,549273750,3070624,4096
1625724910,549273750,3070632,4096
1625724910,549273750,3070640,4096
1625724910,549273750,3070648,4096
1625724910,549273750,3070656,4096
1625724910,549274824,3070664,4096
1625724910,549274824,3070672,4096
1625724910,549274824,3070680,4096
1625724910,549274824,3070688,4096
1625724910,549274824,3070696,4096
1625724910,549274824,3070704,4096
1625724910,549742870,3070712,4096
1625724910,549742870,3070720,4096
1625724910,549742870,3070728,1536
1625724910,732384939,48936056,4096
1625724910,733005422,7442840,2560
1625724910,808742994,6810096,4096
1625724910,831166262,7460344,3072
1625724910,893689049,48936064,4096
1625724910,894290209,7478576,3584
1625724910,978248644,6810104,4096
1625724910,987725502,48936072,4096
1625724910,988361014,1428592,4096
1625724910,988361014,1428600,3072
1625724911,125678952,6810112,4096
1625724911,138248563,2196136,4096
1625724911,138248563,2196144,4096
1625724911,138249637,2196152,4096
1625724911,138249637,2196160,1024
1625724911,267084666,67190016,4096
1625724911,267085739,67190024,4096
1625724911,267085739,67190032,4096
1625724911,267086813,67190040,4096
1625724911,267117944,67224736,4096
1625724911,267117944,67224744,4096
1625724911,267119018,67224752,4096
1625724911,267119018,67224760,4096
1625724911,267145855,67190080,4096
1625724911,267145855,67190088,4096
1625724911,267146929,67190096,4096
1625724911,267146929,67190104,4096
1625724911,267172693,67190144,4096
1625724911,267173766,67190152,4096
1625724911,267173766,67190160,4096
1625724911,267173766,67190168,4096
1625724911,294340831,67885760,4096
1625724911,294341904,67885768,4096
1625724911,294341904,67885776,4096
1625724911,294341904,67885784,4096
1625724911,294341904,67885792,4096
1625724911,294342978,67885800,4096
1625724911,294342978,67885808,4096
1625724911,294342978,67885816,4096
1625724911,294602765,67190208,4096
1625724911,294602765,67190216,4096
1625724911,294603838,67190224,4096
1625724911,294603838,67190232,4096
1625724911,294603838,67190240,4096
1625724911,294603838,67190248,4096
1625724911,294603838,67190256,4096
1625724911,294603838,67190264,4096
1625724911,294603838,67190272,4096
1625724911,294604912,67190280,4096
1625724911,294604912,67190288,4096
1625724911,294604912,67190296,4096
1625724911,294727291,67190304,4096
1625724911,294727291,67190312,4096
1625724911,294727291,67190320,4096
1625724911,294727291,67190328,4096
1625724911,294727291,67190336,4096
1625724911,294727291,67190344,4096
1625724911,294728364,67190352,4096
1625724911,294728364,67190360,4096
1625724911,294728364,67190368,4096
1625724911,294728364,67190376,4096
1625724911,294728364,67190384,4096
1625724911,294728364,67190392,4096
1625724911,294886169,70666624,4096
1625724911,294886169,70666632,4096
1625724911,294886169,70666640,4096
1625724911,294886169,70666648,4096
1625724911,29623245,7535496,3584
1625724911,297370248,68735520,4096
1625724911,297370248,68735528,4096
1625724911,297371321,68735536,4096
1625724911,297371321,68735544,4096
1625724911,301772671,69782592,4096
1625724911,301772671,69782600,4096
1625724911,301772671,69782608,4096
1625724911,301772671,69782616,4096
1625724911,302927757,68776512,4096
1625724911,302927757,68776520,4096
1625724911,302928831,68776528,4096
1625724911,302928831,68776536,4096
1625724911,303831644,6810128,4096
1625724911,317285820,68794560,4096
1625724911,317285820,68794568,4096
1625724911,317285820,68794576,4096
1625724911,317285820,68794584,4096
1625724911,317286893,68794592,4096
1625724911,317286893,68794600,4096
1625724911,317286893,68794608,4096
1625724911,317286893,68794616,4096
1625724911,317633634,15849984,4096
1625724911,317633634,15849992,4096
1625724911,317633634,15850000,4096
1625724911,317633634,15850008,4096
1625724911,317633634,15850016,4096
1625724911,317633634,15850024,4096
1625724911,317634707,15850032,4096
1625724911,317634707,15850040,4096
1625724911,317634707,15850048,4096
1625724911,317634707,15850056,4096
1625724911,317634707,15850064,4096
1625724911,317634707,15850072,4096
1625724911,317634707,15850080,4096
1625724911,317635781,15850088,4096
1625724911,317635781,15850096,4096
1625724911,317635781,15850104,4096
1625724911,317635781,15850112,4096
1625724911,317635781,15850120,4096
1625724911,317635781,15850128,4096
1625724911,317636854,15850136,4096
1625724911,317636854,15850144,4096
1625724911,317636854,15850152,1536
1625724911,317835452,15850155,4096
1625724911,317836525,15850163,4096
1625724911,317836525,15850171,4096
1625724911,317836525,15850179,4096
1625724911,317836525,15850187,4096
1625724911,317836525,15850195,4096
1625724911,317836525,15850203,4096
1625724911,317837599,15850211,4096
1625724911,317837599,15850219,4096
1625724911,317837599,15850227,4096
1625724911,317837599,15850235,4096
1625724911,317837599,15850243,4096
1625724911,317837599,15850251,4096
1625724911,317837599,15850259,4096
1625724911,317838672,15850267,4096
1625724911,317838672,15850275,4096
1625724911,317838672,15850283,4096
1625724911,317838672,15850291,4096
1625724911,317838672,15850299,4096
1625724911,317838672,15850307,4096
1625724911,317839746,15850315,4096
1625724911,317839746,15850323,1536
1625724911,318645944,15850326,4096
1625724911,318645944,15850334,4096
1625724911,318645944,15850342,4096
1625724911,318645944,15850350,4096
1625724911,318645944,15850358,4096
1625724911,318645944,15850366,4096
1625724911,318647018,15850374,4096
1625724911,318647018,15850382,4096
1625724911,318647018,15850390,4096
1625724911,318647018,15850398,4096
1625724911,318647018,15850406,4096
1625724911,318647018,15850414,4096
1625724911,318647018,15850422,4096
1625724911,318648091,15850430,4096
1625724911,318648091,15850438,4096
1625724911,318648091,15850446,4096
1625724911,318648091,15850454,4096
1625724911,318648091,15850462,4096
1625724911,318648091,15850470,4096
1625724911,318649165,15850478,4096
1625724911,318649165,15850486,4096
1625724911,318649165,15850494,1024
1625724911,319243884,15850496,4096
1625724911,319243884,15850504,4096
1625724911,319243884,15850512,4096
1625724911,319243884,15850520,4096
1625724911,319786001,10406624,4096
1625724911,319786001,10406632,4096
1625724911,319786001,10406640,4096
1625724911,319786001,10406648,4096
1625724911,319787075,10406656,4096
1625724911,319787075,10406664,4096
1625724911,319787075,10406672,4096
1625724911,319787075,10406680,4096
1625724911,319787075,10406688,4096
1625724911,319787075,10406696,4096
1625724911,319788148,10406704,4096
1625724911,319788148,10406712,4096
1625724911,319788148,10406720,4096
1625724911,319788148,10406728,4096
1625724911,319788148,10406736,4096
1625724911,319788148,10406744,4096
1625724911,319788148,10406752,4096
1625724911,319789222,10406760,4096
1625724911,319789222,10406768,4096
1625724911,319789222,10406776,4096
1625724911,319789222,10406784,4096
1625724911,319789222,10406792,1536
1625724911,320242239,10406795,4096
1625724911,320242239,10406803,4096
1625724911,320242239,10406811,4096
1625724911,320242239,10406819,4096
1625724911,320243312,10406827,4096
1625724911,320243312,10406835,4096
1625724911,320243312,10406843,4096
1625724911,320243312,10406851,4096
1625724911,320243312,10406859,4096
1625724911,320243312,10406867,4096
1625724911,320244386,10406875,4096
1625724911,320244386,10406883,4096
1625724911,320244386,10406891,4096
1625724911,320244386,10406899,4096
1625724911,320244386,10406907,4096
1625724911,320244386,10406915,4096
1625724911,320244386,10406923,4096
1625724911,320245459,10406931,4096
1625724911,320245459,10406939,4096
1625724911,320245459,10406947,4096
1625724911,320245459,10406955,4096
1625724911,320245459,10406963,1536
1625724911,320396823,10406966,4096
1625724911,320396823,10406974,4096
1625724911,320396823,10406982,4096
1625724911,320397896,10406990,4096
1625724911,320397896,10406998,4096
1625724911,320397896,10407006,4096
1625724911,320397896,10407014,4096
1625724911,320397896,10407022,4096
1625724911,320397896,10407030,4096
1625724911,320398970,10407038,4096
1625724911,320398970,10407046,4096
1625724911,320398970,10407054,4096
1625724911,320398970,10407062,4096
1625724911,320398970,10407070,4096
1625724911,320398970,10407078,4096
1625724911,320400043,10407086,4096
1625724911,320400043,10407094,4096
1625724911,320400043,10407102,4096
1625724911,320400043,10407110,4096
1625724911,320400043,10407118,4096
1625724911,320400043,10407126,4096
1625724911,320400043,10407134,1024
1625724911,321400545,10407136,4096
1625724911,321400545,10407144,4096
1625724911,321400545,10407152,4096
1625724911,321401619,10407160,4096
1625724911,334889073,45495680,4096
1625724911,334889073,45495688,4096
1625724911,334889073,45495696,4096
1625724911,334889073,45495704,4096
1625724911,334889073,45495712,4096
1625724911,334890146,45495720,4096
1625724911,334890146,45495728,4096
1625724911,334890146,45495736,4096
1625724911,334971732,27657568,4096
1625724911,334971732,27657576,4096
1625724911,334971732,27657584,4096
1625724911,334971732,27657592,4096
1625724911,334971732,27657600,4096
1625724911,334971732,27657608,4096
1625724911,334971732,27657616,4096
1625724911,334971732,27657624,4096
1625724911,334971732,27657632,4096
1625724911,334972806,27657640,4096
1625724911,334972806,27657648,4096
1625724911,334972806,27657656,4096
1625724911,334985688,1071000,4096
1625724911,334985688,1071008,4096
1625724911,334985688,1071016,2048
1625724911,396191290,6810152,4096
1625724911,414747811,48936080,4096
1625724911,415458468,7539296,2560
1625724911,524857780,62723288,4096
1625724911,524858853,62723296,4096
1625724911,524858853,62723304,4096
1625724911,524859927,62723312,4096
1625724911,525837885,62723320,4096
1625724911,525837885,62723328,4096
1625724911,525837885,62723336,4096
1625724911,525837885,62723344,4096
1625724911,525838959,62723352,2048
1625724911,635846945,6810192,4096
1625724911,775602689,63670992,4096
1625724911,775603763,63671000,4096
1625724911,775603763,63671008,4096
1625724911,775604836,63671016,4096
1625724911,776547369,63671024,4096
1625724911,776548443,63671032,4096
1625724911,776548443,63671040,4096
1625724911,776548443,63671048,4096
1625724911,776549516,63671056,2560
1625724911,896600095,6810216,4096
1625724911,968197177,48936088,4096
1625724911,968947554,66304088,4096
1625724911,968947554,66304096,4096
1625724911,968947554,66304104,4096
1625724911,968947554,66304112,4096
1625724911,969551934,66304120,4096
1625724911,969551934,66304128,4096
1625724911,969551934,66304136,4096
1625724911,969553008,66304144,4096
1625724911,969553008,66304152,2560
1625724912,100417063,1071448,4096
1625724912,100417063,1071456,4096
1625724912,100417063,1071464,3072
1625724912,191561507,7561584,2560
1625724912,259458235,6810296,4096
1625724912,268869610,60433512,4096
1625724912,268870683,60433520,4096
1625724912,268870683,60433528,4096
1625724912,268870683,60433536,4096
1625724912,269805702,60433544,4096
1625724912,269806775,60433552,4096
1625724912,269806775,60433560,4096
1625724912,269806775,60433568,4096
1625724912,269806775,60433576,4096
1625724912,269806775,60433584,4096
1625724912,269806775,60433592,4096
1625724912,269806775,60433600,4096
1625724912,269807849,60433608,4096
1625724912,269807849,60433616,4096
1625724912,269807849,60433624,4096
1625724912,269807849,60433632,4096
1625724912,269807849,60433640,4096
1625724912,269807849,60433648,1536
1625724912,269901243,60433651,4096
1625724912,269901243,60433659,4096
1625724912,269901243,60433667,4096
1625724912,269901243,60433675,4096
1625724912,269901243,60433683,4096
1625724912,269901243,60433691,4096
1625724912,269901243,60433699,4096
1625724912,269901243,60433707,4096
1625724912,269902317,60433715,4096
1625724912,269902317,60433723,4096
1625724912,269902317,60433731,4096
1625724912,269902317,60433739,4096
1625724912,269902317,60433747,4096
1625724912,269902317,60433755,1024
1625724912,393791731,6810320,4096
1625724912,44115209,6810256,4096
1625724912,504278498,48936096,4096
1625724912,504914010,1073368,4096
1625724912,504915084,1073376,4096
1625724912,504915084,1073384,2560
1625724912,582443254,6810328,4096
1625724912,620418316,68480368,4096
1625724912,620418316,68480376,4096
1625724912,620419390,68480384,4096
1625724912,620419390,68480392,4096
1625724912,621285704,68480400,4096
1625724912,621286778,68480408,4096
1625724912,621286778,68480416,4096
1625724912,621286778,68480424,4096
1625724912,621286778,68480432,4096
1625724912,720820624,6810464,4096
1625724912,772644910,1435184,4096
1625724912,772644910,1435192,2048
1625724912,880496235,48936104,4096
1625724912,881548265,60481088,4096
1625724912,881549338,60481096,4096
1625724912,881549338,60481104,4096
1625724912,881549338,60481112,4096
1625724912,882526223,60481120,4096
1625724912,882527297,60481128,4096
1625724912,882527297,60481136,4096
1625724912,882528370,60481144,4096
1625724912,882528370,60481152,4096
1625724912,882528370,60481160,4096
1625724912,882529444,60481168,4096
1625724912,882529444,60481176,4096
1625724912,882530517,60481184,4096
1625724912,882530517,60481192,4096
1625724912,882530517,60481200,4096
1625724912,882531591,60481208,4096
1625724912,882531591,60481216,3072
1625724912,979828263,6810704,4096
1625724913,1006287605,48936128,4096
1625724913,1007120641,2640280,4096
1625724913,1007120641,2640288,4096
1625724913,1007120641,2640296,4096
1625724913,1007120641,2640304,3072
1625724913,173818413,6810728,4096
1625724913,238922967,7031072,4096
1625724913,239915955,68736976,4096
1625724913,239915955,68736984,4096
1625724913,239915955,68736992,4096
1625724913,239915955,68737000,4096
1625724913,240613730,68737008,4096
1625724913,240613730,68737016,4096
1625724913,240613730,68737024,4096
1625724913,240613730,68737032,4096
1625724913,240613730,68737040,2560
1625724913,271469340,27657664,4096
1625724913,271469340,27657672,4096
1625724913,271469340,27657680,4096
1625724913,271470414,27657688,4096
1625724913,271471487,27657696,4096
1625724913,271471487,27657704,4096
1625724913,271471487,27657712,4096
1625724913,271471487,27657720,4096
1625724913,271471487,27657728,4096
1625724913,271471487,27657736,4096
1625724913,271471487,27657744,4096
1625724913,271471487,27657752,4096
1625724913,271472561,27657760,4096
1625724913,271472561,27657768,4096
1625724913,271472561,27657776,4096
1625724913,271472561,27657784,4096
1625724913,271472561,27657792,4096
1625724913,271472561,27657800,4096
1625724913,271472561,27657808,3072
1625724913,271663644,27657814,4096
1625724913,271663644,27657822,4096
1625724913,271663644,27657830,4096
1625724913,271664717,27657838,4096
1625724913,271664717,27657846,4096
1625724913,271664717,27657854,4096
1625724913,271664717,27657862,4096
1625724913,271664717,27657870,4096
1625724913,271664717,27657878,4096
1625724913,271664717,27657886,4096
1625724913,271664717,27657894,4096
1625724913,271664717,27657902,4096
1625724913,271665791,27657910,4096
1625724913,271665791,27657918,4096
1625724913,271665791,27657926,4096
1625724913,271665791,27657934,4096
1625724913,271665791,27657942,4096
1625724913,271665791,27657950,4096
1625724913,271665791,27657958,3072
1625724913,271805346,27657964,4096
1625724913,271805346,27657972,4096
1625724913,271806419,27657980,4096
1625724913,271806419,27657988,4096
1625724913,271806419,27657996,4096
1625724913,271806419,27658004,4096
1625724913,271806419,27658012,4096
1625724913,271806419,27658020,4096
1625724913,271806419,27658028,4096
1625724913,271806419,27658036,4096
1625724913,271807493,27658044,4096
1625724913,271807493,27658052,4096
1625724913,271807493,27658060,4096
1625724913,271807493,27658068,4096
1625724913,271807493,27658076,4096
1625724913,271807493,27658084,4096
1625724913,271807493,27658092,4096
1625724913,271807493,27658100,4096
1625724913,271807493,27658108,2048
1625724913,272297009,10379392,4096
1625724913,272297009,10379400,4096
1625724913,272297009,10379408,4096
1625724913,272297009,10379416,4096
1625724913,272298082,10379424,4096
1625724913,272298082,10379432,4096
1625724913,272298082,10379440,4096
1625724913,272298082,10379448,4096
1625724913,272298082,10379456,4096
1625724913,272298082,10379464,4096
1625724913,272298082,10379472,4096
1625724913,272298082,10379480,4096
1625724913,272299156,10379488,4096
1625724913,272299156,10379496,4096
1625724913,272299156,10379504,4096
1625724913,272299156,10379512,4096
1625724913,272299156,10379520,4096
1625724913,272299156,10379528,4096
1625724913,272299156,10379536,4096
1625724913,272299156,10379544,4096
1625724913,272299156,10379552,4096
1625724913,272300229,10379560,1536
1625724913,272493459,10379563,4096
1625724913,272494533,10379571,4096
1625724913,272494533,10379579,4096
1625724913,272494533,10379587,4096
1625724913,272494533,10379595,4096
1625724913,272494533,10379603,4096
1625724913,272494533,10379611,4096
1625724913,272494533,10379619,4096
1625724913,272494533,10379627,4096
1625724913,272495606,10379635,4096
1625724913,272495606,10379643,4096
1625724913,272495606,10379651,4096
1625724913,272495606,10379659,4096
1625724913,272495606,10379667,4096
1625724913,272495606,10379675,4096
1625724913,272495606,10379683,4096
1625724913,272495606,10379691,4096
1625724913,272496680,10379699,4096
1625724913,272496680,10379707,4096
1625724913,272496680,10379715,4096
1625724913,272496680,10379723,4096
1625724913,272496680,10379731,1536
1625724913,272668440,10379734,4096
1625724913,272668440,10379742,4096
1625724913,272668440,10379750,4096
1625724913,272668440,10379758,4096
1625724913,272668440,10379766,4096
1625724913,272668440,10379774,4096
1625724913,272668440,10379782,4096
1625724913,272668440,10379790,4096
1625724913,272669513,10379798,4096
1625724913,272669513,10379806,4096
1625724913,272669513,10379814,4096
1625724913,272669513,10379822,4096
1625724913,272669513,10379830,4096
1625724913,272669513,10379838,4096
1625724913,272669513,10379846,4096
1625724913,272669513,10379854,4096
1625724913,272669513,10379862,4096
1625724913,272670587,10379870,4096
1625724913,272670587,10379878,4096
1625724913,272670587,10379886,4096
1625724913,272670587,10379894,4096
1625724913,272670587,10379902,1024
1625724913,272685616,10379904,4096
1625724913,272685616,10379912,4096
1625724913,272685616,10379920,4096
1625724913,272686689,10379928,4096
1625724913,273010886,68801440,4096
1625724913,273010886,68801448,4096
1625724913,273010886,68801456,4096
1625724913,273010886,68801464,4096
1625724913,273010886,68801472,4096
1625724913,273010886,68801480,4096
1625724913,273010886,68801488,4096
1625724913,273011960,68801496,4096
1625724913,273180499,12887296,4096
1625724913,273180499,12887304,4096
1625724913,273180499,12887312,4096
1625724913,273180499,12887320,4096
1625724913,273180499,12887328,4096
1625724913,273180499,12887336,4096
1625724913,273181573,12887344,4096
1625724913,273181573,12887352,4096
1625724913,273181573,12887360,4096
1625724913,273181573,12887368,4096
1625724913,273181573,12887376,4096
1625724913,273181573,12887384,4096
1625724913,273181573,12887392,4096
1625724913,273181573,12887400,4096
1625724913,273181573,12887408,4096
1625724913,273182646,12887416,4096
1625724913,273182646,12887424,4096
1625724913,273182646,12887432,4096
1625724913,273182646,12887440,4096
1625724913,273182646,12887448,4096
1625724913,273182646,12887456,4096
1625724913,273182646,12887464,1536
1625724913,273354406,12887467,4096
1625724913,273354406,12887475,4096
1625724913,273354406,12887483,4096
1625724913,273354406,12887491,4096
1625724913,273354406,12887499,4096
1625724913,273354406,12887507,4096
1625724913,273354406,12887515,4096
1625724913,273354406,12887523,4096
1625724913,273355480,12887531,4096
1625724913,273355480,12887539,4096
1625724913,273355480,12887547,4096
1625724913,273355480,12887555,4096
1625724913,273355480,12887563,4096
1625724913,273355480,12887571,4096
1625724913,273355480,12887579,4096
1625724913,273355480,12887587,4096
1625724913,273355480,12887595,4096
1625724913,273356553,12887603,4096
1625724913,273356553,12887611,4096
1625724913,273356553,12887619,4096
1625724913,273356553,12887627,4096
1625724913,273356553,12887635,1536
1625724913,273540122,12887638,4096
1625724913,273540122,12887646,4096
1625724913,273540122,12887654,4096
1625724913,273540122,12887662,4096
1625724913,273540122,12887670,4096
1625724913,273540122,12887678,4096
1625724913,273540122,12887686,4096
1625724913,273540122,12887694,4096
1625724913,273541195,12887702,4096
1625724913,273541195,12887710,4096
1625724913,273541195,12887718,4096
1625724913,273541195,12887726,4096
1625724913,273541195,12887734,4096
1625724913,273541195,12887742,4096
1625724913,273541195,12887750,4096
1625724913,273541195,12887758,4096
1625724913,273542269,12887766,4096
1625724913,273542269,12887774,4096
1625724913,273542269,12887782,4096
1625724913,273542269,12887790,4096
1625724913,273542269,12887798,4096
1625724913,273542269,12887806,1024
1625724913,273569106,12887808,4096
1625724913,273570180,12887816,4096
1625724913,273570180,12887824,4096
1625724913,273570180,12887832,4096
1625724913,274305527,68806112,4096
1625724913,274306601,68806120,4096
1625724913,274306601,68806128,4096
1625724913,274306601,68806136,4096
1625724913,274306601,68806144,4096
1625724913,274306601,68806152,4096
1625724913,274306601,68806160,4096
1625724913,274306601,68806168,4096
1625724913,277653774,68806816,4096
1625724913,277653774,68806824,4096
1625724913,277653774,68806832,4096
1625724913,277654847,68806840,4096
1625724913,277762197,68808224,4096
1625724913,277762197,68808232,4096
1625724913,277762197,68808240,4096
1625724913,277762197,68808248,4096
1625724913,30837874,1073928,4096
1625724913,30838948,1073936,4096
1625724913,30838948,1073944,3072
1625724913,361105517,48936112,4096
1625724913,361678766,7710032,3584
1625724913,495090125,7855760,3072
1625724913,578849963,6810752,4096
1625724913,597393602,68737104,4096
1625724913,597393602,68737112,4096
1625724913,597393602,68737120,4096
1625724913,597393602,68737128,4096
1625724913,598116067,68737136,4096
1625724913,598116067,68737144,4096
1625724913,598116067,68737152,4096
1625724913,598116067,68737160,4096
1625724913,598116067,68737168,1536
1625724913,745093246,48936120,4096
1625724913,745810344,1456312,4096
1625724913,745810344,1456320,512
1625724913,806609090,1074888,4096
1625724913,806609090,1074896,4096
1625724913,806609090,1074904,1024
1625724913,879818570,6810792,4096
1625724913,899491531,2493752,4096
1625724913,899491531,2493760,4096
1625724913,899491531,2493768,4096
1625724913,899491531,2493776,3584
1625724913,990525404,6810816,4096
1625724914,137514503,48936136,4096
1625724914,138338951,2655608,4096
1625724914,138338951,2655616,4096
1625724914,138338951,2655624,4096
1625724914,138338951,2655632,512
1625724914,336595078,68776752,4096
1625724914,336595078,68776760,4096
1625724914,336595078,68776768,4096
1625724914,336595078,68776776,4096
1625724914,337319691,68776784,4096
1625724914,337319691,68776792,4096
1625724914,337319691,68776800,4096
1625724914,337319691,68776808,4096
1625724914,337320764,68776816,1024
1625724914,37197002,6810832,4096
1625724914,401495668,6810848,4096
1625724914,440756783,61132512,4096
1625724914,440756783,61132520,4096
1625724914,440756783,61132528,4096
1625724914,440756783,61132536,4096
1625724914,441473881,61132544,4096
1625724914,441473881,61132552,4096
1625724914,441473881,61132560,4096
1625724914,441473881,61132568,4096
1625724914,441473881,61132576,4096
1625724914,441473881,61132584,4096
1625724914,441473881,61132592,4096
1625724914,441474955,61132600,4096
1625724914,441474955,61132608,4096
1625724914,441474955,61132616,4096
1625724914,441474955,61132624,4096
1625724914,441474955,61132632,4096
1625724914,441474955,61132640,4096
1625724914,441474955,61132648,4096
1625724914,441579084,61132656,4096
1625724914,441579084,61132664,4096
1625724914,441579084,61132672,4096
1625724914,441580158,61132680,4096
1625724914,441580158,61132688,4096
1625724914,441580158,61132696,4096
1625724914,441580158,61132704,4096
1625724914,441580158,61132712,4096
1625724914,441580158,61132720,4096
1625724914,441580158,61132728,4096
1625724914,441580158,61132736,4096
1625724914,441580158,61132744,4096
1625724914,441581231,61132752,4096
1625724914,441581231,61132760,4096
1625724914,442173803,61132768,4096
1625724914,442173803,61132776,4096
1625724914,442173803,61132784,4096
1625724914,442173803,61132792,4096
1625724914,442173803,61132800,4096
1625724914,442174877,61132808,4096
1625724914,442174877,61132816,4096
1625724914,442174877,61132824,4096
1625724914,442174877,61132832,4096
1625724914,442174877,61132840,4096
1625724914,442174877,61132848,4096
1625724914,442174877,61132856,4096
1625724914,442174877,61132864,4096
1625724914,442174877,61132872,4096
1625724914,442174877,61132880,4096
1625724914,442175950,61132888,4096
1625724914,443341771,61132896,4096
1625724914,443341771,61132904,4096
1625724914,443342845,61132912,4096
1625724914,443342845,61132920,4096
1625724914,443342845,61132928,4096
1625724914,443342845,61132936,4096
1625724914,443342845,61132944,4096
1625724914,443342845,61132952,4096
1625724914,443342845,61132960,4096
1625724914,443342845,61132968,4096
1625724914,443342845,61132976,4096
1625724914,443343918,61132984,4096
1625724914,443343918,61132992,4096
1625724914,443343918,61133000,4096
1625724914,443343918,61133008,4096
1625724914,443343918,61133016,4096
1625724914,443456636,61133024,4096
1625724914,443456636,61133032,4096
1625724914,443456636,61133040,4096
1625724914,443457709,61133048,4096
1625724914,443457709,61133056,4096
1625724914,443457709,61133064,4096
1625724914,443457709,61133072,4096
1625724914,443457709,61133080,4096
1625724914,443457709,61133088,4096
1625724914,443457709,61133096,4096
1625724914,443457709,61133104,4096
1625724914,443457709,61133112,4096
1625724914,443458783,61133120,4096
1625724914,443458783,61133128,4096
1625724914,443458783,61133136,4096
1625724914,443458783,61133144,4096
1625724914,448061951,61133152,4096
1625724914,448061951,61133160,4096
1625724914,448061951,61133168,4096
1625724914,448061951,61133176,4096
1625724914,448061951,61133184,4096
1625724914,448061951,61133192,4096
1625724914,448061951,61133200,4096
1625724914,448061951,61133208,4096
1625724914,448061951,61133216,4096
1625724914,448063024,61133224,4096
1625724914,448063024,61133232,4096
1625724914,448063024,61133240,4096
1625724914,448063024,61133248,4096
1625724914,448063024,61133256,4096
1625724914,448063024,61133264,4096
1625724914,448063024,61133272,4096
1625724914,448178962,61133280,4096
1625724914,448178962,61133288,4096
1625724914,448178962,61133296,4096
1625724914,448178962,61133304,4096
1625724914,448178962,61133312,4096
1625724914,448178962,61133320,4096
1625724914,448178962,61133328,4096
1625724914,448178962,61133336,4096
1625724914,448180036,61133344,4096
1625724914,448180036,61133352,4096
1625724914,448180036,61133360,4096
1625724914,448180036,61133368,4096
1625724914,448180036,61133376,4096
1625724914,448180036,61133384,4096
1625724914,448180036,61133392,4096
1625724914,448180036,61133400,4096
1625724914,452526637,61133408,4096
1625724914,452526637,61133416,4096
1625724914,452526637,61133424,4096
1625724914,452527711,61133432,4096
1625724914,452527711,61133440,4096
1625724914,452527711,61133448,4096
1625724914,452527711,61133456,4096
1625724914,452527711,61133464,4096
1625724914,452527711,61133472,4096
1625724914,452527711,61133480,4096
1625724914,452527711,61133488,4096
1625724914,452527711,61133496,4096
1625724914,452528784,61133504,4096
1625724914,452528784,61133512,4096
1625724914,452528784,61133520,4096
1625724914,452528784,61133528,4096
1625724914,452638281,61133536,4096
1625724914,452639355,61133544,4096
1625724914,452639355,61133552,4096
1625724914,452639355,61133560,4096
1625724914,452639355,61133568,4096
1625724914,452639355,61133576,4096
1625724914,452639355,61133584,4096
1625724914,452639355,61133592,4096
1625724914,452639355,61133600,4096
1625724914,452639355,61133608,4096
1625724914,452640428,61133616,4096
1625724914,452640428,61133624,4096
1625724914,452640428,61133632,4096
1625724914,452640428,61133640,4096
1625724914,452640428,61133648,4096
1625724914,452640428,61133656,4096
1625724914,457066469,61133664,4096
1625724914,457066469,61133672,4096
1625724914,457066469,61133680,4096
1625724914,457066469,61133688,4096
1625724914,457066469,61133696,4096
1625724914,457067542,61133704,4096
1625724914,457067542,61133712,4096
1625724914,457067542,61133720,4096
1625724914,457067542,61133728,4096
1625724914,457067542,61133736,4096
1625724914,457067542,61133744,4096
1625724914,457067542,61133752,4096
1625724914,457067542,61133760,4096
1625724914,457067542,61133768,4096
1625724914,457068616,61133776,4096
1625724914,457068616,61133784,4096
1625724914,457190995,61133792,4096
1625724914,457192068,61133800,4096
1625724914,457192068,61133808,4096
1625724914,457192068,61133816,4096
1625724914,457192068,61133824,4096
1625724914,457192068,61133832,4096
1625724914,457192068,61133840,4096
1625724914,457192068,61133848,4096
1625724914,457192068,61133856,4096
1625724914,457193142,61133864,4096
1625724914,457193142,61133872,4096
1625724914,457193142,61133880,4096
1625724914,457193142,61133888,4096
1625724914,457193142,61133896,4096
1625724914,457193142,61133904,4096
1625724914,457193142,61133912,4096
1625724914,461595565,61133920,4096
1625724914,461595565,61133928,4096
1625724914,461595565,61133936,4096
1625724914,461595565,61133944,4096
1625724914,461595565,61133952,4096
1625724914,461595565,61133960,4096
1625724914,461595565,61133968,4096
1625724914,461596639,61133976,4096
1625724914,461596639,61133984,4096
1625724914,461596639,61133992,4096
1625724914,461596639,61134000,4096
1625724914,461596639,61134008,4096
1625724914,461596639,61134016,4096
1625724914,461596639,61134024,4096
1625724914,461596639,61134032,4096
1625724914,461596639,61134040,4096
1625724914,461721165,61134048,4096
1625724914,461721165,61134056,4096
1625724914,461721165,61134064,4096
1625724914,461721165,61134072,4096
1625724914,461721165,61134080,4096
1625724914,461721165,61134088,4096
1625724914,461721165,61134096,4096
1625724914,461721165,61134104,4096
1625724914,461721165,61134112,4096
1625724914,461722238,61134120,4096
1625724914,461722238,61134128,4096
1625724914,461722238,61134136,4096
1625724914,461722238,61134144,4096
1625724914,461722238,61134152,4096
1625724914,461722238,61134160,4096
1625724914,461722238,61134168,4096
1625724914,466018385,61134176,4096
1625724914,466019459,61134184,4096
1625724914,466019459,61134192,4096
1625724914,466019459,61134200,4096
1625724914,466019459,61134208,4096
1625724914,466019459,61134216,4096
1625724914,466019459,61134224,4096
1625724914,466019459,61134232,4096
1625724914,466019459,61134240,4096
1625724914,466019459,61134248,4096
1625724914,466020532,61134256,4096
1625724914,466020532,61134264,4096
1625724914,466020532,61134272,4096
1625724914,466020532,61134280,4096
1625724914,466020532,61134288,4096
1625724914,466020532,61134296,4096
1625724914,466143985,61134304,4096
1625724914,466143985,61134312,4096
1625724914,466143985,61134320,4096
1625724914,466143985,61134328,4096
1625724914,466143985,61134336,4096
1625724914,466145058,61134344,4096
1625724914,466145058,61134352,4096
1625724914,466145058,61134360,4096
1625724914,466145058,61134368,4096
1625724914,466145058,61134376,4096
1625724914,466145058,61134384,4096
1625724914,466145058,61134392,4096
1625724914,466145058,61134400,4096
1625724914,466145058,61134408,4096
1625724914,466146132,61134416,4096
1625724914,466146132,61134424,4096
1625724914,470468043,61134432,4096
1625724914,470468043,61134440,4096
1625724914,470468043,61134448,4096
1625724914,470468043,61134456,4096
1625724914,470468043,61134464,4096
1625724914,470468043,61134472,4096
1625724914,470468043,61134480,4096
1625724914,470469116,61134488,4096
1625724914,470469116,61134496,4096
1625724914,470469116,61134504,4096
1625724914,470469116,61134512,4096
1625724914,470469116,61134520,4096
1625724914,470469116,61134528,4096
1625724914,470469116,61134536,4096
1625724914,470469116,61134544,4096
1625724914,470469116,61134552,4096
1625724914,470583981,61134560,4096
1625724914,470585054,61134568,4096
1625724914,470585054,61134576,4096
1625724914,470585054,61134584,4096
1625724914,470585054,61134592,4096
1625724914,470585054,61134600,4096
1625724914,470585054,61134608,4096
1625724914,470585054,61134616,4096
1625724914,470585054,61134624,4096
1625724914,470585054,61134632,4096
1625724914,470585054,61134640,4096
1625724914,470586128,61134648,4096
1625724914,470586128,61134656,4096
1625724914,470586128,61134664,4096
1625724914,470586128,61134672,4096
1625724914,470586128,61134680,4096
1625724914,475083019,61134688,4096
1625724914,475083019,61134696,4096
1625724914,475083019,61134704,4096
1625724914,475083019,61134712,4096
1625724914,475084093,61134720,4096
1625724914,475084093,61134728,4096
1625724914,475084093,61134736,4096
1625724914,475084093,61134744,4096
1625724914,475084093,61134752,4096
1625724914,475084093,61134760,4096
1625724914,475084093,61134768,4096
1625724914,475084093,61134776,4096
1625724914,475084093,61134784,4096
1625724914,475085166,61134792,4096
1625724914,475085166,61134800,4096
1625724914,475085166,61134808,4096
1625724914,475195737,61134816,4096
1625724914,475196810,61134824,4096
1625724914,475196810,61134832,4096
1625724914,475196810,61134840,4096
1625724914,475196810,61134848,4096
1625724914,475196810,61134856,4096
1625724914,475196810,61134864,4096
1625724914,475196810,61134872,4096
1625724914,475196810,61134880,4096
1625724914,475196810,61134888,4096
1625724914,475197884,61134896,4096
1625724914,475197884,61134904,4096
1625724914,475197884,61134912,4096
1625724914,475197884,61134920,4096
1625724914,475197884,61134928,4096
1625724914,475197884,61134936,4096
1625724914,479686187,61134944,4096
1625724914,479686187,61134952,4096
1625724914,479687261,61134960,4096
1625724914,479687261,61134968,4096
1625724914,479687261,61134976,4096
1625724914,479687261,61134984,4096
1625724914,479687261,61134992,4096
1625724914,479687261,61135000,4096
1625724914,479687261,61135008,4096
1625724914,479687261,61135016,4096
1625724914,479687261,61135024,4096
1625724914,479688334,61135032,4096
1625724914,479688334,61135040,4096
1625724914,479688334,61135048,4096
1625724914,479688334,61135056,4096
1625724914,479688334,61135064,4096
1625724914,479802125,61135072,4096
1625724914,479802125,61135080,4096
1625724914,479803199,61135088,4096
1625724914,479803199,61135096,4096
1625724914,479803199,61135104,4096
1625724914,479803199,61135112,4096
1625724914,479803199,61135120,4096
1625724914,479803199,61135128,4096
1625724914,479803199,61135136,4096
1625724914,479803199,61135144,4096
1625724914,479803199,61135152,4096
1625724914,479804272,61135160,4096
1625724914,479804272,61135168,4096
1625724914,479804272,61135176,4096
1625724914,479804272,61135184,4096
1625724914,479804272,61135192,4096
1625724914,484000584,61135200,4096
1625724914,484000584,61135208,4096
1625724914,484000584,61135216,4096
1625724914,484000584,61135224,4096
1625724914,484000584,61135232,4096
1625724914,484000584,61135240,4096
1625724914,484000584,61135248,4096
1625724914,484000584,61135256,4096
1625724914,484001657,61135264,4096
1625724914,484001657,61135272,4096
1625724914,484001657,61135280,4096
1625724914,484001657,61135288,4096
1625724914,484001657,61135296,4096
1625724914,484001657,61135304,4096
1625724914,484001657,61135312,4096
1625724914,484001657,61135320,4096
1625724914,484113301,61135328,4096
1625724914,484113301,61135336,4096
1625724914,484114375,61135344,4096
1625724914,484114375,61135352,4096
1625724914,484114375,61135360,4096
1625724914,484114375,61135368,4096
1625724914,484114375,61135376,4096
1625724914,484114375,61135384,4096
1625724914,484114375,61135392,4096
1625724914,484114375,61135400,4096
1625724914,484114375,61135408,4096
1625724914,484115448,61135416,4096
1625724914,484115448,61135424,4096
1625724914,484115448,61135432,4096
1625724914,484115448,61135440,4096
1625724914,484115448,61135448,4096
1625724914,497777883,61135456,4096
1625724914,497778956,61135464,4096
1625724914,497778956,61135472,4096
1625724914,497778956,61135480,4096
1625724914,497778956,61135488,4096
1625724914,497778956,61135496,4096
1625724914,497778956,61135504,4096
1625724914,497778956,61135512,4096
1625724914,497778956,61135520,4096
1625724914,497778956,61135528,4096
1625724914,497780030,61135536,4096
1625724914,497780030,61135544,4096
1625724914,497780030,61135552,4096
1625724914,497780030,61135560,4096
1625724914,497780030,61135568,4096
1625724914,497780030,61135576,4096
1625724914,497897041,61135584,4096
1625724914,497897041,61135592,4096
1625724914,497897041,61135600,4096
1625724914,497897041,61135608,4096
1625724914,497897041,61135616,4096
1625724914,497898115,61135624,4096
1625724914,497898115,61135632,4096
1625724914,497898115,61135640,4096
1625724914,497898115,61135648,4096
1625724914,497898115,61135656,4096
1625724914,497898115,61135664,4096
1625724914,497898115,61135672,4096
1625724914,497898115,61135680,4096
1625724914,497899188,61135688,4096
1625724914,497899188,61135696,4096
1625724914,497899188,61135704,4096
1625724914,502334890,61135712,4096
1625724914,502334890,61135720,4096
1625724914,502334890,61135728,4096
1625724914,502334890,61135736,4096
1625724914,502334890,61135744,4096
1625724914,502334890,61135752,4096
1625724914,502334890,61135760,4096
1625724914,502334890,61135768,4096
1625724914,502334890,61135776,4096
1625724914,502335964,61135784,4096
1625724914,502335964,61135792,4096
1625724914,502335964,61135800,4096
1625724914,502335964,61135808,4096
1625724914,502335964,61135816,4096
1625724914,502335964,61135824,4096
1625724914,502335964,61135832,4096
1625724914,502448681,61135840,4096
1625724914,502448681,61135848,4096
1625724914,502448681,61135856,4096
1625724914,502448681,61135864,4096
1625724914,502448681,61135872,4096
1625724914,502448681,61135880,4096
1625724914,502449755,61135888,4096
1625724914,502449755,61135896,4096
1625724914,502449755,61135904,4096
1625724914,502449755,61135912,4096
1625724914,502449755,61135920,4096
1625724914,502449755,61135928,4096
1625724914,502449755,61135936,4096
1625724914,502449755,61135944,4096
1625724914,502449755,61135952,4096
1625724914,502450828,61135960,4096
1625724914,506796356,61135968,4096
1625724914,506797430,61135976,4096
1625724914,506797430,61135984,4096
1625724914,506797430,61135992,4096
1625724914,506797430,61136000,4096
1625724914,506797430,61136008,4096
1625724914,506797430,61136016,4096
1625724914,506797430,61136024,4096
1625724914,506797430,61136032,4096
1625724914,506798503,61136040,4096
1625724914,506798503,61136048,4096
1625724914,506798503,61136056,3584
1625724914,506905853,61136063,4096
1625724914,506906927,61136071,4096
1625724914,506906927,61136079,4096
1625724914,506906927,61136087,4096
1625724914,506906927,61136095,4096
1625724914,506906927,61136103,4096
1625724914,506906927,61136111,4096
1625724914,506906927,61136119,4096
1625724914,506906927,61136127,4096
1625724914,506906927,61136135,4096
1625724914,506908000,61136143,4096
1625724914,506908000,61136151,3584
1625724914,52739135,1076320,4096
1625724914,52739135,1076328,4096
1625724914,52739135,1076336,1024
1625724915,19408820,6810856,4096
1625724915,267694341,68856384,4096
1625724915,267694341,68856392,4096
1625724915,267694341,68856400,4096
1625724915,267694341,68856408,4096
1625724915,267694341,68856416,4096
1625724915,267694341,68856424,4096
1625724915,267695415,68856432,4096
1625724915,267695415,68856440,4096
1625724915,273265806,27662144,4096
1625724915,273265806,27662152,4096
1625724915,273266880,27662160,4096
1625724915,273266880,27662168,4096
1625724915,273266880,27662176,4096
1625724915,273266880,27662184,4096
1625724915,273266880,27662192,4096
1625724915,273266880,27662200,4096
1625724915,273266880,27662208,4096
1625724915,273266880,27662216,4096
1625724915,273266880,27662224,4096
1625724915,273267953,27662232,4096
1625724915,273267953,27662240,4096
1625724915,273267953,27662248,4096
1625724915,273267953,27662256,4096
1625724915,273267953,27662264,4096
1625724915,273267953,27662272,4096
1625724915,273267953,27662280,4096
1625724915,273267953,27662288,3072
1625724915,273459036,27662294,4096
1625724915,273459036,27662302,4096
1625724915,273460110,27662310,4096
1625724915,273460110,27662318,4096
1625724915,273460110,27662326,4096
1625724915,273460110,27662334,4096
1625724915,273460110,27662342,4096
1625724915,273460110,27662350,4096
1625724915,273460110,27662358,4096
1625724915,273460110,27662366,4096
1625724915,273460110,27662374,4096
1625724915,273461183,27662382,4096
1625724915,273461183,27662390,4096
1625724915,273461183,27662398,4096
1625724915,273461183,27662406,4096
1625724915,273461183,27662414,4096
1625724915,273461183,27662422,4096
1625724915,273461183,27662430,4096
1625724915,273461183,27662438,3072
1625724915,273608253,27662444,4096
1625724915,273608253,27662452,4096
1625724915,273608253,27662460,4096
1625724915,273608253,27662468,4096
1625724915,273609326,27662476,4096
1625724915,273609326,27662484,4096
1625724915,273609326,27662492,4096
1625724915,273609326,27662500,4096
1625724915,273609326,27662508,4096
1625724915,273609326,27662516,4096
1625724915,273609326,27662524,4096
1625724915,273609326,27662532,4096
1625724915,273609326,27662540,4096
1625724915,273610400,27662548,4096
1625724915,273610400,27662556,4096
1625724915,273610400,27662564,4096
1625724915,273610400,27662572,4096
1625724915,273610400,27662580,4096
1625724915,273610400,27662588,2048
1625724915,273898098,45342560,4096
1625724915,273898098,45342568,4096
1625724915,273898098,45342576,4096
1625724915,273898098,45342584,4096
1625724915,273898098,45342592,4096
1625724915,273898098,45342600,4096
1625724915,273898098,45342608,4096
1625724915,273898098,45342616,4096
1625724915,273898098,45342624,4096
1625724915,273899171,45342632,4096
1625724915,273899171,45342640,4096
1625724915,273899171,45342648,4096
1625724915,273899171,45342656,4096
1625724915,273899171,45342664,4096
1625724915,273899171,45342672,4096
1625724915,273899171,45342680,4096
1625724915,273899171,45342688,4096
1625724915,273899171,45342696,4096
1625724915,273900245,45342704,4096
1625724915,273900245,45342712,4096
1625724915,273900245,45342720,4096
1625724915,273900245,45342728,4096
1625724915,274048388,45342736,4096
1625724915,274048388,45342744,4096
1625724915,274048388,45342752,4096
1625724915,274048388,45342760,4096
1625724915,274048388,45342768,4096
1625724915,274049461,45342776,4096
1625724915,274049461,45342784,4096
1625724915,274049461,45342792,4096
1625724915,274049461,45342800,4096
1625724915,274049461,45342808,4096
1625724915,274049461,45342816,4096
1625724915,274049461,45342824,4096
1625724915,274049461,45342832,4096
1625724915,274049461,45342840,4096
1625724915,274050535,45342848,4096
1625724915,274050535,45342856,4096
1625724915,274050535,45342864,4096
1625724915,274050535,45342872,4096
1625724915,274050535,45342880,4096
1625724915,274050535,45342888,4096
1625724915,274050535,45342896,4096
1625724915,274050535,45342904,4096
1625724915,275120814,45342976,4096
1625724915,275121888,45342984,4096
1625724915,275121888,45342992,4096
1625724915,275121888,45343000,4096
1625724915,275121888,45343008,4096
1625724915,275121888,45343016,4096
1625724915,275121888,45343024,4096
1625724915,275121888,45343032,4096
1625724915,275121888,45343040,4096
1625724915,275121888,45343048,4096
1625724915,275122961,45343056,4096
1625724915,275122961,45343064,4096
1625724915,281972965,13535808,4096
1625724915,281972965,13535816,4096
1625724915,281974038,13535824,4096
1625724915,281974038,13535832,4096
1625724915,281974038,13535840,4096
1625724915,281974038,13535848,4096
1625724915,281974038,13535856,4096
1625724915,281974038,13535864,4096
1625724915,281974038,13535872,4096
1625724915,281974038,13535880,4096
1625724915,281974038,13535888,4096
1625724915,281975112,13535896,4096
1625724915,281975112,13535904,4096
1625724915,281975112,13535912,4096
1625724915,281975112,13535920,4096
1625724915,281975112,13535928,4096
1625724915,289487465,13536000,4096
1625724915,289487465,13536008,4096
1625724915,289487465,13536016,4096
1625724915,289487465,13536024,4096
1625724915,289488538,13536032,4096
1625724915,289488538,13536040,4096
1625724915,289488538,13536048,4096
1625724915,289488538,13536056,4096
1625724915,289488538,13536064,4096
1625724915,289488538,13536072,4096
1625724915,289488538,13536080,4096
1625724915,289488538,13536088,4096
1625724915,289488538,13536096,4096
1625724915,289489612,13536104,4096
1625724915,289489612,13536112,4096
1625724915,289489612,13536120,4096
1625724915,289489612,13536128,4096
1625724915,289489612,13536136,1536
1625724915,289624873,13536139,4096
1625724915,289624873,13536147,4096
1625724915,289625946,13536155,4096
1625724915,289625946,13536163,4096
1625724915,289625946,13536171,4096
1625724915,289625946,13536179,4096
1625724915,289625946,13536187,4096
1625724915,289625946,13536195,4096
1625724915,289625946,13536203,4096
1625724915,289625946,13536211,4096
1625724915,289625946,13536219,4096
1625724915,289627020,13536227,4096
1625724915,289627020,13536235,4096
1625724915,289627020,13536243,4096
1625724915,289627020,13536251,4096
1625724915,289627020,13536259,4096
1625724915,289627020,13536267,4096
1625724915,289627020,13536275,1536
1625724915,289761207,13536278,4096
1625724915,289761207,13536286,4096
1625724915,289761207,13536294,4096
1625724915,289761207,13536302,4096
1625724915,289761207,13536310,4096
1625724915,289761207,13536318,4096
1625724915,289761207,13536326,4096
1625724915,289761207,13536334,4096
1625724915,289761207,13536342,4096
1625724915,289762281,13536350,4096
1625724915,289762281,13536358,4096
1625724915,289762281,13536366,4096
1625724915,289762281,13536374,4096
1625724915,289762281,13536382,4096
1625724915,289762281,13536390,4096
1625724915,289762281,13536398,4096
1625724915,289762281,13536406,4096
1625724915,289763354,13536414,1024
1625724916,400403345,48936144,4096
1625724916,401039931,61421760,4096
1625724916,401039931,61421768,4096
1625724916,401041004,61421776,4096
1625724916,401041004,61421784,4096
1625724916,402098402,61421792,4096
1625724916,402099475,61421800,4096
1625724916,402099475,61421808,4096
1625724916,402099475,61421816,4096
1625724916,402275529,61421824,4096
1625724916,402276603,61421832,4096
1625724916,402276603,61421840,4096
1625724916,402276603,61421848,4096
1625724916,402276603,61421856,4096
1625724916,402276603,61421864,4096
1625724916,402276603,61421872,4096
1625724916,402276603,61421880,4096
1625724916,402276603,61421888,4096
1625724916,402276603,61421896,4096
1625724916,402277676,61421904,4096
1625724916,402277676,61421912,4096
1625724916,402763972,61421920,4096
1625724916,402763972,61421928,4096
1625724916,402763972,61421936,4096
1625724916,402763972,61421944,4096
1625724916,402765045,61421952,4096
1625724916,402765045,61421960,4096
1625724916,402765045,61421968,4096
1625724916,402765045,61421976,4096
1625724916,402765045,61421984,4096
1625724916,402765045,61421992,4096
1625724916,402765045,61422000,4096
1625724916,402765045,61422008,4096
1625724916,403893294,61422016,4096
1625724916,403893294,61422024,4096
1625724916,403893294,61422032,4096
1625724916,403893294,61422040,4096
1625724916,403893294,61422048,4096
1625724916,403893294,61422056,4096
1625724916,403893294,61422064,4096
1625724916,403893294,61422072,4096
1625724916,403893294,61422080,4096
1625724916,403894367,61422088,4096
1625724916,403894367,61422096,4096
1625724916,403894367,61422104,4096
1625724916,403894367,61422112,4096
1625724916,403894367,61422120,4096
1625724916,403894367,61422128,4096
1625724916,403894367,61422136,4096
1625724916,404018893,61422144,4096
1625724916,404018893,61422152,4096
1625724916,404018893,61422160,4096
1625724916,404018893,61422168,4096
1625724916,404018893,61422176,4096
1625724916,404018893,61422184,4096
1625724916,404019967,61422192,4096
1625724916,404019967,61422200,4096
1625724916,404019967,61422208,4096
1625724916,404019967,61422216,4096
1625724916,404019967,61422224,4096
1625724916,404019967,61422232,4096
1625724916,404019967,61422240,4096
1625724916,404019967,61422248,4096
1625724916,404019967,61422256,4096
1625724916,404021040,61422264,4096
1625724916,408170118,61422272,4096
1625724916,408170118,61422280,4096
1625724916,408170118,61422288,4096
1625724916,408170118,61422296,4096
1625724916,408170118,61422304,4096
1625724916,408171191,61422312,4096
1625724916,408171191,61422320,4096
1625724916,408171191,61422328,4096
1625724916,408171191,61422336,4096
1625724916,408171191,61422344,4096
1625724916,408171191,61422352,4096
1625724916,408171191,61422360,4096
1625724916,408171191,61422368,4096
1625724916,408171191,61422376,4096
1625724916,408172265,61422384,4096
1625724916,408172265,61422392,4096
1625724916,408284982,61422400,4096
1625724916,408284982,61422408,4096
1625724916,408284982,61422416,4096
1625724916,408284982,61422424,4096
1625724916,408284982,61422432,4096
1625724916,408286056,61422440,4096
1625724916,408286056,61422448,4096
1625724916,408286056,61422456,4096
1625724916,408286056,61422464,4096
1625724916,408286056,61422472,4096
1625724916,408286056,61422480,4096
1625724916,408286056,61422488,4096
1625724916,408286056,61422496,4096
1625724916,408287129,61422504,4096
1625724916,408287129,61422512,4096
1625724916,408287129,61422520,4096
1625724916,413068498,61422528,4096
1625724916,413068498,61422536,4096
1625724916,413068498,61422544,4096
1625724916,413068498,61422552,4096
1625724916,413069572,61422560,4096
1625724916,413069572,61422568,4096
1625724916,413069572,61422576,4096
1625724916,413069572,61422584,4096
1625724916,413069572,61422592,4096
1625724916,413069572,61422600,4096
1625724916,413069572,61422608,4096
1625724916,413069572,61422616,4096
1625724916,413069572,61422624,4096
1625724916,413070645,61422632,4096
1625724916,413070645,61422640,4096
1625724916,413070645,61422648,4096
1625724916,413205906,61422656,4096
1625724916,413205906,61422664,4096
1625724916,413205906,61422672,4096
1625724916,413205906,61422680,4096
1625724916,413205906,61422688,4096
1625724916,413205906,61422696,4096
1625724916,413205906,61422704,4096
1625724916,413205906,61422712,4096
1625724916,413205906,61422720,4096
1625724916,413206980,61422728,4096
1625724916,413206980,61422736,4096
1625724916,413206980,61422744,4096
1625724916,413206980,61422752,4096
1625724916,413206980,61422760,4096
1625724916,413206980,61422768,4096
1625724916,413206980,61422776,4096
1625724916,417206841,61422784,4096
1625724916,417207914,61422792,4096
1625724916,417207914,61422800,4096
1625724916,417207914,61422808,4096
1625724916,417207914,61422816,4096
1625724916,417207914,61422824,4096
1625724916,417207914,61422832,4096
1625724916,417208988,61422840,4096
1625724916,417208988,61422848,4096
1625724916,417208988,61422856,4096
1625724916,417208988,61422864,4096
1625724916,417208988,61422872,4096
1625724916,417208988,61422880,4096
1625724916,417208988,61422888,4096
1625724916,417208988,61422896,4096
1625724916,417208988,61422904,4096
1625724916,417328146,61422912,4096
1625724916,417328146,61422920,4096
1625724916,417328146,61422928,4096
1625724916,417328146,61422936,4096
1625724916,417328146,61422944,4096
1625724916,417328146,61422952,4096
1625724916,417328146,61422960,4096
1625724916,417329220,61422968,4096
1625724916,417329220,61422976,4096
1625724916,417329220,61422984,4096
1625724916,417329220,61422992,4096
1625724916,417329220,61423000,4096
1625724916,417329220,61423008,4096
1625724916,417329220,61423016,4096
1625724916,417329220,61423024,4096
1625724916,417329220,61423032,4096
1625724916,422053693,61423040,4096
1625724916,422053693,61423048,4096
1625724916,422054767,61423056,4096
1625724916,422054767,61423064,4096
1625724916,422054767,61423072,4096
1625724916,422054767,61423080,4096
1625724916,422054767,61423088,4096
1625724916,422054767,61423096,4096
1625724916,422054767,61423104,4096
1625724916,422054767,61423112,4096
1625724916,422054767,61423120,4096
1625724916,422055840,61423128,4096
1625724916,422055840,61423136,4096
1625724916,422055840,61423144,4096
1625724916,422055840,61423152,4096
1625724916,422055840,61423160,4096
1625724916,422167484,61423168,4096
1625724916,422168558,61423176,4096
1625724916,422168558,61423184,4096
1625724916,422168558,61423192,4096
1625724916,422168558,61423200,4096
1625724916,422168558,61423208,4096
1625724916,422168558,61423216,4096
1625724916,422168558,61423224,4096
1625724916,422168558,61423232,4096
1625724916,422168558,61423240,4096
1625724916,422169631,61423248,4096
1625724916,422169631,61423256,4096
1625724916,422169631,61423264,4096
1625724916,422169631,61423272,4096
1625724916,422169631,61423280,4096
1625724916,422169631,61423288,4096
1625724916,426558099,61423296,4096
1625724916,426558099,61423304,4096
1625724916,426558099,61423312,4096
1625724916,426558099,61423320,4096
1625724916,426558099,61423328,4096
1625724916,426558099,61423336,4096
1625724916,426559173,61423344,4096
1625724916,426559173,61423352,4096
1625724916,426559173,61423360,4096
1625724916,426559173,61423368,4096
1625724916,426559173,61423376,4096
1625724916,426559173,61423384,4096
1625724916,426559173,61423392,4096
1625724916,426559173,61423400,4096
1625724916,426559173,61423408,4096
1625724916,426560246,61423416,4096
1625724916,426674037,61423424,4096
1625724916,426674037,61423432,4096
1625724916,426674037,61423440,4096
1625724916,426674037,61423448,4096
1625724916,426674037,61423456,4096
1625724916,426674037,61423464,4096
1625724916,426674037,61423472,4096
1625724916,426675111,61423480,4096
1625724916,426675111,61423488,4096
1625724916,426675111,61423496,4096
1625724916,426675111,61423504,4096
1625724916,426675111,61423512,4096
1625724916,426675111,61423520,4096
1625724916,426675111,61423528,4096
1625724916,426675111,61423536,4096
1625724916,426675111,61423544,4096
1625724916,431056064,61423552,4096
1625724916,431056064,61423560,4096
1625724916,431056064,61423568,4096
1625724916,431056064,61423576,4096
1625724916,431056064,61423584,4096
1625724916,431056064,61423592,4096
1625724916,431056064,61423600,4096
1625724916,431056064,61423608,4096
1625724916,431056064,61423616,4096
1625724916,431057138,61423624,4096
1625724916,431057138,61423632,4096
1625724916,431057138,61423640,4096
1625724916,431057138,61423648,4096
1625724916,431057138,61423656,4096
1625724916,431057138,61423664,4096
1625724916,431057138,61423672,4096
1625724916,431169855,61423680,4096
1625724916,431169855,61423688,4096
1625724916,431169855,61423696,4096
1625724916,431169855,61423704,4096
1625724916,431169855,61423712,4096
1625724916,431169855,61423720,4096
1625724916,431170929,61423728,4096
1625724916,431170929,61423736,4096
1625724916,431170929,61423744,4096
1625724916,431170929,61423752,4096
1625724916,431170929,61423760,4096
1625724916,431170929,61423768,4096
1625724916,431170929,61423776,4096
1625724916,431170929,61423784,4096
1625724916,431170929,61423792,4096
1625724916,431172002,61423800,4096
1625724916,435546515,61423936,4096
1625724916,435546515,61423944,4096
1625724916,435546515,61423952,4096
1625724916,435546515,61423960,4096
1625724916,435546515,61423968,4096
1625724916,435547588,61423976,4096
1625724916,435547588,61423984,4096
1625724916,435547588,61423992,4096
1625724916,435547588,61424000,4096
1625724916,435547588,61424008,4096
1625724916,435547588,61424016,4096
1625724916,435547588,61424024,4096
1625724916,435547588,61424032,4096
1625724916,435547588,61424040,4096
1625724916,435548662,61424048,4096
1625724916,435548662,61424056,4096
1625724916,435662453,61423808,4096
1625724916,435662453,61423816,4096
1625724916,435662453,61423824,4096
1625724916,435662453,61423832,4096
1625724916,435662453,61423840,4096
1625724916,435663526,61423848,4096
1625724916,435663526,61423856,4096
1625724916,435663526,61423864,4096
1625724916,435663526,61423872,4096
1625724916,435663526,61423880,4096
1625724916,435663526,61423888,4096
1625724916,435663526,61423896,4096
1625724916,435663526,61423904,4096
1625724916,435663526,61423912,4096
1625724916,435664600,61423920,4096
1625724916,435664600,61423928,4096
1625724916,440160418,61424064,4096
1625724916,440160418,61424072,4096
1625724916,440160418,61424080,4096
1625724916,440160418,61424088,4096
1625724916,440161491,61424096,4096
1625724916,440161491,61424104,4096
1625724916,440161491,61424112,4096
1625724916,440161491,61424120,4096
1625724916,440161491,61424128,4096
1625724916,440161491,61424136,4096
1625724916,440161491,61424144,4096
1625724916,440161491,61424152,4096
1625724916,440161491,61424160,4096
1625724916,440162565,61424168,4096
1625724916,440162565,61424176,4096
1625724916,440162565,61424184,4096
1625724916,440274209,61424192,4096
1625724916,440274209,61424200,4096
1625724916,440274209,61424208,4096
1625724916,440274209,61424216,4096
1625724916,440275282,61424224,4096
1625724916,440275282,61424232,4096
1625724916,440275282,61424240,4096
1625724916,440275282,61424248,4096
1625724916,440275282,61424256,4096
1625724916,440275282,61424264,4096
1625724916,440275282,61424272,4096
1625724916,440275282,61424280,4096
1625724916,440275282,61424288,4096
1625724916,440276356,61424296,4096
1625724916,440276356,61424304,4096
1625724916,440276356,61424312,4096
1625724916,444885965,61424320,4096
1625724916,444887038,61424328,4096
1625724916,444887038,61424336,4096
1625724916,444887038,61424344,4096
1625724916,444887038,61424352,4096
1625724916,444887038,61424360,4096
1625724916,444887038,61424368,4096
1625724916,444887038,61424376,4096
1625724916,444887038,61424384,4096
1625724916,444888112,61424392,4096
1625724916,444888112,61424400,4096
1625724916,444888112,61424408,4096
1625724916,444888112,61424416,4096
1625724916,444888112,61424424,4096
1625724916,444888112,61424432,4096
1625724916,444888112,61424440,4096
1625724916,445001903,61424448,4096
1625724916,445002976,61424456,4096
1625724916,445002976,61424464,4096
1625724916,445002976,61424472,4096
1625724916,445002976,61424480,4096
1625724916,445002976,61424488,4096
1625724916,445002976,61424496,4096
1625724916,445002976,61424504,4096
1625724916,445002976,61424512,4096
1625724916,445002976,61424520,4096
1625724916,445004050,61424528,4096
1625724916,445004050,61424536,4096
1625724916,445004050,61424544,4096
1625724916,445004050,61424552,4096
1625724916,445004050,61424560,4096
1625724916,445004050,61424568,4096
1625724916,449159568,61424576,4096
1625724916,449160642,61424584,4096
1625724916,449160642,61424592,4096
1625724916,449160642,61424600,4096
1625724916,449160642,61424608,4096
1625724916,449160642,61424616,4096
1625724916,449160642,61424624,4096
1625724916,449160642,61424632,4096
1625724916,449160642,61424640,4096
1625724916,449160642,61424648,4096
1625724916,449161715,61424656,4096
1625724916,449161715,61424664,4096
1625724916,449161715,61424672,4096
1625724916,449161715,61424680,4096
1625724916,449161715,61424688,4096
1625724916,449161715,61424696,4096
1625724916,449275506,61424704,4096
1625724916,449275506,61424712,4096
1625724916,449276580,61424720,4096
1625724916,449276580,61424728,4096
1625724916,449276580,61424736,4096
1625724916,449276580,61424744,4096
1625724916,449276580,61424752,4096
1625724916,449276580,61424760,4096
1625724916,449276580,61424768,4096
1625724916,449276580,61424776,4096
1625724916,449276580,61424784,4096
1625724916,449277653,61424792,4096
1625724916,449277653,61424800,4096
1625724916,449277653,61424808,4096
1625724916,449277653,61424816,4096
1625724916,449277653,61424824,4096
1625724916,453698326,61424832,4096
1625724916,453698326,61424840,4096
1625724916,453698326,61424848,4096
1625724916,453698326,61424856,4096
1625724916,453699400,61424864,4096
1625724916,453699400,61424872,4096
1625724916,453699400,61424880,4096
1625724916,453699400,61424888,4096
1625724916,453699400,61424896,4096
1625724916,453699400,61424904,4096
1625724916,453699400,61424912,4096
1625724916,453699400,61424920,4096
1625724916,453699400,61424928,4096
1625724916,453700473,61424936,4096
1625724916,453700473,61424944,4096
1625724916,453700473,61424952,4096
1625724916,453803529,61424960,4096
1625724916,453803529,61424968,4096
1625724916,453803529,61424976,4096
1625724916,453803529,61424984,4096
1625724916,453803529,61424992,4096
1625724916,453803529,61425000,4096
1625724916,453804603,61425008,4096
1625724916,453804603,61425016,4096
1625724916,453804603,61425024,4096
1625724916,453804603,61425032,4096
1625724916,453804603,61425040,4096
1625724916,453804603,61425048,4096
1625724916,453804603,61425056,4096
1625724916,453804603,61425064,4096
1625724916,453804603,61425072,4096
1625724916,453805676,61425080,4096
1625724916,457779773,61425088,4096
1625724916,457779773,61425096,4096
1625724916,457779773,61425104,4096
1625724916,457779773,61425112,4096
1625724916,457779773,61425120,4096
1625724916,457779773,61425128,4096
1625724916,457780847,61425136,4096
1625724916,457780847,61425144,4096
1625724916,457780847,61425152,4096
1625724916,457780847,61425160,4096
1625724916,457780847,61425168,4096
1625724916,457780847,61425176,4096
1625724916,457780847,61425184,4096
1625724916,457780847,61425192,4096
1625724916,457780847,61425200,4096
1625724916,457781920,61425208,4096
1625724916,457881756,61425216,4096
1625724916,457881756,61425224,4096
1625724916,457881756,61425232,4096
1625724916,457882829,61425240,4096
1625724916,457882829,61425248,4096
1625724916,457882829,61425256,4096
1625724916,457882829,61425264,4096
1625724916,457882829,61425272,4096
1625724916,457882829,61425280,4096
1625724916,457882829,61425288,4096
1625724916,457882829,61425296,4096
1625724916,457882829,61425304,4096
1625724916,457883903,61425312,4096
1625724916,457883903,61425320,4096
1625724916,457883903,61425328,4096
1625724916,457883903,61425336,4096
1625724916,461852632,61425344,4096
1625724916,461852632,61425352,4096
1625724916,461852632,61425360,4096
1625724916,461852632,61425368,4096
1625724916,461852632,61425376,4096
1625724916,461852632,61425384,4096
1625724916,461852632,61425392,4096
1625724916,461852632,61425400,4096
1625724916,461852632,61425408,4096
1625724916,461853706,61425416,4096
1625724916,461853706,61425424,4096
1625724916,461853706,61425432,4096
1625724916,461853706,61425440,4096
1625724916,461853706,61425448,4096
1625724916,461853706,61425456,4096
1625724916,461853706,61425464,4096
1625724916,461976085,61425472,4096
1625724916,461976085,61425480,4096
1625724916,461976085,61425488,4096
1625724916,461977158,61425496,4096
1625724916,461977158,61425504,4096
1625724916,461977158,61425512,4096
1625724916,461977158,61425520,4096
1625724916,461977158,61425528,4096
1625724916,461977158,61425536,4096
1625724916,461977158,61425544,4096
1625724916,461977158,61425552,4096
1625724916,461977158,61425560,4096
1625724916,461978232,61425568,4096
1625724916,461978232,61425576,4096
1625724916,461978232,61425584,4096
1625724916,461978232,61425592,4096
1625724916,465963064,61425600,4096
1625724916,465964137,61425608,4096
1625724916,465964137,61425616,4096
1625724916,465964137,61425624,4096
1625724916,465964137,61425632,4096
1625724916,465964137,61425640,4096
1625724916,465964137,61425648,4096
1625724916,465964137,61425656,4096
1625724916,465964137,61425664,4096
1625724916,465965211,61425672,4096
1625724916,465965211,61425680,4096
1625724916,466028547,61425688,4096
1625724916,466029621,61425696,4096
1625724916,466029621,61425704,4096
1625724916,466029621,61425712,4096
1625724916,466029621,61425720,4096
1625724916,466029621,61425728,4096
1625724916,466029621,61425736,4096
1625724916,466029621,61425744,4096
1625724916,466029621,61425752,4096
1625724916,466030694,61425760,4096
1625724916,466030694,61425768,3584
1625724917,265720675,6660736,4096
1625724917,265720675,6660744,4096
1625724917,265720675,6660752,4096
1625724917,265720675,6660760,4096
1625724917,276609186,68776352,4096
1625724917,276609186,68776360,4096
1625724917,276609186,68776368,4096
1625724917,276609186,68776376,4096
1625724917,276610259,68776384,4096
1625724917,276610259,68776392,4096
1625724917,276610259,68776400,4096
1625724917,276610259,68776408,4096
1625724917,277080452,932544,4096
1625724917,277081526,932552,4096
1625724917,277081526,932560,4096
1625724917,277081526,932568,4096
1625724917,277081526,932576,4096
1625724917,277081526,932584,4096
1625724917,277081526,932592,4096
1625724917,277081526,932600,4096
1625724917,277082599,932608,4096
1625724917,277082599,932616,4096
1625724917,277082599,932624,4096
1625724917,277082599,932632,4096
1625724917,277082599,932640,4096
1625724917,277082599,932648,4096
1625724917,277082599,932656,4096
1625724917,277082599,932664,4096
1625724917,277082599,932672,4096
1625724917,277083673,932680,4096
1625724917,277083673,932688,4096
1625724917,277083673,932696,4096
1625724917,277083673,932704,4096
1625724917,277083673,932712,4096
1625724917,277083673,932720,4096
1625724917,277083673,932728,4096
1625724917,277321990,932736,4096
1625724917,277321990,932744,4096
1625724917,277321990,932752,4096
1625724917,277321990,932760,4096
1625724917,277321990,932768,4096
1625724917,277321990,932776,4096
1625724917,277321990,932784,4096
1625724917,277321990,932792,4096
1625724917,277323063,932800,4096
1625724917,277323063,932808,4096
1625724917,277323063,932816,4096
1625724917,277323063,932824,4096
1625724917,277323063,932832,4096
1625724917,277323063,932840,4096
1625724917,277323063,932848,4096
1625724917,277323063,932856,4096
1625724917,277323063,932864,4096
1625724917,277324137,932872,4096
1625724917,277324137,932880,4096
1625724917,277324137,932888,4096
1625724917,277324137,932896,4096
1625724917,277324137,932904,4096
1625724917,277324137,932912,4096
1625724917,277324137,932920,4096
1625724917,283838135,3255096,4096
1625724917,283838135,3255104,4096
1625724917,284695861,3256312,4096
1625724917,284695861,3256320,4096
1625724917,285431209,3257464,4096
1625724917,285432282,3257472,4096
1625724917,286297523,3540624,4096
1625724917,286298597,3540632,4096
1625724917,286813877,3194874,4096
1625724917,287540636,3195411,4096
1625724917,287540636,3195419,4096
1625724917,287590017,3536864,4096
1625724917,287591091,3536872,4096
1625724917,289556669,3517168,4096
1625724917,289557743,3517176,4096
1625724917,290140653,3516368,4096
1625724917,290140653,3516376,4096
1625724917,290630169,3512640,4096
1625724917,290630169,3512648,4096
1625724917,290818032,3249379,4096
1625724917,290819105,3249387,4096
1625724917,290819105,3249395,4096
1625724917,290819105,3249403,4096
1625724917,291399869,3513152,4096
1625724917,291400942,3513160,4096
1625724917,291967750,3518336,4096
1625724917,291967750,3518344,4096
1625724917,292544220,3546368,4096
1625724917,292544220,3546376,4096
1625724917,293059500,3545408,4096
1625724917,293059500,3545416,4096
1625724917,293565118,3512288,4096
1625724917,293565118,3512296,4096
1625724917,294071810,3536768,4096
1625724917,294071810,3536776,4096
1625724917,294949933,3516256,4096
1625724917,294949933,3516264,4096
1625724917,295478095,3544784,4096
1625724917,295478095,3544792,4096
1625724917,295998743,3534224,4096
1625724917,295999816,3534232,4096
1625724917,296704032,3529744,4096
1625724917,296704032,3529752,4096
1625724917,297297678,3517872,4096
1625724917,297297678,3517880,4096
1625724917,297865559,3530864,4096
1625724917,297865559,3530872,4096
1625724917,298264901,3516336,4096
1625724917,298264901,3516344,4096
1625724917,298793063,3514640,4096
1625724917,298794137,3514648,4096
1625724917,299353430,3514592,4096
1625724917,299353430,3514600,4096
1625724917,299922385,3515312,4096
1625724917,299922385,3515320,4096
1625724917,300508516,3514992,4096
1625724917,300508516,3515000,4096
1625724917,300979783,3514256,4096
1625724917,300979783,3514264,4096
1625724917,301472519,3536672,4096
1625724917,301472519,3536680,4096
1625724917,302006049,3513184,4096
1625724917,302006049,3513192,4096
1625724917,302402170,3514960,4096
1625724917,302403244,3514968,4096
1625724917,302936773,3549376,4096
1625724917,302936773,3549384,4096
1625724917,304260399,3512432,4096
1625724917,304260399,3512440,4096
1625724917,305176094,3516288,4096
1625724917,305177168,3516296,4096
1625724917,305793357,3536496,4096
1625724917,305793357,3536504,4096
1625724917,306404178,3534800,4096
1625724917,306405252,3534808,4096
1625724917,306995677,3513520,4096
1625724917,306995677,3513528,4096
1625724917,309377773,3513216,4096
1625724917,309377773,3513224,4096
1625724917,310122782,3258440,4096
1625724917,310123856,3258448,4096
1625724917,310817337,3512400,4096
1625724917,310817337,3512408,4096
1625724917,311556978,3533424,4096
1625724917,311556978,3533432,4096
1625724917,312233283,3258872,4096
1625724917,312233283,3258880,4096
1625724917,312879530,3255736,4096
1625724917,312880604,3255744,4096
1625724917,313522557,3258936,4096
1625724917,313523630,3258944,4096
1625724917,314924548,3513264,4096
1625724917,314925621,3513272,4096
1625724917,315541810,3535488,4096
1625724917,315542884,3535496,4096
1625724917,316043135,3535616,4096
1625724917,316043135,3535624,4096
1625724917,316707631,3540688,4096
1625724917,316707631,3540696,4096
1625724917,317785425,3256184,4096
1625724917,317785425,3256192,4096
1625724917,318795589,3254488,4096
1625724917,318796662,3254496,4096
1625724917,319329118,3255240,4096
1625724917,319329118,3255248,4096
1625724917,323181910,2317424,4096
1625724917,323706851,2317575,1024
1625724917,324266145,2317559,4096
1625724917,324267218,2317567,4096
1625724917,324813630,2317490,4096
1625724917,324813630,2317498,4096
1625724917,324813630,2317506,4096
1625724917,324813630,2317514,4096
1625724917,324813630,2317522,4096
1625724917,324813630,2317530,4096
1625724917,324813630,2317538,4096
1625724917,324814703,2317546,1536
1625724917,325427672,2317426,4096
1625724917,325427672,2317434,4096
1625724917,325427672,2317442,4096
1625724917,325427672,2317450,4096
1625724917,325428745,2317458,4096
1625724917,325428745,2317466,4096
1625724917,325428745,2317474,4096
1625724917,325428745,2317482,4096
1625724917,325934364,2317549,1024
1625724917,326954189,3257864,4096
1625724917,326954189,3257872,4096
1625724917,327572525,3516704,4096
1625724917,327572525,3516712,4096
1625724917,328270300,3255272,4096
1625724917,328270300,3255280,4096
1625724917,328883268,3257848,4096
1625724917,328883268,3257856,4096
1625724917,329465105,3256456,4096
1625724917,329465105,3256464,4096
1625724917,330025472,3256440,4096
1625724917,330025472,3256448,4096
1625724917,330930433,3259048,4096
1625724917,330931506,3259056,4096
1625724917,331452154,3255304,4096
1625724917,331452154,3255312,4096
1625724917,332018962,3255320,4096
1625724917,332018962,3255328,4096
1625724917,332553565,3259224,4096
1625724917,332553565,3259232,4096
1625724917,333352249,3258984,4096
1625724917,333352249,3258992,4096
1625724917,334021039,3258920,4096
1625724917,334021039,3258928,4096
1625724917,334565304,3253976,4096
1625724917,334565304,3253984,4096
1625724918,446640564,1097288,4096
1625724918,446641638,1097296,4096
1625724918,446641638,1097304,1024
1625724918,533838822,6810888,4096
1625724918,547960715,1511056,4096
1625724918,547960715,1511064,1024
1625724918,670104618,6810896,4096
1625724918,715544800,1591792,4096
1625724918,715545873,1591800,1024
1625724918,803448347,6810904,4096
1625724918,834503629,48936152,4096
1625724918,835263667,1920736,4096
1625724918,835263667,1920744,4096
1625724918,835263667,1920752,4096
1625724918,835264740,1920760,4096
1625724918,836000088,1920768,4096
1625724918,836000088,1920776,4096
1625724918,836000088,1920784,4096
1625724918,836000088,1920792,4096
1625724918,836001161,1920800,4096
1625724918,836001161,1920808,4096
1625724918,836001161,1920816,4096
1625724918,836001161,1920824,4096
1625724918,836001161,1920832,4096
1625724918,836001161,1920840,4096
1625724919,1015228141,6810960,4096
1625724919,129761327,6810912,4096
1625724919,151904412,48953368,4096
1625724919,156975626,60862424,4096
1625724919,156975626,60862432,4096
1625724919,156975626,60862440,4096
1625724919,156975626,60862448,4096
1625724919,163956596,60862456,4096
1625724919,163957670,60862464,4096
1625724919,163957670,60862472,4096
1625724919,163957670,60862480,4096
1625724919,164021006,60862488,4096
1625724919,164022080,60862496,4096
1625724919,164022080,60862504,4096
1625724919,164022080,60862512,4096
1625724919,164022080,60862520,4096
1625724919,164022080,60862528,4096
1625724919,164022080,60862536,4096
1625724919,164022080,60862544,4096
1625724919,164022080,60862552,1536
1625724919,169945653,6810920,4096
1625724919,172917101,488896,4096
1625724919,172918174,488904,4096
1625724919,172918174,488912,4096
1625724919,172918174,488920,4096
1625724919,259410069,13571904,4096
1625724919,259410069,13571912,4096
1625724919,259410069,13571920,4096
1625724919,259410069,13571928,4096
1625724919,259410069,13571936,4096
1625724919,259410069,13571944,4096
1625724919,259410069,13571952,4096
1625724919,259411143,13571960,4096
1625724919,259916761,932928,4096
1625724919,259916761,932936,4096
1625724919,259916761,932944,4096
1625724919,259916761,932952,4096
1625724919,259916761,932960,4096
1625724919,259916761,932968,4096
1625724919,259916761,932976,4096
1625724919,259916761,932984,4096
1625724919,259916761,932992,4096
1625724919,259917835,933000,4096
1625724919,259917835,933008,4096
1625724919,259917835,933016,4096
1625724919,259917835,933024,4096
1625724919,259917835,933032,4096
1625724919,260290339,933040,4096
1625724919,260290339,933048,4096
1625724919,260290339,933056,4096
1625724919,260290339,933064,4096
1625724919,260290339,933072,4096
1625724919,260290339,933080,4096
1625724919,260290339,933088,4096
1625724919,260290339,933096,4096
1625724919,260290339,933104,4096
1625724919,260291413,933112,4096
1625724919,260291413,933120,4096
1625724919,260291413,933128,4096
1625724919,260291413,933136,4096
1625724919,260291413,933144,4096
1625724919,260654256,13338848,4096
1625724919,260654256,13338856,4096
1625724919,260654256,13338864,4096
1625724919,260654256,13338872,4096
1625724919,260655329,13338880,4096
1625724919,260655329,13338888,4096
1625724919,260655329,13338896,4096
1625724919,260655329,13338904,4096
1625724919,260655329,13338912,4096
1625724919,260655329,13338920,4096
1625724919,260655329,13338928,4096
1625724919,260655329,13338936,4096
1625724919,260656403,13338944,4096
1625724919,260656403,13338952,4096
1625724919,260656403,13338960,4096
1625724919,260656403,13338968,4096
1625724919,260656403,13338976,4096
1625724919,260656403,13338984,4096
1625724919,260656403,13338992,4096
1625724919,260656403,13339000,4096
1625724919,260656403,13339008,4096
1625724919,260657476,13339016,1536
1625724919,260821722,13339019,4096
1625724919,260821722,13339027,4096
1625724919,260821722,13339035,4096
1625724919,260822795,13339043,4096
1625724919,260822795,13339051,4096
1625724919,260822795,13339059,4096
1625724919,260822795,13339067,4096
1625724919,260822795,13339075,4096
1625724919,260822795,13339083,4096
1625724919,260822795,13339091,4096
1625724919,260822795,13339099,4096
1625724919,260822795,13339107,4096
1625724919,260823869,13339115,4096
1625724919,260823869,13339123,4096
1625724919,260823869,13339131,4096
1625724919,260823869,13339139,4096
1625724919,260823869,13339147,4096
1625724919,260823869,13339155,4096
1625724919,260823869,13339163,4096
1625724919,260823869,13339171,4096
1625724919,260823869,13339179,4096
1625724919,260824942,13339187,1536
1625724919,260999923,13339190,4096
1625724919,260999923,13339198,4096
1625724919,260999923,13339206,4096
1625724919,260999923,13339214,4096
1625724919,260999923,13339222,4096
1625724919,261000996,13339230,4096
1625724919,261000996,13339238,4096
1625724919,261000996,13339246,4096
1625724919,261000996,13339254,4096
1625724919,261000996,13339262,4096
1625724919,261000996,13339270,4096
1625724919,261000996,13339278,4096
1625724919,261000996,13339286,4096
1625724919,261000996,13339294,4096
1625724919,261002070,13339302,4096
1625724919,261002070,13339310,4096
1625724919,261002070,13339318,4096
1625724919,261002070,13339326,4096
1625724919,261002070,13339334,4096
1625724919,261002070,13339342,4096
1625724919,261002070,13339350,4096
1625724919,261002070,13339358,1024
1625724919,261141625,13339360,4096
1625724919,261141625,13339368,4096
1625724919,261141625,13339376,4096
1625724919,261141625,13339384,4096
1625724919,261141625,13339392,4096
1625724919,261141625,13339400,4096
1625724919,261141625,13339408,4096
1625724919,261142698,13339416,4096
1625724919,261142698,13339424,4096
1625724919,261142698,13339432,4096
1625724919,261142698,13339440,4096
1625724919,261142698,13339448,4096
1625724919,261729903,13538464,4096
1625724919,261729903,13538472,4096
1625724919,261729903,13538480,4096
1625724919,261729903,13538488,4096
1625724919,261729903,13538496,4096
1625724919,261729903,13538504,4096
1625724919,261729903,13538512,4096
1625724919,261730976,13538520,4096
1625724919,261730976,13538528,4096
1625724919,261730976,13538536,4096
1625724919,261730976,13538544,4096
1625724919,261730976,13538552,4096
1625724919,261730976,13538560,4096
1625724919,261730976,13538568,4096
1625724919,261930647,13538576,4096
1625724919,261930647,13538584,4096
1625724919,261931721,13538592,4096
1625724919,261931721,13538600,4096
1625724919,261931721,13538608,4096
1625724919,261931721,13538616,4096
1625724919,261931721,13538624,4096
1625724919,261931721,13538632,4096
1625724919,261931721,13538640,4096
1625724919,261931721,13538648,4096
1625724919,261931721,13538656,4096
1625724919,261932794,13538664,4096
1625724919,261932794,13538672,4096
1625724919,261932794,13538680,4096
1625724919,262285976,13478528,4096
1625724919,262285976,13478536,4096
1625724919,262285976,13478544,4096
1625724919,262287049,13478552,4096
1625724919,262287049,13478560,4096
1625724919,262287049,13478568,4096
1625724919,262287049,13478576,4096
1625724919,262287049,13478584,4096
1625724919,262287049,13478592,4096
1625724919,262287049,13478600,4096
1625724919,262287049,13478608,4096
1625724919,262288123,13478616,4096
1625724919,262288123,13478624,4096
1625724919,262288123,13478632,4096
1625724919,262793741,13478640,4096
1625724919,262794815,13478648,4096
1625724919,262794815,13478656,4096
1625724919,262794815,13478664,4096
1625724919,262794815,13478672,4096
1625724919,262794815,13478680,4096
1625724919,262794815,13478688,4096
1625724919,262794815,13478696,4096
1625724919,262794815,13478704,4096
1625724919,262794815,13478712,4096
1625724919,262795888,13478720,4096
1625724919,262795888,13478728,4096
1625724919,262795888,13478736,4096
1625724919,262795888,13478744,4096
1625724919,280660002,13511776,4096
1625724919,280660002,13511784,4096
1625724919,280660002,13511792,4096
1625724919,280660002,13511800,4096
1625724919,280660002,13511808,4096
1625724919,280661075,13511816,4096
1625724919,280661075,13511824,4096
1625724919,280661075,13511832,4096
1625724919,280661075,13511840,4096
1625724919,280661075,13511848,4096
1625724919,280661075,13511856,4096
1625724919,280661075,13511864,4096
1625724919,280661075,13511872,4096
1625724919,280661075,13511880,4096
1625724919,280662149,13511888,4096
1625724919,280662149,13511896,4096
1625724919,280782381,13511904,4096
1625724919,280782381,13511912,4096
1625724919,280782381,13511920,4096
1625724919,280782381,13511928,4096
1625724919,280782381,13511936,4096
1625724919,280782381,13511944,4096
1625724919,280783454,13511952,4096
1625724919,280783454,13511960,4096
1625724919,280783454,13511968,4096
1625724919,280783454,13511976,4096
1625724919,280783454,13511984,4096
1625724919,280783454,13511992,4096
1625724919,280783454,13512000,4096
1625724919,280783454,13512008,4096
1625724919,280783454,13512016,4096
1625724919,280784528,13512024,4096
1625724919,281168841,13389248,4096
1625724919,281168841,13389256,4096
1625724919,281168841,13389264,4096
1625724919,281168841,13389272,4096
1625724919,281168841,13389280,4096
1625724919,281169914,13389288,4096
1625724919,281169914,13389296,4096
1625724919,281169914,13389304,4096
1625724919,281169914,13389312,4096
1625724919,281169914,13389320,4096
1625724919,281169914,13389328,4096
1625724919,281169914,13389336,4096
1625724919,281169914,13389344,4096
1625724919,281169914,13389352,4096
1625724919,281170988,13389360,4096
1625724919,281170988,13389368,4096
1625724919,281170988,13389376,4096
1625724919,281170988,13389384,4096
1625724919,281296587,13389392,4096
1625724919,281296587,13389400,4096
1625724919,281296587,13389408,4096
1625724919,281296587,13389416,4096
1625724919,281296587,13389424,4096
1625724919,281297661,13389432,4096
1625724919,281297661,13389440,4096
1625724919,281297661,13389448,4096
1625724919,281297661,13389456,4096
1625724919,281297661,13389464,4096
1625724919,281297661,13389472,4096
1625724919,281297661,13389480,4096
1625724919,281297661,13389488,4096
1625724919,281297661,13389496,4096
1625724919,281298734,13389504,4096
1625724919,281298734,13389512,4096
1625724919,281298734,13389520,4096
1625724919,281298734,13389528,4096
1625724919,281433995,13571680,4096
1625724919,281433995,13571688,4096
1625724919,281433995,13571696,4096
1625724919,281433995,13571704,4096
1625724919,281433995,13571712,4096
1625724919,281433995,13571720,4096
1625724919,281433995,13571728,4096
1625724919,281435069,13571736,4096
1625724919,281435069,13571744,4096
1625724919,281435069,13571752,4096
1625724919,281435069,13571760,4096
1625724919,281435069,13571768,4096
1625724919,281435069,13571776,4096
1625724919,281435069,13571784,4096
1625724919,281435069,13571792,4096
1625724919,281435069,13571800,4096
1625724919,289643050,13571808,4096
1625724919,289643050,13571816,4096
1625724919,289643050,13571824,4096
1625724919,289644123,13571832,4096
1625724919,289644123,13571840,4096
1625724919,289644123,13571848,4096
1625724919,289644123,13571856,4096
1625724919,289644123,13571864,4096
1625724919,289644123,13571872,4096
1625724919,289644123,13571880,4096
1625724919,289644123,13571888,4096
1625724919,289645197,13571896,4096
1625724919,322409490,48936160,4096
1625724919,323210321,67594752,4096
1625724919,323210321,67594760,4096
1625724919,323210321,67594768,4096
1625724919,323210321,67594776,4096
1625724919,323776056,67594784,4096
1625724919,323776056,67594792,4096
1625724919,323776056,67594800,4096
1625724919,323776056,67594808,3072
1625724919,408573968,6810928,4096
1625724919,492169560,7017128,4096
1625724919,493067006,1592304,4096
1625724919,493067006,1592312,1536
1625724919,570659586,6810936,4096
1625724919,58024690,2732744,4096
1625724919,58024690,2732752,4096
1625724919,58024690,2732760,4096
1625724919,58024690,2732768,3584
1625724919,598930208,1099768,4096
1625724919,598930208,1099776,4096
1625724919,598930208,1099784,512
1625724919,716371108,27658976,4096
1625724919,716372182,27658984,4096
1625724919,716372182,27658992,4096
1625724919,716372182,27659000,4096
1625724919,716938990,27659008,4096
1625724919,716938990,27659016,4096
1625724919,716938990,27659024,4096
1625724919,807830088,6810952,4096
1625724919,916110812,48936168,4096
1625724919,923861482,2834288,4096
1625724919,923862556,2834296,4096
1625724919,923862556,2834304,4096
1625724919,923862556,2834312,4096
1625724919,924641917,2834404,4096
1625724919,924641917,2834412,4096
1625724919,924641917,2834420,4096
1625724919,924642990,2834428,4096
1625724919,924642990,2834436,4096
1625724919,924642990,2834444,4096
1625724919,924642990,2834452,4096
1625724919,924642990,2834460,4096
1625724919,924642990,2834468,4096
1625724919,924642990,2834476,4096
1625724919,924642990,2834484,1536
1625724919,924710621,2834320,4096
1625724919,924710621,2834328,4096
1625724919,924710621,2834336,4096
1625724919,924710621,2834344,4096
1625724919,924710621,2834352,4096
1625724919,924710621,2834360,4096
1625724919,924710621,2834368,4096
1625724919,924710621,2834376,4096
1625724919,924711694,2834384,4096
1625724919,924711694,2834392,4096
1625724919,924711694,2834400,2048
1625724920,1014182265,6818088,4096
1625724920,1040928518,3052552,4096
1625724920,1040928518,3052560,4096
1625724920,1040928518,3052568,4096
1625724920,1040928518,3052576,4096
1625724920,1041483517,3052584,4096
1625724920,1041483517,3052592,3584
1625724920,144374596,1597624,4096
1625724920,144374596,1597632,4096
1625724920,219465921,6810968,4096
1625724920,271905323,1642160,4096
1625724920,271905323,1642168,512
1625724920,363580076,6810976,4096
1625724920,391939799,7879800,2048
1625724920,438770163,6810984,4096
1625724920,448180464,48936176,4096
1625724920,448969486,68794624,4096
1625724920,448969486,68794632,4096
1625724920,448969486,68794640,4096
1625724920,448969486,68794648,4096
1625724920,449645791,68794656,4096
1625724920,449645791,68794664,4096
1625724920,449645791,68794672,4096
1625724920,449645791,68794680,4096
1625724920,449646865,68794688,2048
1625724920,629665300,6810992,4096
1625724920,705990077,27717576,4096
1625724920,705990077,27717584,4096
1625724920,705990077,27717592,4096
1625724920,705991150,27717600,4096
1625724920,706571914,27717608,4096
1625724920,706571914,27717616,4096
1625724920,706571914,27717624,1024
1625724920,854974701,48936184,4096
1625724920,855693946,68857728,4096
1625724920,855695019,68857736,4096
1625724920,855695019,68857744,4096
1625724920,855695019,68857752,4096
1625724920,856306914,68857760,4096
1625724920,856306914,68857768,4096
1625724920,856306914,68857776,4096
1625724920,856307988,68857784,1536
1625724921,100635626,10130848,4096
1625724921,100635626,10130856,4096
1625724921,100635626,10130864,4096
1625724921,100636699,10130872,4096
1625724921,100636699,10130880,4096
1625724921,100636699,10130888,4096
1625724921,100636699,10130896,4096
1625724921,100636699,10130904,4096
1625724921,100636699,10130912,4096
1625724921,100636699,10130920,4096
1625724921,100636699,10130928,4096
1625724921,100637773,10130936,4096
1625724921,100637773,10130944,4096
1625724921,100637773,10130952,4096
1625724921,100637773,10130960,4096
1625724921,100637773,10130968,4096
1625724921,101300122,10130976,4096
1625724921,101300122,10130984,4096
1625724921,101300122,10130992,4096
1625724921,101300122,10131000,4096
1625724921,101300122,10131008,4096
1625724921,101300122,10131016,4096
1625724921,101301196,10131024,4096
1625724921,1061660737,6826896,4096
1625724921,279343318,13317696,4096
1625724921,279344391,13317704,4096
1625724921,279344391,13317712,4096
1625724921,279344391,13317720,4096
1625724921,279344391,13317728,4096
1625724921,279344391,13317736,4096
1625724921,279345465,13317744,4096
1625724921,279345465,13317752,4096
1625724921,279345465,13317760,4096
1625724921,279345465,13317768,4096
1625724921,279522592,13317776,4096
1625724921,279522592,13317784,4096
1625724921,279522592,13317792,4096
1625724921,279522592,13317800,4096
1625724921,279522592,13317808,4096
1625724921,279522592,13317816,4096
1625724921,279523666,13317824,4096
1625724921,279523666,13317832,4096
1625724921,279523666,13317840,4096
1625724921,279523666,13317848,4096
1625724921,279757689,13517952,4096
1625724921,279757689,13517960,4096
1625724921,279757689,13517968,4096
1625724921,279758762,13517976,4096
1625724921,279758762,13517984,4096
1625724921,279758762,13517992,4096
1625724921,279758762,13518000,4096
1625724921,279758762,13518008,4096
1625724921,279758762,13518016,4096
1625724921,279759836,13518024,4096
1625724921,279830687,13518032,4096
1625724921,279830687,13518040,4096
1625724921,279830687,13518048,4096
1625724921,279831760,13518056,4096
1625724921,279831760,13518064,4096
1625724921,279831760,13518072,4096
1625724921,279831760,13518080,4096
1625724921,279831760,13518088,4096
1625724921,279831760,13518096,4096
1625724921,279831760,13518104,4096
1625724921,280410377,13575520,4096
1625724921,280410377,13575528,4096
1625724921,280410377,13575536,4096
1625724921,280410377,13575544,4096
1625724921,280411450,13575552,4096
1625724921,280411450,13575560,4096
1625724921,280411450,13575568,4096
1625724921,280411450,13575576,4096
1625724921,280411450,13575584,4096
1625724921,280411450,13575592,4096
1625724921,280534903,13575600,4096
1625724921,280534903,13575608,4096
1625724921,280534903,13575616,4096
1625724921,280534903,13575624,4096
1625724921,280534903,13575632,4096
1625724921,280535976,13575640,4096
1625724921,280535976,13575648,4096
1625724921,280535976,13575656,4096
1625724921,280535976,13575664,4096
1625724921,280535976,13575672,4096
1625724921,292041749,13341152,4096
1625724921,292041749,13341160,4096
1625724921,292041749,13341168,4096
1625724921,292042823,13341176,4096
1625724921,292042823,13341184,4096
1625724921,292042823,13341192,4096
1625724921,292042823,13341200,4096
1625724921,292042823,13341208,4096
1625724921,292042823,13341216,4096
1625724921,292042823,13341224,4096
1625724921,292042823,13341232,4096
1625724921,292042823,13341240,4096
1625724921,292168422,13341056,4096
1625724921,292168422,13341064,4096
1625724921,292168422,13341072,4096
1625724921,292168422,13341080,4096
1625724921,292169496,13341088,4096
1625724921,292169496,13341096,4096
1625724921,292169496,13341104,4096
1625724921,292169496,13341112,4096
1625724921,292169496,13341120,4096
1625724921,292169496,13341128,4096
1625724921,292169496,13341136,4096
1625724921,292169496,13341144,4096
1625724921,292603190,13485664,4096
1625724921,292603190,13485672,4096
1625724921,292603190,13485680,4096
1625724921,292603190,13485688,4096
1625724921,292603190,13485696,4096
1625724921,292604263,13485704,4096
1625724921,292604263,13485712,4096
1625724921,292604263,13485720,4096
1625724921,292604263,13485728,4096
1625724921,292604263,13485736,4096
1625724921,292604263,13485744,4096
1625724921,292604263,13485752,4096
1625724921,292604263,13485760,4096
1625724921,292604263,13485768,4096
1625724921,292696584,13485776,4096
1625724921,292696584,13485784,4096
1625724921,292696584,13485792,4096
1625724921,292696584,13485800,4096
1625724921,292696584,13485808,4096
1625724921,292697658,13485816,4096
1625724921,292697658,13485824,4096
1625724921,292697658,13485832,4096
1625724921,292697658,13485840,4096
1625724921,292697658,13485848,4096
1625724921,292697658,13485856,4096
1625724921,292697658,13485864,4096
1625724921,292697658,13485872,4096
1625724921,292698731,13485880,4096
1625724921,293091632,13358144,4096
1625724921,293091632,13358152,4096
1625724921,293091632,13358160,4096
1625724921,293091632,13358168,4096
1625724921,293092706,13358176,4096
1625724921,293092706,13358184,4096
1625724921,293092706,13358192,4096
1625724921,293092706,13358200,4096
1625724921,293092706,13358208,4096
1625724921,293092706,13358216,4096
1625724921,293092706,13358224,4096
1625724921,293092706,13358232,4096
1625724921,293092706,13358240,4096
1625724921,293093779,13358248,4096
1625724921,293093779,13358256,4096
1625724921,293093779,13358264,4096
1625724921,293093779,13358272,4096
1625724921,293093779,13358280,4096
1625724921,293093779,13358288,4096
1625724921,293093779,13358296,4096
1625724921,293093779,13358304,4096
1625724921,293093779,13358312,4096
1625724921,293094853,13358320,4096
1625724921,293094853,13358328,4096
1625724921,293273054,13358336,4096
1625724921,293273054,13358344,4096
1625724921,293273054,13358352,4096
1625724921,293273054,13358360,4096
1625724921,293273054,13358368,4096
1625724921,293273054,13358376,4096
1625724921,293273054,13358384,4096
1625724921,293274127,13358392,4096
1625724921,293274127,13358400,4096
1625724921,293274127,13358408,4096
1625724921,293274127,13358416,4096
1625724921,293274127,13358424,4096
1625724921,293274127,13358432,4096
1625724921,293274127,13358440,4096
1625724921,293274127,13358448,4096
1625724921,293274127,13358456,4096
1625724921,293275201,13358464,4096
1625724921,293275201,13358472,4096
1625724921,293275201,13358480,4096
1625724921,293275201,13358488,4096
1625724921,293275201,13358496,4096
1625724921,293275201,13358504,4096
1625724921,293275201,13358512,4096
1625724921,293275201,13358520,4096
1625724921,293438373,13091232,4096
1625724921,293438373,13091240,4096
1625724921,293439446,13091248,4096
1625724921,293439446,13091256,4096
1625724921,293439446,13091264,4096
1625724921,293439446,13091272,4096
1625724921,293439446,13091280,4096
1625724921,293439446,13091288,4096
1625724921,293439446,13091296,4096
1625724921,293439446,13091304,4096
1625724921,293439446,13091312,4096
1625724921,293440520,13091320,4096
1625724921,293440520,13091328,4096
1625724921,293440520,13091336,4096
1625724921,293440520,13091344,4096
1625724921,293440520,13091352,4096
1625724921,293440520,13091360,4096
1625724921,293440520,13091368,4096
1625724921,293440520,13091376,4096
1625724921,293441593,13091384,4096
1625724921,293441593,13091392,4096
1625724921,293441593,13091400,1536
1625724921,293606912,13091403,4096
1625724921,293606912,13091411,4096
1625724921,293606912,13091419,4096
1625724921,293606912,13091427,4096
1625724921,293606912,13091435,4096
1625724921,293606912,13091443,4096
1625724921,293607986,13091451,4096
1625724921,293607986,13091459,4096
1625724921,293607986,13091467,4096
1625724921,293607986,13091475,4096
1625724921,293607986,13091483,4096
1625724921,293607986,13091491,4096
1625724921,293607986,13091499,4096
1625724921,293607986,13091507,4096
1625724921,293609059,13091515,4096
1625724921,293609059,13091523,4096
1625724921,293609059,13091531,4096
1625724921,293609059,13091539,4096
1625724921,293609059,13091547,4096
1625724921,293609059,13091555,4096
1625724921,293609059,13091563,4096
1625724921,293609059,13091571,1536
1625724921,293769011,13091574,4096
1625724921,293769011,13091582,4096
1625724921,293769011,13091590,4096
1625724921,293769011,13091598,4096
1625724921,293769011,13091606,4096
1625724921,293770084,13091614,4096
1625724921,293770084,13091622,4096
1625724921,293770084,13091630,4096
1625724921,293770084,13091638,4096
1625724921,293770084,13091646,4096
1625724921,293770084,13091654,4096
1625724921,293770084,13091662,4096
1625724921,293770084,13091670,4096
1625724921,293770084,13091678,4096
1625724921,293771158,13091686,4096
1625724921,293771158,13091694,4096
1625724921,293771158,13091702,4096
1625724921,293771158,13091710,4096
1625724921,293771158,13091718,4096
1625724921,293771158,13091726,4096
1625724921,293771158,13091734,4096
1625724921,293771158,13091742,1024
1625724921,293890316,13244608,4096
1625724921,293891390,13244616,4096
1625724921,293891390,13244624,4096
1625724921,293891390,13244632,4096
1625724921,293891390,13244640,4096
1625724921,293891390,13244648,4096
1625724921,293891390,13244656,4096
1625724921,293891390,13244664,4096
1625724921,293891390,13244672,4096
1625724921,293892463,13244680,4096
1625724921,293892463,13244688,4096
1625724921,293892463,13244696,4096
1625724921,293892463,13244704,4096
1625724921,293892463,13244712,4096
1625724921,293892463,13244720,4096
1625724921,293892463,13244728,4096
1625724921,294014842,13244736,4096
1625724921,294014842,13244744,4096
1625724921,294014842,13244752,4096
1625724921,294014842,13244760,4096
1625724921,294014842,13244768,4096
1625724921,294014842,13244776,4096
1625724921,294015916,13244784,4096
1625724921,294015916,13244792,4096
1625724921,294015916,13244800,4096
1625724921,294015916,13244808,4096
1625724921,294015916,13244816,4096
1625724921,294015916,13244824,4096
1625724921,294015916,13244832,4096
1625724921,294015916,13244840,4096
1625724921,294016989,13244848,4096
1625724921,294016989,13244856,4096
1625724921,311684652,13244864,4096
1625724921,311684652,13244872,4096
1625724921,311684652,13244880,4096
1625724921,311685726,13244888,4096
1625724921,311685726,13244896,4096
1625724921,311685726,13244904,4096
1625724921,311685726,13244912,4096
1625724921,311685726,13244920,4096
1625724921,311685726,13244928,4096
1625724921,311685726,13244936,4096
1625724921,311685726,13244944,4096
1625724921,311685726,13244952,4096
1625724921,311686799,13244960,4096
1625724921,311686799,13244968,4096
1625724921,311686799,13244976,4096
1625724921,311686799,13244984,4096
1625724921,311857486,13244992,4096
1625724921,311857486,13245000,4096
1625724921,311857486,13245008,4096
1625724921,311857486,13245016,4096
1625724921,311858559,13245024,4096
1625724921,311858559,13245032,4096
1625724921,311858559,13245040,4096
1625724921,311858559,13245048,4096
1625724921,311858559,13245056,4096
1625724921,311858559,13245064,4096
1625724921,311858559,13245072,4096
1625724921,311858559,13245080,4096
1625724921,311858559,13245088,4096
1625724921,311859633,13245096,4096
1625724921,311859633,13245104,4096
1625724921,311859633,13245112,4096
1625724921,312134449,13052256,4096
1625724921,312134449,13052264,4096
1625724921,312134449,13052272,4096
1625724921,312135522,13052280,4096
1625724921,312135522,13052288,4096
1625724921,312135522,13052296,4096
1625724921,312135522,13052304,4096
1625724921,312135522,13052312,4096
1625724921,312135522,13052320,4096
1625724921,312135522,13052328,4096
1625724921,312135522,13052336,4096
1625724921,312135522,13052344,4096
1625724921,312136596,13052352,4096
1625724921,312136596,13052360,4096
1625724921,312136596,13052368,4096
1625724921,312136596,13052376,4096
1625724921,312136596,13052384,4096
1625724921,312136596,13052392,4096
1625724921,312136596,13052400,4096
1625724921,312136596,13052408,4096
1625724921,312137669,13052416,4096
1625724921,312137669,13052424,1536
1625724921,312306209,13052598,4096
1625724921,312306209,13052606,4096
1625724921,312306209,13052614,4096
1625724921,312306209,13052622,4096
1625724921,312306209,13052630,4096
1625724921,312306209,13052638,4096
1625724921,312307282,13052646,4096
1625724921,312307282,13052654,4096
1625724921,312307282,13052662,4096
1625724921,312307282,13052670,4096
1625724921,312307282,13052678,4096
1625724921,312307282,13052686,4096
1625724921,312307282,13052694,4096
1625724921,312307282,13052702,4096
1625724921,312307282,13052710,4096
1625724921,312308356,13052718,4096
1625724921,312308356,13052726,4096
1625724921,312308356,13052734,4096
1625724921,312308356,13052742,4096
1625724921,312308356,13052750,4096
1625724921,312308356,13052758,4096
1625724921,312308356,13052766,1024
1625724921,312474748,13052427,4096
1625724921,312474748,13052435,4096
1625724921,312474748,13052443,4096
1625724921,312474748,13052451,4096
1625724921,312474748,13052459,4096
1625724921,312474748,13052467,4096
1625724921,312474748,13052475,4096
1625724921,312474748,13052483,4096
1625724921,312475822,13052491,4096
1625724921,312475822,13052499,4096
1625724921,312475822,13052507,4096
1625724921,312475822,13052515,4096
1625724921,312475822,13052523,4096
1625724921,312475822,13052531,4096
1625724921,312475822,13052539,4096
1625724921,312475822,13052547,4096
1625724921,312475822,13052555,4096
1625724921,312476895,13052563,4096
1625724921,312476895,13052571,4096
1625724921,312476895,13052579,4096
1625724921,312476895,13052587,4096
1625724921,312476895,13052595,1536
1625724921,312529497,13052768,4096
1625724921,312529497,13052776,4096
1625724921,312529497,13052784,4096
1625724921,312529497,13052792,4096
1625724921,312529497,13052800,4096
1625724921,312529497,13052808,4096
1625724921,312530570,13052816,4096
1625724921,312530570,13052824,4096
1625724921,313235860,13507456,4096
1625724921,313235860,13507464,4096
1625724921,313236933,13507472,4096
1625724921,313236933,13507480,4096
1625724921,313236933,13507488,4096
1625724921,313236933,13507496,4096
1625724921,313236933,13507504,4096
1625724921,313236933,13507512,4096
1625724921,313236933,13507520,4096
1625724921,313236933,13507528,4096
1625724921,313236933,13507536,4096
1625724921,313238007,13507544,4096
1625724921,313238007,13507552,4096
1625724921,313238007,13507560,4096
1625724921,313238007,13507568,4096
1625724921,313238007,13507576,4096
1625724921,313238007,13507584,4096
1625724921,313238007,13507592,4096
1625724921,313238007,13507600,4096
1625724921,313238007,13507608,4096
1625724921,313239080,13507616,4096
1625724921,313239080,13507624,1536
1625724921,313408693,13507627,4096
1625724921,313408693,13507635,4096
1625724921,313408693,13507643,4096
1625724921,313408693,13507651,4096
1625724921,313409767,13507659,4096
1625724921,313409767,13507667,4096
1625724921,313409767,13507675,4096
1625724921,313409767,13507683,4096
1625724921,313409767,13507691,4096
1625724921,313409767,13507699,4096
1625724921,313409767,13507707,4096
1625724921,313409767,13507715,4096
1625724921,313410840,13507723,4096
1625724921,313410840,13507731,4096
1625724921,313410840,13507739,4096
1625724921,313410840,13507747,4096
1625724921,313410840,13507755,4096
1625724921,313410840,13507763,4096
1625724921,313410840,13507771,4096
1625724921,313410840,13507779,4096
1625724921,313410840,13507787,4096
1625724921,313411914,13507795,1536
1625724921,313571865,13507798,4096
1625724921,313571865,13507806,4096
1625724921,313571865,13507814,4096
1625724921,313571865,13507822,4096
1625724921,313571865,13507830,4096
1625724921,313571865,13507838,4096
1625724921,313572939,13507846,4096
1625724921,313572939,13507854,4096
1625724921,313572939,13507862,4096
1625724921,313572939,13507870,4096
1625724921,313572939,13507878,4096
1625724921,313572939,13507886,4096
1625724921,313572939,13507894,4096
1625724921,313572939,13507902,4096
1625724921,313572939,13507910,4096
1625724921,313574012,13507918,4096
1625724921,313574012,13507926,4096
1625724921,313574012,13507934,4096
1625724921,313574012,13507942,4096
1625724921,313574012,13507950,4096
1625724921,313574012,13507958,4096
1625724921,313574012,13507966,1024
1625724921,313662039,13507968,4096
1625724921,313662039,13507976,4096
1625724921,313662039,13507984,4096
1625724921,313662039,13507992,4096
1625724921,313663113,13508000,4096
1625724921,313663113,13508008,4096
1625724921,313663113,13508016,4096
1625724921,313663113,13508024,4096
1625724921,313663113,13508032,4096
1625724921,313663113,13508040,4096
1625724921,313663113,13508048,4096
1625724921,313663113,13508056,4096
1625724921,314222406,45674560,4096
1625724921,314222406,45674568,4096
1625724921,314222406,45674576,4096
1625724921,314222406,45674584,4096
1625724921,314222406,45674592,4096
1625724921,314222406,45674600,4096
1625724921,314222406,45674608,4096
1625724921,314223480,45674616,4096
1625724921,314223480,45674624,4096
1625724921,314223480,45674632,4096
1625724921,314223480,45674640,4096
1625724921,314223480,45674648,4096
1625724921,314223480,45674656,4096
1625724921,314223480,45674664,4096
1625724921,314223480,45674672,4096
1625724921,314223480,45674680,4096
1625724921,314223480,45674688,4096
1625724921,314224553,45674696,4096
1625724921,314224553,45674704,4096
1625724921,314224553,45674712,4096
1625724921,314224553,45674720,4096
1625724921,314224553,45674728,1536
1625724921,314637851,45674731,4096
1625724921,314638924,45674739,4096
1625724921,314638924,45674747,4096
1625724921,314638924,45674755,4096
1625724921,314638924,45674763,4096
1625724921,314638924,45674771,4096
1625724921,314638924,45674779,4096
1625724921,314638924,45674787,4096
1625724921,314639998,45674795,4096
1625724921,314639998,45674803,4096
1625724921,314639998,45674811,4096
1625724921,314639998,45674819,4096
1625724921,314639998,45674827,4096
1625724921,314639998,45674835,4096
1625724921,314639998,45674843,4096
1625724921,314639998,45674851,4096
1625724921,314639998,45674859,4096
1625724921,314641071,45674867,4096
1625724921,314641071,45674875,4096
1625724921,314641071,45674883,4096
1625724921,314641071,45674891,4096
1625724921,314641071,45674899,1536
1625724921,314656100,45675072,4096
1625724921,314656100,45675080,4096
1625724921,314656100,45675088,4096
1625724921,314656100,45675096,4096
1625724921,314828934,45674902,4096
1625724921,314828934,45674910,4096
1625724921,314828934,45674918,4096
1625724921,314828934,45674926,4096
1625724921,314828934,45674934,4096
1625724921,314828934,45674942,4096
1625724921,314828934,45674950,4096
1625724921,314828934,45674958,4096
1625724921,314830007,45674966,4096
1625724921,314830007,45674974,4096
1625724921,314830007,45674982,4096
1625724921,314830007,45674990,4096
1625724921,314830007,45674998,4096
1625724921,314830007,45675006,4096
1625724921,314830007,45675014,4096
1625724921,314830007,45675022,4096
1625724921,314830007,45675030,4096
1625724921,314831081,45675038,4096
1625724921,314831081,45675046,4096
1625724921,314831081,45675054,4096
1625724921,314831081,45675062,4096
1625724921,314831081,45675070,1024
1625724921,42238299,6826424,4096
1625724921,462009004,63072840,4096
1625724921,462009004,63072848,4096
1625724921,462009004,63072856,4096
1625724921,462009004,63072864,4096
1625724921,462795880,63072872,4096
1625724921,462795880,63072880,4096
1625724921,462796953,63072888,4096
1625724921,462796953,63072896,4096
1625724921,462796953,63072904,4096
1625724921,462796953,63072912,4096
1625724921,462796953,63072920,4096
1625724921,462796953,63072928,4096
1625724921,462796953,63072936,4096
1625724921,462796953,63072944,4096
1625724921,462796953,63072952,4096
1625724921,462798027,63072960,4096
1625724921,462798027,63072968,4096
1625724921,462798027,63072976,4096
1625724921,462889274,63072984,4096
1625724921,462889274,63072992,4096
1625724921,462889274,63073000,4096
1625724921,462889274,63073008,4096
1625724921,462889274,63073016,4096
1625724921,462889274,63073024,4096
1625724921,462890348,63073032,4096
1625724921,462890348,63073040,4096
1625724921,462890348,63073048,4096
1625724921,462890348,63073056,4096
1625724921,462890348,63073064,4096
1625724921,462890348,63073072,4096
1625724921,462890348,63073080,4096
1625724921,462890348,63073088,4096
1625724921,463461450,63073096,4096
1625724921,463461450,63073104,4096
1625724921,463461450,63073112,4096
1625724921,463461450,63073120,4096
1625724921,463461450,63073128,4096
1625724921,463461450,63073136,4096
1625724921,463462523,63073144,4096
1625724921,463462523,63073152,4096
1625724921,463462523,63073160,4096
1625724921,463462523,63073168,4096
1625724921,463462523,63073176,4096
1625724921,463462523,63073184,4096
1625724921,463462523,63073192,4096
1625724921,463462523,63073200,4096
1625724921,463462523,63073208,4096
1625724921,463463597,63073216,4096
1625724921,464054022,63073224,4096
1625724921,464054022,63073232,4096
1625724921,464054022,63073240,4096
1625724921,464054022,63073248,4096
1625724921,464054022,63073256,4096
1625724921,464054022,63073264,4096
1625724921,464054022,63073272,4096
1625724921,464054022,63073280,4096
1625724921,464054022,63073288,4096
1625724921,464055095,63073296,4096
1625724921,464055095,63073304,4096
1625724921,464055095,63073312,4096
1625724921,464055095,63073320,4096
1625724921,464055095,63073328,4096
1625724921,464055095,63073336,4096
1625724921,464055095,63073344,4096
1625724921,464166739,63073352,4096
1625724921,464166739,63073360,4096
1625724921,464166739,63073368,4096
1625724921,464166739,63073376,4096
1625724921,464167813,63073384,4096
1625724921,464167813,63073392,4096
1625724921,464167813,63073400,4096
1625724921,464167813,63073408,4096
1625724921,464167813,63073416,4096
1625724921,464167813,63073424,4096
1625724921,464167813,63073432,4096
1625724921,464167813,63073440,4096
1625724921,464167813,63073448,4096
1625724921,464168886,63073456,4096
1625724921,464168886,63073464,4096
1625724921,464168886,63073472,4096
1625724921,467787655,63073480,4096
1625724921,467787655,63073488,4096
1625724921,467787655,63073496,4096
1625724921,467787655,63073504,4096
1625724921,467788728,63073512,4096
1625724921,467788728,63073520,4096
1625724921,467788728,63073528,4096
1625724921,467788728,63073536,4096
1625724921,467788728,63073544,4096
1625724921,467788728,63073552,4096
1625724921,467788728,63073560,4096
1625724921,467788728,63073568,4096
1625724921,467788728,63073576,4096
1625724921,467789802,63073584,4096
1625724921,467789802,63073592,4096
1625724921,467789802,63073600,2048
1625724921,467900372,63073604,4096
1625724921,467901446,63073612,4096
1625724921,467901446,63073620,4096
1625724921,467901446,63073628,4096
1625724921,467901446,63073636,4096
1625724921,467901446,63073644,4096
1625724921,467901446,63073652,4096
1625724921,467901446,63073660,4096
1625724921,467901446,63073668,4096
1625724921,467901446,63073676,4096
1625724921,467902519,63073684,4096
1625724921,467902519,63073692,4096
1625724921,467902519,63073700,4096
1625724921,467902519,63073708,4096
1625724921,467902519,63073716,4096
1625724921,467902519,63073724,1536
1625724921,636854243,6826440,4096
1625724921,917579861,48936224,4096
1625724921,918213226,7906520,4096
1625724921,980125191,6826872,4096
1625724921,98358732,48936216,4096
1625724921,99052213,10130592,4096
1625724921,99052213,10130600,4096
1625724921,99052213,10130608,4096
1625724921,99052213,10130616,4096
1625724921,992920238,48936232,4096
1625724921,993760788,1664200,4096
1625724921,993760788,1664208,3584
1625724921,99864853,10130624,4096
1625724921,99865926,10130632,4096
1625724921,99865926,10130640,4096
1625724921,99865926,10130648,4096
1625724921,99865926,10130656,4096
1625724921,99865926,10130664,4096
1625724921,99865926,10130672,4096
1625724921,99865926,10130680,4096
1625724921,99867000,10130688,4096
1625724921,99867000,10130696,4096
1625724921,99867000,10130704,4096
1625724921,99867000,10130712,4096
1625724921,99867000,10130720,4096
1625724921,99867000,10130728,4096
1625724921,99971129,10130736,4096
1625724921,99971129,10130744,4096
1625724921,99972203,10130752,4096
1625724921,99972203,10130760,4096
1625724921,99972203,10130768,4096
1625724921,99972203,10130776,4096
1625724921,99972203,10130784,4096
1625724921,99972203,10130792,4096
1625724921,99972203,10130800,4096
1625724921,99972203,10130808,4096
1625724921,99972203,10130816,4096
1625724921,99973276,10130824,4096
1625724921,99973276,10130832,4096
1625724921,99973276,10130840,4096
1625724922,1022462671,48936256,4096
1625724922,1023230224,11909088,4096
1625724922,1023231297,11909096,4096
1625724922,1023231297,11909104,4096
1625724922,1023231297,11909112,4096
1625724922,1024743859,11909120,4096
1625724922,1024743859,11909128,4096
1625724922,1024744932,11909136,4096
1625724922,1024744932,11909144,4096
1625724922,1024856576,11909152,4096
1625724922,1024856576,11909160,4096
1625724922,1024857650,11909168,4096
1625724922,1024857650,11909176,4096
1625724922,1024857650,11909184,4096
1625724922,1024857650,11909192,4096
1625724922,1024857650,11909200,4096
1625724922,1024858723,11909208,4096
1625724922,1024858723,11909216,4096
1625724922,1024858723,11909224,4096
1625724922,1024858723,11909232,4096
1625724922,1024858723,11909240,4096
1625724922,1024958559,11909248,4096
1625724922,1024958559,11909256,4096
1625724922,1024958559,11909264,4096
1625724922,1024958559,11909272,4096
1625724922,1024959632,11909280,4096
1625724922,1024959632,11909288,4096
1625724922,1024959632,11909296,4096
1625724922,1024959632,11909304,4096
1625724922,1024959632,11909312,4096
1625724922,1024959632,11909320,4096
1625724922,1024960706,11909328,4096
1625724922,1024960706,11909336,4096
1625724922,1026680453,11909344,4096
1625724922,1026680453,11909352,4096
1625724922,1026680453,11909360,4096
1625724922,1026680453,11909368,4096
1625724922,1026680453,11909376,4096
1625724922,1026681526,11909384,4096
1625724922,1026681526,11909392,4096
1625724922,1026681526,11909400,4096
1625724922,1026681526,11909408,4096
1625724922,1026681526,11909416,4096
1625724922,1026681526,11909424,4096
1625724922,1026682600,11909432,4096
1625724922,1026682600,11909440,4096
1625724922,1026682600,11909448,4096
1625724922,1026682600,11909456,4096
1625724922,1026682600,11909464,4096
1625724922,1026797464,11909472,4096
1625724922,1026797464,11909480,4096
1625724922,1026797464,11909488,4096
1625724922,1026797464,11909496,4096
1625724922,1026797464,11909504,4096
1625724922,1026797464,11909512,4096
1625724922,1026798538,11909520,4096
1625724922,1026798538,11909528,4096
1625724922,1026798538,11909536,4096
1625724922,1026798538,11909544,4096
1625724922,1026798538,11909552,4096
1625724922,1026798538,11909560,4096
1625724922,1026798538,11909568,4096
1625724922,1026799611,11909576,4096
1625724922,1026799611,11909584,4096
1625724922,1026799611,11909592,4096
1625724922,1030370072,11909600,4096
1625724922,1030371146,11909608,4096
1625724922,1030371146,11909616,4096
1625724922,1030371146,11909624,4096
1625724922,1030371146,11909632,4096
1625724922,1030371146,11909640,4096
1625724922,1030371146,11909648,4096
1625724922,1030372219,11909656,4096
1625724922,1030372219,11909664,4096
1625724922,1030372219,11909672,4096
1625724922,1030372219,11909680,4096
1625724922,1030372219,11909688,2048
1625724922,182446774,6827600,4096
1625724922,251657466,3077352,4096
1625724922,251657466,3077360,4096
1625724922,251657466,3077368,4096
1625724922,251657466,3077376,4096
1625724922,252323036,3077384,4096
1625724922,252323036,3077392,1024
1625724922,355420903,6828080,4096
1625724922,406907036,1676528,4096
1625724922,406907036,1676536,1536
1625724922,501904272,7986384,2560
1625724922,504420556,63700906,4096
1625724922,504420556,63700914,4096
1625724922,504420556,63700922,4096
1625724922,504420556,63700930,4096
1625724922,504421629,63700938,4096
1625724922,504421629,63700946,4096
1625724922,504421629,63700954,4096
1625724922,504421629,63700962,4096
1625724922,506274490,843968,4096
1625724922,506274490,843976,4096
1625724922,506274490,843984,4096
1625724922,506274490,843992,4096
1625724922,506275564,844000,4096
1625724922,506275564,844008,4096
1625724922,506275564,844016,4096
1625724922,506275564,844024,4096
1625724922,507763435,839472,4096
1625724922,507764508,839480,4096
1625724922,507764508,839488,4096
1625724922,507764508,839496,4096
1625724922,507764508,839504,4096
1625724922,507764508,839512,4096
1625724922,507764508,839520,4096
1625724922,507764508,839528,4096
1625724922,582818261,7017136,4096
1625724922,583585813,48936248,4096
1625724922,584329749,68805096,4096
1625724922,584330822,68805104,4096
1625724922,584330822,68805112,4096
1625724922,584330822,68805120,4096
1625724922,584919100,68805128,4096
1625724922,584919100,68805136,4096
1625724922,584919100,68805144,4096
1625724922,584919100,68805152,4096
1625724922,584919100,68805160,2048
1625724922,662366758,6836000,4096
1625724922,71896671,6827488,4096
1625724922,719629395,2871544,4096
1625724922,719629395,2871552,4096
1625724922,719629395,2871560,4096
1625724922,719629395,2871568,4096
1625724922,720362595,2871576,4096
1625724922,720362595,2871584,4096
1625724922,720362595,2871592,4096
1625724922,720362595,2871600,4096
1625724922,720362595,2871608,4096
1625724922,720362595,2871616,512
1625724922,7984775,1100064,4096
1625724922,7985848,1100072,4096
1625724922,7985848,1100080,3072
1625724922,841665948,6837552,4096
1625724922,886261285,1680736,4096
1625724922,886261285,1680744,3584
1625724922,93097222,48936240,4096
1625724922,93878730,2868976,4096
1625724922,93878730,2868984,4096
1625724922,93878730,2868992,4096
1625724922,93878730,2869000,4096
1625724922,94576505,2869008,4096
1625724922,94576505,2869016,4096
1625724922,94576505,2869024,4096
1625724922,94576505,2869032,4096
1625724922,94576505,2869040,4096
1625724922,94576505,2869048,512
1625724922,978127121,6838136,4096
1625724923,1021293343,3186770,4096
1625724923,1021293343,3186778,4096
1625724923,1021293343,3186786,4096
1625724923,1021293343,3186794,4096
1625724923,1021294417,3186802,4096
1625724923,1021294417,3186810,4096
1625724923,1021294417,3186818,4096
1625724923,1021294417,3186826,4096
1625724923,1021842975,1867341,4096
1625724923,1021842975,1867349,4096
1625724923,1021842975,1867357,4096
1625724923,1021842975,1867365,4096
1625724923,1022005074,3184114,4096
1625724923,1022005074,3184122,4096
1625724923,1022005074,3184130,4096
1625724923,1022005074,3184138,4096
1625724923,1022005074,3184146,4096
1625724923,1022005074,3184154,4096
1625724923,1022006147,3184162,4096
1625724923,1035654626,3187426,4096
1625724923,1035654626,3187434,4096
1625724923,1035654626,3187442,4096
1625724923,1035654626,3187450,4096
1625724923,1035655700,3187458,4096
1625724923,1035655700,3187466,4096
1625724923,1035655700,3187474,4096
1625724923,1035655700,3187482,4096
1625724923,1035691125,1867025,4096
1625724923,1035691125,1867033,4096
1625724923,1035691125,1867041,4096
1625724923,1035691125,1867049,4096
1625724923,1042903972,3183762,4096
1625724923,1042903972,3183770,4096
1625724923,1042903972,3183778,4096
1625724923,1042903972,3183786,4096
1625724923,1042905045,3183794,4096
1625724923,1042905045,3183802,4096
1625724923,1042905045,3183810,4096
1625724923,1042905045,3183818,4096
1625724923,1042921148,6838504,4096
1625724923,117702629,2525280,4096
1625724923,118294128,2526927,4096
1625724923,118294128,2526935,2560
1625724923,178030109,6838184,4096
1625724923,200663783,2526858,4096
1625724923,200663783,2526866,4096
1625724923,200663783,2526874,4096
1625724923,200663783,2526882,4096
1625724923,267744651,2526716,4096
1625724923,267745724,2526724,4096
1625724923,267745724,2526732,4096
1625724923,267745724,2526740,4096
1625724923,267745724,2526748,4096
1625724923,267745724,2526756,4096
1625724923,267745724,2526764,4096
1625724923,267745724,2526772,3072
1625724923,278050251,12764704,4096
1625724923,278050251,12764712,4096
1625724923,278050251,12764720,4096
1625724923,278050251,12764728,4096
1625724923,278473210,12765472,4096
1625724923,278473210,12765480,4096
1625724923,278473210,12765488,4096
1625724923,278473210,12765496,4096
1625724923,278735144,12765856,4096
1625724923,278736217,12765864,4096
1625724923,278736217,12765872,4096
1625724923,278736217,12765880,4096
1625724923,278979902,12764896,4096
1625724923,278979902,12764904,4096
1625724923,278979902,12764912,4096
1625724923,278979902,12764920,4096
1625724923,279549930,12766048,4096
1625724923,279549930,12766056,4096
1625724923,279549930,12766064,4096
1625724923,279549930,12766072,4096
1625724923,279624002,12766176,4096
1625724923,279624002,12766184,4096
1625724923,279624002,12766192,4096
1625724923,279625075,12766200,4096
1625724923,288897968,12766784,4096
1625724923,288897968,12766792,4096
1625724923,288897968,12766800,4096
1625724923,288897968,12766808,4096
1625724923,289433645,12768672,4096
1625724923,289433645,12768680,4096
1625724923,289434718,12768688,4096
1625724923,289434718,12768696,4096
1625724923,289586082,12766848,4096
1625724923,289586082,12766856,4096
1625724923,289587155,12766864,4096
1625724923,289587155,12766872,4096
1625724923,293215585,12767104,4096
1625724923,293215585,12767112,4096
1625724923,293215585,12767120,4096
1625724923,293215585,12767128,4096
1625724923,293784540,12767424,4096
1625724923,293784540,12767432,4096
1625724923,293785614,12767440,4096
1625724923,293785614,12767448,4096
1625724923,293926242,12768000,4096
1625724923,293926242,12768008,4096
1625724923,293926242,12768016,4096
1625724923,293926242,12768024,4096
1625724923,304045053,56667840,4096
1625724923,304045053,56667848,4096
1625724923,304045053,56667856,4096
1625724923,304045053,56667864,4096
1625724923,306728803,56755840,4096
1625724923,306728803,56755848,4096
1625724923,306728803,56755856,4096
1625724923,306728803,56755864,4096
1625724923,306728803,56755872,4096
1625724923,306728803,56755880,4096
1625724923,306728803,56755888,4096
1625724923,306728803,56755896,4096
1625724923,307007913,56757728,4096
1625724923,307007913,56757736,4096
1625724923,307008987,56757744,4096
1625724923,307008987,56757752,4096
1625724923,307008987,56757760,4096
1625724923,307008987,56757768,4096
1625724923,307008987,56757776,4096
1625724923,307008987,56757784,4096
1625724923,307008987,56757792,4096
1625724923,307008987,56757800,4096
1625724923,307008987,56757808,4096
1625724923,307010060,56757816,4096
1625724923,307010060,56757824,4096
1625724923,307010060,56757832,4096
1625724923,307010060,56757840,4096
1625724923,307010060,56757848,4096
1625724923,311072184,56667936,4096
1625724923,311073258,56667944,4096
1625724923,311073258,56667952,4096
1625724923,311073258,56667960,4096
1625724923,321912387,56668000,4096
1625724923,321912387,56668008,4096
1625724923,321912387,56668016,4096
1625724923,321912387,56668024,4096
1625724923,322028325,27788224,4096
1625724923,322028325,27788232,4096
1625724923,322028325,27788240,4096
1625724923,322029399,27788248,4096
1625724923,322055163,27779520,4096
1625724923,322055163,27779528,4096
1625724923,322055163,27779536,4096
1625724923,322055163,27779544,4096
1625724923,322127087,27662816,4096
1625724923,322127087,27662824,4096
1625724923,322127087,27662832,4096
1625724923,322127087,27662840,4096
1625724923,384906441,2525284,4096
1625724923,384906441,2525292,4096
1625724923,384906441,2525300,4096
1625724923,384906441,2525308,4096
1625724923,384906441,2525316,4096
1625724923,384906441,2525324,4096
1625724923,384907514,2525332,4096
1625724923,384907514,2525340,4096
1625724923,385540879,48942896,4096
1625724923,386134525,901280,4096
1625724923,386620820,901327,512
1625724923,451679214,901324,1536
1625724923,452307212,901283,4096
1625724923,452307212,901291,4096
1625724923,452307212,901299,4096
1625724923,452307212,901307,4096
1625724923,452308285,901315,1024
1625724923,452784919,901317,2560
1625724923,453403255,2526436,4096
1625724923,453403255,2526444,4096
1625724923,453404329,2526452,4096
1625724923,453404329,2526460,4096
1625724923,453404329,2526468,4096
1625724923,453404329,2526476,4096
1625724923,453404329,2526484,4096
1625724923,453404329,2526492,4096
1625724923,454003342,2526778,4096
1625724923,454003342,2526786,1536
1625724923,454624898,2526564,4096
1625724923,454624898,2526572,4096
1625724923,454624898,2526580,4096
1625724923,454624898,2526588,4096
1625724923,454624898,2526596,4096
1625724923,454624898,2526604,4096
1625724923,454624898,2526612,4096
1625724923,454625972,2526620,4096
1625724923,455375275,2525404,4096
1625724923,455375275,2525412,4096
1625724923,455375275,2525420,4096
1625724923,455375275,2525428,4096
1625724923,455376348,2525436,4096
1625724923,455376348,2525444,4096
1625724923,455376348,2525452,4096
1625724923,455376348,2525460,4096
1625724923,456042992,2526372,4096
1625724923,456042992,2526380,4096
1625724923,456044065,2526388,4096
1625724923,456044065,2526396,4096
1625724923,456044065,2526404,4096
1625724923,456044065,2526412,4096
1625724923,456044065,2526420,4096
1625724923,456044065,2526428,4096
1625724923,456653813,2525348,4096
1625724923,456653813,2525356,4096
1625724923,456653813,2525364,4096
1625724923,456653813,2525372,4096
1625724923,456653813,2525380,4096
1625724923,456654887,2525388,4096
1625724923,456654887,2525396,4096
1625724923,457727313,2525484,4096
1625724923,457727313,2525492,4096
1625724923,457728387,2525500,4096
1625724923,457728387,2525508,4096
1625724923,457728387,2525516,4096
1625724923,457728387,2525524,4096
1625724923,457728387,2525532,4096
1625724923,457728387,2525540,4096
1625724923,459749787,2525628,4096
1625724923,459750861,2525636,4096
1625724923,459750861,2525644,4096
1625724923,459750861,2525652,4096
1625724923,459750861,2525660,4096
1625724923,459750861,2525668,4096
1625724923,459750861,2525676,4096
1625724923,459750861,2525684,4096
1625724923,460503384,2525700,4096
1625724923,460503384,2525708,4096
1625724923,460503384,2525716,4096
1625724923,460503384,2525724,4096
1625724923,460504458,2525732,4096
1625724923,460504458,2525740,4096
1625724923,460504458,2525748,4096
1625724923,460504458,2525756,4096
1625724923,461238732,2525836,4096
1625724923,461238732,2525844,4096
1625724923,461238732,2525852,4096
1625724923,461238732,2525860,4096
1625724923,461238732,2525868,4096
1625724923,461238732,2525876,4096
1625724923,461238732,2525884,4096
1625724923,461238732,2525892,4096
1625724923,461935433,2526020,4096
1625724923,461935433,2526028,4096
1625724923,461935433,2526036,4096
1625724923,461935433,2526044,4096
1625724923,461935433,2526052,4096
1625724923,461936507,2526060,4096
1625724923,461936507,2526068,4096
1625724923,461936507,2526076,4096
1625724923,462627841,2525564,4096
1625724923,462628914,2525572,4096
1625724923,462628914,2525580,4096
1625724923,462628914,2525588,4096
1625724923,462628914,2525596,4096
1625724923,462628914,2525604,4096
1625724923,462628914,2525612,4096
1625724923,462628914,2525620,4096
1625724923,463325616,2525940,4096
1625724923,463325616,2525948,4096
1625724923,463325616,2525956,4096
1625724923,463325616,2525964,4096
1625724923,463325616,2525972,4096
1625724923,463325616,2525980,4096
1625724923,463325616,2525988,4096
1625724923,463326689,2525996,4096
1625724923,464059890,6811456,4096
1625724923,464602007,946560,4096
1625724923,465041069,946670,512
1625724923,465550981,946667,1536
1625724923,466127451,946602,4096
1625724923,466127451,946610,4096
1625724923,466127451,946618,4096
1625724923,466127451,946626,4096
1625724923,466127451,946634,4096
1625724923,466127451,946642,4096
1625724923,466127451,946650,4096
1625724923,466127451,946658,1024
1625724923,466670642,946562,4096
1625724923,466670642,946570,4096
1625724923,466670642,946578,4096
1625724923,466670642,946586,4096
1625724923,466670642,946594,4096
1625724923,467130100,946660,1024
1625724923,468515988,48946824,4096
1625724923,469119295,2496704,4096
1625724923,469624914,2497211,4096
1625724923,469624914,2497219,512
1625724923,470178840,2497172,4096
1625724923,470178840,2497180,4096
1625724923,470179913,2497188,4096
1625724923,470179913,2497196,4096
1625724923,470850851,2497083,4096
1625724923,470850851,2497091,4096
1625724923,470850851,2497099,4096
1625724923,470850851,2497107,4096
1625724923,470850851,2497115,4096
1625724923,470850851,2497123,4096
1625724923,470850851,2497131,4096
1625724923,470850851,2497139,3584
1625724923,471556140,2496707,4096
1625724923,471556140,2496715,4096
1625724923,471557214,2496723,4096
1625724923,471557214,2496731,4096
1625724923,471557214,2496739,4096
1625724923,471557214,2496747,4096
1625724923,471557214,2496755,4096
1625724923,471557214,2496763,4096
1625724923,472400985,2497147,4096
1625724923,472400985,2497155,2048
1625724923,473061187,2496891,4096
1625724923,473061187,2496899,4096
1625724923,473061187,2496907,4096
1625724923,473061187,2496915,4096
1625724923,473062261,2496923,4096
1625724923,473062261,2496931,4096
1625724923,473062261,2496939,4096
1625724923,473062261,2496947,4096
1625724923,473777212,2496819,4096
1625724923,473777212,2496827,4096
1625724923,473777212,2496835,4096
1625724923,473777212,2496843,4096
1625724923,473777212,2496851,4096
1625724923,473777212,2496859,4096
1625724923,473777212,2496867,4096
1625724923,473778285,2496875,4096
1625724923,474307521,2496771,4096
1625724923,474307521,2496779,4096
1625724923,474307521,2496787,4096
1625724923,474307521,2496795,4096
1625724923,474307521,2496803,4096
1625724923,474308594,2496811,4096
1625724923,474778787,2497146,512
1625724923,475338081,2497019,4096
1625724923,475338081,2497027,4096
1625724923,475338081,2497035,4096
1625724923,475338081,2497043,4096
1625724923,475338081,2497051,4096
1625724923,475338081,2497059,4096
1625724923,475338081,2497067,4096
1625724923,475338081,2497075,4096
1625724923,476015459,1563365,1536
1625724923,478365351,2602432,4096
1625724923,478800118,2602806,1536
1625724923,479190872,2602803,1536
1625724923,479706152,2602730,4096
1625724923,479706152,2602738,4096
1625724923,479706152,2602746,4096
1625724923,479706152,2602754,4096
1625724923,479706152,2602762,4096
1625724923,479706152,2602770,4096
1625724923,479706152,2602778,4096
1625724923,479707226,2602786,1024
1625724923,480370649,2602434,4096
1625724923,480370649,2602442,4096
1625724923,480370649,2602450,4096
1625724923,480370649,2602458,4096
1625724923,480370649,2602466,4096
1625724923,480370649,2602474,4096
1625724923,480370649,2602482,4096
1625724923,480371722,2602490,4096
1625724923,480892370,2602788,2048
1625724923,481611615,2602666,4096
1625724923,481611615,2602674,4096
1625724923,481611615,2602682,4096
1625724923,481611615,2602690,4096
1625724923,481611615,2602698,4096
1625724923,481611615,2602706,4096
1625724923,481611615,2602714,4096
1625724923,481612688,2602722,4096
1625724923,482208481,2602602,4096
1625724923,482208481,2602610,4096
1625724923,482208481,2602618,4096
1625724923,482208481,2602626,4096
1625724923,482208481,2602634,4096
1625724923,482208481,2602642,4096
1625724923,482208481,2602650,4096
1625724923,482209554,2602658,4096
1625724923,482835405,2602538,4096
1625724923,482835405,2602546,4096
1625724923,482835405,2602554,4096
1625724923,482835405,2602562,4096
1625724923,482835405,2602570,4096
1625724923,482835405,2602578,4096
1625724923,482835405,2602586,4096
1625724923,482836478,2602594,4096
1625724923,519964549,3181704,4096
1625724923,520518475,3188572,4096
1625724923,520518475,3188580,4096
1625724923,521135738,3188553,4096
1625724923,521135738,3188561,4096
1625724923,521135738,3188569,1536
1625724923,522645079,6257752,4096
1625724923,522645079,6257760,4096
1625724923,522645079,6257768,4096
1625724923,522645079,6257776,3584
1625724923,523269856,6813176,4096
1625724923,523913956,6813928,4096
1625724923,523913956,6813936,4096
1625724923,523913956,6813944,4096
1625724923,523913956,6813952,4096
1625724923,523913956,6813960,4096
1625724923,523913956,6813968,4096
1625724923,523913956,6813976,4096
1625724923,523915029,6813984,4096
1625724923,523915029,6813992,4096
1625724923,523915029,6814000,4096
1625724923,523915029,6814008,4096
1625724923,523915029,6814016,4096
1625724923,523915029,6814024,4096
1625724923,523915029,6814032,4096
1625724923,524414207,6815096,4096
1625724923,524801740,6815728,4096
1625724923,525306285,6816616,4096
1625724923,525307359,6816624,4096
1625724923,525307359,6816632,4096
1625724923,525307359,6816640,4096
1625724923,526249892,473048,4096
1625724923,526249892,473056,4096
1625724923,526250965,473064,4096
1625724923,526250965,473072,4096
1625724923,526250965,473080,4096
1625724923,526250965,473088,4096
1625724923,526250965,473096,4096
1625724923,526250965,473104,4096
1625724923,526250965,473112,4096
1625724923,526250965,473120,4096
1625724923,526250965,473128,4096
1625724923,526252039,473136,4096
1625724923,526252039,473144,4096
1625724923,526252039,473152,4096
1625724923,526252039,473160,4096
1625724923,526866081,478608,4096
1625724923,526867154,478616,4096
1625724923,527932066,3410224,4096
1625724923,528046931,597072,4096
1625724923,528117782,3354360,4096
1625724923,528518197,3181704,4096
1625724923,528655605,925688,4096
1625724923,529107549,1920848,4096
1625724923,529254618,2528608,4096
1625724923,529689386,2627320,4096
1625724923,529812838,3060680,4096
1625724923,530173534,2739664,4096
1625724923,530310942,1867440,4096
1625724923,530769327,1258712,4096
1625724923,530906735,2886144,4096
1625724923,531344723,1774880,4096
1625724923,531468175,963720,4096
1625724923,531800960,3059840,4096
1625724923,532184200,537912,4096
1625724923,532184200,537920,4096
1625724923,532184200,537928,4096
1625724923,532184200,537936,4096
1625724923,532185273,537944,4096
1625724923,532185273,537952,4096
1625724923,532185273,537960,4096
1625724923,532185273,537968,4096
1625724923,532185273,537976,4096
1625724923,532185273,537984,4096
1625724923,532185273,537992,4096
1625724923,532185273,538000,4096
1625724923,532185273,538008,4096
1625724923,532186347,538016,4096
1625724923,532186347,538024,4096
1625724923,532186347,538032,4096
1625724923,533436974,3181706,4096
1625724923,533436974,3181714,4096
1625724923,533436974,3181722,4096
1625724923,533436974,3181730,4096
1625724923,533436974,3181738,4096
1625724923,533438048,3181746,4096
1625724923,533438048,3181754,4096
1625724923,533438048,3181762,4096
1625724923,533438048,3181770,4096
1625724923,533438048,3181778,4096
1625724923,533438048,3181786,4096
1625724923,533438048,3181794,4096
1625724923,533438048,3181802,4096
1625724923,533438048,3181810,4096
1625724923,533439121,3181818,4096
1625724923,533439121,3181826,4096
1625724923,533439121,3181834,4096
1625724923,533439121,3181842,4096
1625724923,533444489,3181850,4096
1625724923,533444489,3181858,4096
1625724923,533444489,3181866,4096
1625724923,533444489,3181874,4096
1625724923,533444489,3181882,4096
1625724923,533444489,3181890,4096
1625724923,533445562,3181898,4096
1625724923,533445562,3181906,4096
1625724923,533445562,3181914,4096
1625724923,533445562,3181922,4096
1625724923,533445562,3181930,4096
1625724923,533445562,3181938,4096
1625724923,533445562,3181946,4096
1625724923,533445562,3181954,4096
1625724923,533593705,3181962,4096
1625724923,533593705,3181970,4096
1625724923,533593705,3181978,4096
1625724923,533593705,3181986,4096
1625724923,533593705,3181994,4096
1625724923,533593705,3182002,4096
1625724923,533594779,3182010,4096
1625724923,533594779,3182018,4096
1625724923,533594779,3182026,4096
1625724923,533594779,3182034,4096
1625724923,533594779,3182042,4096
1625724923,533594779,3182050,4096
1625724923,533594779,3182058,4096
1625724923,533594779,3182066,4096
1625724923,533595852,3182074,4096
1625724923,533595852,3182082,4096
1625724923,533595852,3182090,4096
1625724923,533595852,3182098,4096
1625724923,533595852,3182106,4096
1625724923,533595852,3182114,3584
1625724923,533855639,3182121,4096
1625724923,533855639,3182129,4096
1625724923,533855639,3182137,4096
1625724923,533855639,3182145,4096
1625724923,533856713,3182153,4096
1625724923,533856713,3182161,4096
1625724923,533856713,3182169,4096
1625724923,533856713,3182177,4096
1625724923,533856713,3182185,4096
1625724923,533856713,3182193,4096
1625724923,533856713,3182201,4096
1625724923,533856713,3182209,4096
1625724923,533856713,3182217,4096
1625724923,533857786,3182225,4096
1625724923,533857786,3182233,4096
1625724923,533857786,3182241,4096
1625724923,533864227,3182249,4096
1625724923,533864227,3182257,4096
1625724923,533864227,3182265,4096
1625724923,533864227,3182273,4096
1625724923,533864227,3182281,4096
1625724923,533864227,3182289,4096
1625724923,533864227,3182297,4096
1625724923,533865301,3182305,4096
1625724923,533865301,3182313,4096
1625724923,533865301,3182321,4096
1625724923,533865301,3182329,4096
1625724923,533865301,3182337,4096
1625724923,533865301,3182345,4096
1625724923,533865301,3182353,4096
1625724923,533865301,3182361,4096
1625724923,533865301,3182369,4096
1625724923,534048869,3182377,4096
1625724923,534048869,3182385,4096
1625724923,534048869,3182393,4096
1625724923,534048869,3182401,4096
1625724923,534048869,3182409,4096
1625724923,534048869,3182417,4096
1625724923,534049943,3182425,4096
1625724923,534049943,3182433,4096
1625724923,534049943,3182441,4096
1625724923,534049943,3182449,4096
1625724923,534049943,3182457,4096
1625724923,534049943,3182465,4096
1625724923,534049943,3182473,4096
1625724923,534049943,3182481,4096
1625724923,534049943,3182489,4096
1625724923,534051016,3182497,4096
1625724923,534051016,3182505,4096
1625724923,534051016,3182513,4096
1625724923,534051016,3182521,4096
1625724923,534051016,3182529,3584
1625724923,534312950,3182536,4096
1625724923,534314024,3182544,4096
1625724923,534314024,3182552,4096
1625724923,534314024,3182560,4096
1625724923,534314024,3182568,4096
1625724923,534314024,3182576,4096
1625724923,534314024,3182584,4096
1625724923,534314024,3182592,4096
1625724923,534314024,3182600,4096
1625724923,534314024,3182608,4096
1625724923,534315097,3182616,4096
1625724923,534315097,3182624,4096
1625724923,534315097,3182632,4096
1625724923,534315097,3182640,4096
1625724923,534315097,3182648,4096
1625724923,534315097,3182656,4096
1625724923,534321538,3182664,4096
1625724923,534321538,3182672,4096
1625724923,534322612,3182680,4096
1625724923,534322612,3182688,4096
1625724923,534322612,3182696,4096
1625724923,534322612,3182704,4096
1625724923,534322612,3182712,4096
1625724923,534322612,3182720,4096
1625724923,534322612,3182728,4096
1625724923,534322612,3182736,4096
1625724923,534322612,3182744,4096
1625724923,534323685,3182752,4096
1625724923,534323685,3182760,4096
1625724923,534323685,3182768,4096
1625724923,534323685,3182776,4096
1625724923,534323685,3182784,4096
1625724923,534461093,3182792,4096
1625724923,534461093,3182800,4096
1625724923,534462167,3182808,4096
1625724923,534462167,3182816,4096
1625724923,534462167,3182824,4096
1625724923,534462167,3182832,4096
1625724923,534462167,3182840,4096
1625724923,534462167,3182848,4096
1625724923,534463240,3182856,4096
1625724923,534463240,3182864,4096
1625724923,534463240,3182872,4096
1625724923,534463240,3182880,4096
1625724923,534463240,3182888,4096
1625724923,534463240,3182896,4096
1625724923,534463240,3182904,4096
1625724923,534463240,3182912,4096
1625724923,534463240,3182920,4096
1625724923,534464314,3182928,4096
1625724923,534464314,3182936,4096
1625724923,534464314,3182944,3584
1625724923,534718733,3182951,4096
1625724923,534718733,3182959,4096
1625724923,534718733,3182967,4096
1625724923,534718733,3182975,4096
1625724923,534718733,3182983,4096
1625724923,534718733,3182991,4096
1625724923,534718733,3182999,4096
1625724923,534718733,3183007,4096
1625724923,534719807,3183015,4096
1625724923,534719807,3183023,4096
1625724923,534719807,3183031,4096
1625724923,534719807,3183039,4096
1625724923,534719807,3183047,4096
1625724923,534719807,3183055,4096
1625724923,534719807,3183063,4096
1625724923,534719807,3183071,4096
1625724923,534731615,3183079,4096
1625724923,534731615,3183087,4096
1625724923,534731615,3183095,4096
1625724923,534731615,3183103,4096
1625724923,534731615,3183111,4096
1625724923,534731615,3183119,4096
1625724923,534731615,3183127,4096
1625724923,534732689,3183135,4096
1625724923,534732689,3183143,4096
1625724923,534732689,3183151,4096
1625724923,534732689,3183159,4096
1625724923,534732689,3183167,4096
1625724923,534732689,3183175,4096
1625724923,534732689,3183183,4096
1625724923,534732689,3183191,4096
1625724923,534732689,3183199,4096
1625724923,535623694,3183366,4096
1625724923,535623694,3183374,4096
1625724923,535623694,3183382,4096
1625724923,535623694,3183390,4096
1625724923,535624767,3183398,4096
1625724923,535624767,3183406,4096
1625724923,535624767,3183414,4096
1625724923,535624767,3183422,4096
1625724923,535624767,3183430,4096
1625724923,535624767,3183438,4096
1625724923,535624767,3183446,4096
1625724923,535624767,3183454,4096
1625724923,535624767,3183462,4096
1625724923,535624767,3183470,4096
1625724923,535625841,3183478,4096
1625724923,535625841,3183486,4096
1625724923,535625841,3183494,4096
1625724923,535625841,3183502,4096
1625724923,535630135,3183510,4096
1625724923,535631208,3183518,4096
1625724923,535631208,3183526,4096
1625724923,535631208,3183534,4096
1625724923,535631208,3183542,4096
1625724923,535631208,3183550,4096
1625724923,535631208,3183558,4096
1625724923,535631208,3183566,4096
1625724923,535631208,3183574,4096
1625724923,535631208,3183582,4096
1625724923,535632282,3183590,4096
1625724923,535632282,3183598,4096
1625724923,535632282,3183606,4096
1625724923,535632282,3183614,4096
1625724923,535780425,3183622,4096
1625724923,535781498,3183630,4096
1625724923,535781498,3183638,4096
1625724923,535781498,3183646,4096
1625724923,535781498,3183654,4096
1625724923,535781498,3183662,4096
1625724923,535781498,3183670,4096
1625724923,535781498,3183678,4096
1625724923,535781498,3183686,4096
1625724923,535781498,3183694,4096
1625724923,535782572,3183702,4096
1625724923,535782572,3183710,4096
1625724923,535782572,3183718,4096
1625724923,535782572,3183726,4096
1625724923,535782572,3183734,4096
1625724923,535782572,3183742,4096
1625724923,535782572,3183750,4096
1625724923,535782572,3183758,4096
1625724923,535782572,3183766,4096
1625724923,535783645,3183774,3584
1625724923,536610240,3183781,4096
1625724923,536611314,3183789,4096
1625724923,536611314,3183797,4096
1625724923,536611314,3183805,4096
1625724923,536611314,3183813,4096
1625724923,536611314,3183821,4096
1625724923,536611314,3183829,4096
1625724923,536611314,3183837,4096
1625724923,536611314,3183845,4096
1625724923,536611314,3183853,4096
1625724923,536612387,3183861,4096
1625724923,536612387,3183869,4096
1625724923,536612387,3183877,4096
1625724923,536612387,3183885,4096
1625724923,536612387,3183893,4096
1625724923,536612387,3183901,4096
1625724923,536616681,3183909,4096
1625724923,536617755,3183917,4096
1625724923,536617755,3183925,4096
1625724923,536617755,3183933,4096
1625724923,536617755,3183941,4096
1625724923,536617755,3183949,4096
1625724923,536617755,3183957,4096
1625724923,536617755,3183965,4096
1625724923,536617755,3183973,4096
1625724923,536618828,3183981,4096
1625724923,536618828,3183989,4096
1625724923,536618828,3183997,4096
1625724923,536618828,3184005,4096
1625724923,536618828,3184013,4096
1625724923,536618828,3184021,4096
1625724923,536618828,3184029,4096
1625724923,536766971,3184037,4096
1625724923,536766971,3184045,4096
1625724923,536766971,3184053,4096
1625724923,536766971,3184061,4096
1625724923,536766971,3184069,4096
1625724923,536766971,3184077,4096
1625724923,536766971,3184085,4096
1625724923,536766971,3184093,4096
1625724923,536766971,3184101,4096
1625724923,536768045,3184109,4096
1625724923,536768045,3184117,4096
1625724923,536768045,3184125,4096
1625724923,536768045,3184133,4096
1625724923,536768045,3184141,4096
1625724923,536768045,3184149,4096
1625724923,536768045,3184157,4096
1625724923,536768045,3184165,4096
1625724923,536768045,3184173,4096
1625724923,536769118,3184181,4096
1625724923,536769118,3184189,2560
1625724923,538163595,3184658,4096
1625724923,538435190,3183207,4096
1625724923,538435190,3183215,4096
1625724923,538436264,3183223,4096
1625724923,538436264,3183231,4096
1625724923,538436264,3183239,4096
1625724923,538436264,3183247,4096
1625724923,538436264,3183255,4096
1625724923,538436264,3183263,4096
1625724923,538436264,3183271,4096
1625724923,538436264,3183279,4096
1625724923,538437337,3183287,4096
1625724923,538437337,3183295,4096
1625724923,538437337,3183303,4096
1625724923,538437337,3183311,4096
1625724923,538437337,3183319,4096
1625724923,538437337,3183327,4096
1625724923,538437337,3183335,4096
1625724923,538437337,3183343,4096
1625724923,538437337,3183351,4096
1625724923,538438411,3183359,3584
1625724923,538519997,3185026,4096
1625724923,538519997,3185034,4096
1625724923,538519997,3185042,4096
1625724923,538519997,3185050,4096
1625724923,538519997,3185058,4096
1625724923,539828593,3186010,4096
1625724923,539828593,3186018,4096
1625724923,539828593,3186026,4096
1625724923,539828593,3186034,4096
1625724923,539828593,3186042,4096
1625724923,539829667,3186050,4096
1625724923,539829667,3186058,4096
1625724923,539829667,3186066,4096
1625724923,539829667,3186074,4096
1625724923,539829667,3186082,4096
1625724923,539829667,3186090,4096
1625724923,539829667,3186098,4096
1625724923,539829667,3186106,4096
1625724923,539829667,3186114,4096
1625724923,539830740,3186122,4096
1625724923,539830740,3186130,4096
1625724923,539830740,3186138,4096
1625724923,539830740,3186146,4096
1625724923,539836108,3186154,4096
1625724923,539836108,3186162,4096
1625724923,539836108,3186170,4096
1625724923,539836108,3186178,4096
1625724923,539836108,3186186,4096
1625724923,539836108,3186194,4096
1625724923,539836108,3186202,4096
1625724923,539836108,3186210,4096
1625724923,539836108,3186218,4096
1625724923,539837181,3186226,4096
1625724923,539837181,3186234,4096
1625724923,539837181,3186242,4096
1625724923,539837181,3186250,4096
1625724923,539837181,3186258,4096
1625724923,539908032,3186266,4096
1625724923,539908032,3186274,4096
1625724923,539908032,3186282,4096
1625724923,539908032,3186290,4096
1625724923,539908032,3186298,4096
1625724923,539909106,3186306,4096
1625724923,539909106,3186314,4096
1625724923,539909106,3186322,4096
1625724923,539909106,3186330,1536
1625724923,540158158,3186333,4096
1625724923,540158158,3186341,4096
1625724923,540158158,3186349,4096
1625724923,540158158,3186357,4096
1625724923,540158158,3186365,4096
1625724923,540159231,3186373,4096
1625724923,540159231,3186381,4096
1625724923,540159231,3186389,4096
1625724923,540159231,3186397,4096
1625724923,540159231,3186405,4096
1625724923,540159231,3186413,4096
1625724923,540159231,3186421,4096
1625724923,540159231,3186429,4096
1625724923,540159231,3186437,4096
1625724923,540160305,3186445,4096
1625724923,540160305,3186453,4096
1625724923,540165672,3186461,4096
1625724923,540165672,3186469,4096
1625724923,540165672,3186477,4096
1625724923,540165672,3186485,4096
1625724923,540165672,3186493,4096
1625724923,540165672,3186501,4096
1625724923,540166746,3186509,4096
1625724923,540166746,3186517,4096
1625724923,540166746,3186525,4096
1625724923,540166746,3186533,4096
1625724923,540166746,3186541,4096
1625724923,540166746,3186549,4096
1625724923,540166746,3186557,4096
1625724923,540166746,3186565,4096
1625724923,540167819,3186573,4096
1625724923,540167819,3186581,4096
1625724923,540220421,3186589,4096
1625724923,540220421,3186597,4096
1625724923,540220421,3186605,4096
1625724923,540220421,3186613,4096
1625724923,540221494,3186621,4096
1625724923,540221494,3186629,4096
1625724923,540221494,3186637,4096
1625724923,540221494,3186645,4096
1625724923,540221494,3186653,1536
1625724923,540547838,3186656,4096
1625724923,540547838,3186664,4096
1625724923,540548912,3186672,4096
1625724923,540548912,3186680,4096
1625724923,540548912,3186688,4096
1625724923,540548912,3186696,4096
1625724923,540548912,3186704,4096
1625724923,540548912,3186712,4096
1625724923,540548912,3186720,4096
1625724923,540548912,3186728,4096
1625724923,540549985,3186736,4096
1625724923,540549985,3186744,4096
1625724923,540549985,3186752,4096
1625724923,540549985,3186760,4096
1625724923,540549985,3186768,4096
1625724923,540549985,3186776,4096
1625724923,540555353,3186784,4096
1625724923,540555353,3186792,4096
1625724923,540556426,3186800,4096
1625724923,540556426,3186808,4096
1625724923,540556426,3186816,4096
1625724923,540556426,3186824,4096
1625724923,540556426,3186832,4096
1625724923,540556426,3186840,4096
1625724923,540556426,3186848,4096
1625724923,540556426,3186856,4096
1625724923,540557500,3186864,4096
1625724923,540557500,3186872,4096
1625724923,540557500,3186880,4096
1625724923,540557500,3186888,4096
1625724923,540557500,3186896,4096
1625724923,540557500,3186904,4096
1625724923,540610101,3186912,4096
1625724923,540610101,3186920,4096
1625724923,540610101,3186928,4096
1625724923,540610101,3186936,4096
1625724923,540610101,3186944,4096
1625724923,540610101,3186952,4096
1625724923,540611175,3186960,4096
1625724923,540611175,3186968,4096
1625724923,540611175,3186976,1536
1625724923,540863447,3186979,4096
1625724923,540864521,3186987,4096
1625724923,540864521,3186995,4096
1625724923,540864521,3187003,4096
1625724923,540864521,3187011,4096
1625724923,540864521,3187019,4096
1625724923,540864521,3187027,4096
1625724923,540864521,3187035,4096
1625724923,540864521,3187043,4096
1625724923,540865594,3187051,4096
1625724923,540865594,3187059,4096
1625724923,540865594,3187067,4096
1625724923,540865594,3187075,4096
1625724923,540865594,3187083,4096
1625724923,540865594,3187091,4096
1625724923,540865594,3187099,4096
1625724923,540872035,3187107,4096
1625724923,540872035,3187115,4096
1625724923,540872035,3187123,4096
1625724923,540872035,3187131,4096
1625724923,540873109,3187139,4096
1625724923,540873109,3187147,4096
1625724923,540873109,3187155,4096
1625724923,540873109,3187163,4096
1625724923,540873109,3187171,4096
1625724923,540873109,3187179,4096
1625724923,540873109,3187187,4096
1625724923,540873109,3187195,4096
1625724923,540873109,3187203,4096
1625724923,540874182,3187211,4096
1625724923,540874182,3187219,4096
1625724923,540874182,3187227,4096
1625724923,541558002,3187302,4096
1625724923,541559075,3187310,4096
1625724923,541559075,3187318,4096
1625724923,541559075,3187326,4096
1625724923,541559075,3187334,4096
1625724923,541559075,3187342,4096
1625724923,541559075,3187350,4096
1625724923,541559075,3187358,4096
1625724923,541559075,3187366,4096
1625724923,541559075,3187374,4096
1625724923,541560149,3187382,4096
1625724923,541560149,3187390,4096
1625724923,541560149,3187398,4096
1625724923,541560149,3187406,4096
1625724923,541560149,3187414,4096
1625724923,541560149,3187422,4096
1625724923,541560149,3187430,4096
1625724923,541560149,3187438,4096
1625724923,541564443,3187446,4096
1625724923,541564443,3187454,4096
1625724923,541565516,3187462,4096
1625724923,541565516,3187470,4096
1625724923,541565516,3187478,4096
1625724923,541565516,3187486,4096
1625724923,541565516,3187494,4096
1625724923,541565516,3187502,4096
1625724923,541565516,3187510,4096
1625724923,541565516,3187518,4096
1625724923,541565516,3187526,4096
1625724923,541566590,3187534,4096
1625724923,541566590,3187542,4096
1625724923,541566590,3187550,4096
1625724923,541641735,3187558,4096
1625724923,541641735,3187566,4096
1625724923,541641735,3187574,4096
1625724923,541641735,3187582,4096
1625724923,541641735,3187590,4096
1625724923,541642808,3187598,4096
1625724923,541642808,3187606,4096
1625724923,541642808,3187614,4096
1625724923,541642808,3187622,1536
1625724923,542285835,3187625,4096
1625724923,542285835,3187633,4096
1625724923,542285835,3187641,4096
1625724923,542285835,3187649,4096
1625724923,542285835,3187657,4096
1625724923,542285835,3187665,4096
1625724923,542285835,3187673,4096
1625724923,542285835,3187681,4096
1625724923,542285835,3187689,4096
1625724923,542286908,3187697,4096
1625724923,542286908,3187705,4096
1625724923,542286908,3187713,4096
1625724923,542286908,3187721,4096
1625724923,542286908,3187729,4096
1625724923,542286908,3187737,4096
1625724923,542286908,3187745,4096
1625724923,542292276,3187753,4096
1625724923,542292276,3187761,4096
1625724923,542292276,3187769,4096
1625724923,542292276,3187777,4096
1625724923,542292276,3187785,4096
1625724923,542293349,3187793,4096
1625724923,542293349,3187801,4096
1625724923,542293349,3187809,4096
1625724923,542293349,3187817,4096
1625724923,542293349,3187825,4096
1625724923,542293349,3187833,4096
1625724923,542293349,3187841,4096
1625724923,542293349,3187849,4096
1625724923,542293349,3187857,4096
1625724923,542294423,3187865,4096
1625724923,542294423,3187873,4096
1625724923,542345951,3187881,4096
1625724923,542345951,3187889,4096
1625724923,542345951,3187897,4096
1625724923,542345951,3187905,4096
1625724923,542345951,3187913,4096
1625724923,542345951,3187921,4096
1625724923,542347024,3187929,4096
1625724923,542347024,3187937,4096
1625724923,542347024,3187945,512
1625724923,543556859,3187993,4096
1625724923,543556859,3188001,4096
1625724923,543556859,3188009,4096
1625724923,543556859,3188017,4096
1625724923,543556859,3188025,4096
1625724923,543556859,3188033,4096
1625724923,543557932,3188041,4096
1625724923,543557932,3188049,4096
1625724923,543557932,3188057,4096
1625724923,543557932,3188065,4096
1625724923,543557932,3188073,4096
1625724923,543557932,3188081,4096
1625724923,543557932,3188089,4096
1625724923,543557932,3188097,4096
1625724923,543557932,3188105,4096
1625724923,543559006,3188113,4096
1625724923,543559006,3188121,4096
1625724923,543559006,3188129,4096
1625724923,543559006,3188137,2560
1625724923,543632004,3187235,4096
1625724923,543632004,3187243,4096
1625724923,543632004,3187251,4096
1625724923,543632004,3187259,4096
1625724923,543632004,3187267,4096
1625724923,543632004,3187275,4096
1625724923,543632004,3187283,4096
1625724923,543633077,3187291,4096
1625724923,543633077,3187299,1536
1625724923,543780147,3188142,4096
1625724923,543780147,3188150,4096
1625724923,543780147,3188158,4096
1625724923,543780147,3188166,4096
1625724923,543780147,3188174,4096
1625724923,543781220,3188182,4096
1625724923,543781220,3188190,4096
1625724923,543781220,3188198,4096
1625724923,543781220,3188206,4096
1625724923,543781220,3188214,4096
1625724923,543781220,3188222,4096
1625724923,543781220,3188230,4096
1625724923,543781220,3188238,4096
1625724923,543781220,3188246,4096
1625724923,543782294,3188254,4096
1625724923,543782294,3188262,4096
1625724923,543782294,3188270,4096
1625724923,543782294,3188278,4096
1625724923,543782294,3188286,2560
1625724923,543929363,3188291,4096
1625724923,543929363,3188299,4096
1625724923,543929363,3188307,4096
1625724923,543929363,3188315,4096
1625724923,543930437,3188323,4096
1625724923,543930437,3188331,4096
1625724923,543930437,3188339,4096
1625724923,543930437,3188347,4096
1625724923,543930437,3188355,4096
1625724923,543930437,3188363,4096
1625724923,543930437,3188371,4096
1625724923,543930437,3188379,4096
1625724923,543930437,3188387,4096
1625724923,543931510,3188395,4096
1625724923,543931510,3188403,4096
1625724923,543931510,3188411,4096
1625724923,543931510,3188419,4096
1625724923,543931510,3188427,4096
1625724923,543931510,3188435,1536
1625724923,545027554,2629486,4096
1625724923,545309884,3059843,4096
1625724923,545309884,3059851,4096
1625724923,545309884,3059859,4096
1625724923,545309884,3059867,4096
1625724923,545309884,3059875,4096
1625724923,545309884,3059883,4096
1625724923,545309884,3059891,4096
1625724923,545309884,3059899,4096
1625724923,545309884,3059907,4096
1625724923,545310958,3059915,4096
1625724923,545310958,3059923,1536
1625724923,545418308,3059926,1536
1625724923,545796180,3059929,512
1625724923,545928220,3059930,4096
1625724923,545928220,3059938,4096
1625724923,545928220,3059946,4096
1625724923,545928220,3059954,3072
1625724923,546282475,3059960,4096
1625724923,546282475,3059968,4096
1625724923,546282475,3059976,3584
1625724923,546378017,3059983,4096
1625724923,546378017,3059991,2048
1625724923,546732272,3059995,512
1625724923,547214273,3059996,4096
1625724923,547214273,3060004,4096
1625724923,547214273,3060012,4096
1625724923,547214273,3060020,4096
1625724923,547214273,3060028,4096
1625724923,547214273,3060036,4096
1625724923,547214273,3060044,4096
1625724923,547214273,3060052,4096
1625724923,547214273,3060060,4096
1625724923,547215347,3060068,4096
1625724923,547215347,3060076,4096
1625724923,547215347,3060084,4096
1625724923,547215347,3060092,4096
1625724923,547218567,3060100,4096
1625724923,547219641,3060108,4096
1625724923,547219641,3060116,4096
1625724923,547219641,3060124,4096
1625724923,547219641,3060132,4096
1625724923,547219641,3060140,4096
1625724923,547219641,3060148,4096
1625724923,547219641,3060156,4096
1625724923,547219641,3060164,4096
1625724923,547220714,3060172,4096
1625724923,547220714,3060180,2560
1625724923,547411797,3060185,4096
1625724923,547411797,3060193,4096
1625724923,547411797,3060201,4096
1625724923,547412871,3060209,4096
1625724923,547412871,3060217,4096
1625724923,547412871,3060225,4096
1625724923,547412871,3060233,4096
1625724923,547412871,3060241,4096
1625724923,547412871,3060249,4096
1625724923,547412871,3060257,4096
1625724923,547412871,3060265,4096
1625724923,547412871,3060273,4096
1625724923,547413944,3060281,4096
1625724923,547413944,3060289,4096
1625724923,547413944,3060297,4096
1625724923,547413944,3060305,4096
1625724923,547413944,3060313,4096
1625724923,547413944,3060321,4096
1625724923,547413944,3060329,4096
1625724923,547413944,3060337,4096
1625724923,547413944,3060345,4096
1625724923,547415018,3060353,4096
1625724923,547415018,3060361,4096
1625724923,547415018,3060369,2560
1625724923,547608248,3060374,4096
1625724923,547608248,3060382,4096
1625724923,547608248,3060390,4096
1625724923,547609321,3060398,4096
1625724923,547609321,3060406,4096
1625724923,547609321,3060414,4096
1625724923,547609321,3060422,4096
1625724923,547609321,3060430,4096
1625724923,547609321,3060438,4096
1625724923,547609321,3060446,4096
1625724923,547609321,3060454,4096
1625724923,547610395,3060462,4096
1625724923,547610395,3060470,4096
1625724923,547610395,3060478,4096
1625724923,547610395,3060486,4096
1625724923,547610395,3060494,4096
1625724923,547610395,3060502,4096
1625724923,547610395,3060510,4096
1625724923,547610395,3060518,4096
1625724923,547610395,3060526,4096
1625724923,547611468,3060534,4096
1625724923,547611468,3060542,4096
1625724923,547611468,3060550,4096
1625724923,547611468,3060558,2048
1625724923,548468121,3060562,512
1625724923,548634514,3060563,4096
1625724923,548634514,3060571,4096
1625724923,548634514,3060579,4096
1625724923,548634514,3060587,4096
1625724923,548634514,3060595,4096
1625724923,548634514,3060603,4096
1625724923,548635587,3060611,4096
1625724923,548635587,3060619,3584
1625724923,548985548,3060626,4096
1625724923,548985548,3060634,4096
1625724923,548986622,3060642,4096
1625724923,548986622,3060650,1536
1625724923,549081090,3060653,4096
1625724923,549082163,3060661,4096
1625724923,549082163,3060669,512
1625724923,549433198,3060670,1024
1625724923,549539474,3060672,512
1625724923,551120740,3187946,4096
1625724923,551120740,3187954,4096
1625724923,551120740,3187962,4096
1625724923,551120740,3187970,4096
1625724923,551120740,3187978,4096
1625724923,551121813,3187986,3584
1625724923,552808282,916488,4096
1625724923,552808282,916496,4096
1625724923,552808282,916504,4096
1625724923,552808282,916512,512
1625724923,619270814,3182322,4096
1625724923,619270814,3182330,4096
1625724923,619270814,3182338,4096
1625724923,619270814,3182346,4096
1625724923,619271887,3182354,4096
1625724923,619271887,3182362,4096
1625724923,619271887,3182370,4096
1625724923,619271887,3182378,4096
1625724923,620021190,3182874,4096
1625724923,620021190,3182882,4096
1625724923,620021190,3182890,4096
1625724923,620021190,3182898,4096
1625724923,620022264,3182906,4096
1625724923,620022264,3182914,4096
1625724923,620022264,3182922,4096
1625724923,620022264,3182930,4096
1625724923,620699642,3184178,4096
1625724923,620699642,3184186,4096
1625724923,620700716,3184194,4096
1625724923,620700716,3184202,4096
1625724923,620700716,3184210,4096
1625724923,620700716,3184218,4096
1625724923,620700716,3184226,4096
1625724923,620700716,3184234,4096
1625724923,621367359,3182570,4096
1625724923,621367359,3182578,4096
1625724923,621367359,3182586,4096
1625724923,621367359,3182594,4096
1625724923,621367359,3182602,4096
1625724923,621368433,3182610,4096
1625724923,621368433,3182618,4096
1625724923,621368433,3182626,4096
1625724923,621955637,3181938,4096
1625724923,621955637,3181946,4096
1625724923,621955637,3181954,4096
1625724923,621956711,3181962,4096
1625724923,621956711,3181970,4096
1625724923,621956711,3181978,4096
1625724923,621956711,3181986,4096
1625724923,621956711,3181994,4096
1625724923,622657706,3183962,4096
1625724923,622657706,3183970,4096
1625724923,622657706,3183978,4096
1625724923,622657706,3183986,4096
1625724923,622657706,3183994,4096
1625724923,622657706,3184002,4096
1625724923,622657706,3184010,4096
1625724923,622658780,3184018,4096
1625724923,623313615,3186146,4096
1625724923,623313615,3186154,4096
1625724923,623313615,3186162,4096
1625724923,623313615,3186170,4096
1625724923,623313615,3186178,4096
1625724923,623313615,3186186,4096
1625724923,623314688,3186194,4096
1625724923,623314688,3186202,4096
1625724923,623906187,3186602,4096
1625724923,623906187,3186610,4096
1625724923,623906187,3186618,4096
1625724923,623906187,3186626,4096
1625724923,623906187,3186634,4096
1625724923,623907260,3186642,4096
1625724923,623907260,3186650,4096
1625724923,623907260,3186658,4096
1625724923,624482656,3182146,4096
1625724923,624482656,3182154,4096
1625724923,624482656,3182162,4096
1625724923,624482656,3182170,4096
1625724923,624482656,3182178,4096
1625724923,624482656,3182186,4096
1625724923,624482656,3182194,4096
1625724923,624482656,3182202,4096
1625724923,625116021,3182954,4096
1625724923,625116021,3182962,4096
1625724923,625116021,3182970,4096
1625724923,625116021,3182978,4096
1625724923,625117095,3182986,4096
1625724923,625117095,3182994,4096
1625724923,625117095,3183002,4096
1625724923,625117095,3183010,4096
1625724923,625715034,3186098,4096
1625724923,625716108,3186106,4096
1625724923,625716108,3186114,4096
1625724923,625716108,3186122,4096
1625724923,625716108,3186130,4096
1625724923,625716108,3186138,4096
1625724923,626378457,3182698,4096
1625724923,626378457,3182706,4096
1625724923,626378457,3182714,4096
1625724923,626379531,3182722,4096
1625724923,626379531,3182730,4096
1625724923,626379531,3182738,4096
1625724923,626379531,3182746,4096
1625724923,626379531,3182754,4096
1625724923,627055836,3182794,4096
1625724923,627055836,3182802,4096
1625724923,627055836,3182810,4096
1625724923,627055836,3182818,4096
1625724923,627055836,3182826,4096
1625724923,627055836,3182834,4096
1625724923,627055836,3182842,4096
1625724923,627056909,3182850,4096
1625724923,627654849,3185066,4096
1625724923,627654849,3185074,4096
1625724923,627654849,3185082,4096
1625724923,627654849,3185090,4096
1625724923,627654849,3185098,4096
1625724923,627655922,3185106,4096
1625724923,627655922,3185114,4096
1625724923,627655922,3185122,4096
1625724923,628340815,3184034,4096
1625724923,628340815,3184042,4096
1625724923,628340815,3184050,4096
1625724923,628340815,3184058,4096
1625724923,628341889,3184066,4096
1625724923,628341889,3184074,4096
1625724923,628341889,3184082,4096
1625724923,628341889,3184090,4096
1625724923,629014973,3186834,4096
1625724923,629016047,3186842,4096
1625724923,629016047,3186850,4096
1625724923,629016047,3186858,4096
1625724923,629016047,3186866,4096
1625724923,629016047,3186874,4096
1625724923,629016047,3186882,4096
1625724923,629016047,3186890,4096
1625724923,629634383,3183114,4096
1625724923,629634383,3183122,4096
1625724923,629634383,3183130,4096
1625724923,629634383,3183138,4096
1625724923,629634383,3183146,4096
1625724923,629634383,3183154,4096
1625724923,629634383,3183162,4096
1625724923,629635456,3183170,4096
1625724923,631430348,3183906,4096
1625724923,631430348,3183914,4096
1625724923,631430348,3183922,4096
1625724923,631431422,3183930,4096
1625724923,631431422,3183938,4096
1625724923,631431422,3183946,4096
1625724923,631431422,3183954,4096
1625724923,632050831,3187250,4096
1625724923,632050831,3187258,4096
1625724923,632051905,3187266,4096
1625724923,632051905,3187274,4096
1625724923,632051905,3187282,4096
1625724923,632051905,3187290,4096
1625724923,632051905,3187298,4096
1625724923,632676682,3187594,4096
1625724923,632676682,3187602,4096
1625724923,632676682,3187610,4096
1625724923,632676682,3187618,4096
1625724923,632676682,3187626,4096
1625724923,632676682,3187634,4096
1625724923,632676682,3187642,4096
1625724923,632676682,3187650,4096
1625724923,633325076,3182426,4096
1625724923,633325076,3182434,4096
1625724923,633326149,3182442,4096
1625724923,633326149,3182450,4096
1625724923,633326149,3182458,4096
1625724923,633326149,3182466,4096
1625724923,633326149,3182474,4096
1625724923,633326149,3182482,4096
1625724923,633879002,3188209,4096
1625724923,634340607,3182938,4096
1625724923,634340607,3182946,4096
1625724923,634979339,3183834,4096
1625724923,634980413,3183842,4096
1625724923,634980413,3183850,4096
1625724923,634980413,3183858,4096
1625724923,634980413,3183866,4096
1625724923,634980413,3183874,4096
1625724923,634980413,3183882,4096
1625724923,635984135,2602498,4096
1625724923,635984135,2602506,4096
1625724923,635984135,2602514,4096
1625724923,635984135,2602522,4096
1625724923,635984135,2602530,4096
1625724923,668580963,48936272,4096
1625724923,669244386,60884016,4096
1625724923,669244386,60884024,4096
1625724923,669244386,60884032,4096
1625724923,669245459,60884040,4096
1625724923,670038776,60884048,4096
1625724923,670038776,60884056,4096
1625724923,670038776,60884064,4096
1625724923,670038776,60884072,4096
1625724923,670038776,60884080,4096
1625724923,670038776,60884088,4096
1625724923,670038776,60884096,4096
1625724923,670039849,60884104,4096
1625724923,670039849,60884112,4096
1625724923,670039849,60884120,4096
1625724923,670039849,60884128,4096
1625724923,670039849,60884136,4096
1625724923,670039849,60884144,4096
1625724923,670039849,60884152,4096
1625724923,670143979,60884160,4096
1625724923,670143979,60884168,4096
1625724923,670145052,60884176,4096
1625724923,670145052,60884184,4096
1625724923,670145052,60884192,4096
1625724923,670145052,60884200,4096
1625724923,670145052,60884208,4096
1625724923,670145052,60884216,4096
1625724923,670145052,60884224,4096
1625724923,670145052,60884232,4096
1625724923,670145052,60884240,4096
1625724923,670146126,60884248,4096
1625724923,670146126,60884256,4096
1625724923,670146126,60884264,4096
1625724923,670802034,60884272,4096
1625724923,670802034,60884280,2560
1625724923,687384389,2339664,4096
1625724923,687886787,2339852,1024
1625724923,719822338,3182634,4096
1625724923,719822338,3182642,4096
1625724923,719822338,3182650,4096
1625724923,719822338,3182658,4096
1625724923,719822338,3182666,4096
1625724923,719822338,3182674,4096
1625724923,719823412,3182682,4096
1625724923,719823412,3182690,4096
1625724923,720244224,2339849,1536
1625724923,786878516,3187114,4096
1625724923,786878516,3187122,4096
1625724923,786879589,3187130,4096
1625724923,786879589,3187138,4096
1625724923,786879589,3187146,4096
1625724923,786879589,3187154,4096
1625724923,786879589,3187162,4096
1625724923,786879589,3187170,4096
1625724923,787402384,2339805,4096
1625724923,787402384,2339813,4096
1625724923,787402384,2339821,4096
1625724923,787403457,2339829,3072
1625724923,787735169,3186698,4096
1625724923,787735169,3186706,4096
1625724923,787735169,3186714,4096
1625724923,787735169,3186722,4096
1625724923,787735169,3186730,4096
1625724923,787735169,3186738,4096
1625724923,787736242,3186746,4096
1625724923,787736242,3186754,4096
1625724923,787858621,2339797,4096
1625724923,788437238,3183658,4096
1625724923,788437238,3183666,4096
1625724923,788437238,3183674,4096
1625724923,788437238,3183682,4096
1625724923,788437238,3183690,4096
1625724923,788437238,3183698,4096
1625724923,788437238,3183706,4096
1625724923,788438311,3183714,4096
1625724923,788438311,48951736,4096
1625724923,789020148,3309064,4096
1625724923,789592324,3311159,4096
1625724923,789592324,3311167,4096
1625724923,789592324,3311175,4096
1625724923,789593397,3311183,2560
1625724923,853730728,3182226,4096
1625724923,853730728,3182234,4096
1625724923,853730728,3182242,4096
1625724923,853730728,3182250,4096
1625724923,853730728,3182258,4096
1625724923,853730728,3182266,4096
1625724923,853731802,3182274,4096
1625724923,853731802,3182282,4096
1625724923,854082836,3311157,1024
1625724923,860010703,3310971,4096
1625724923,860010703,3310979,4096
1625724923,860010703,3310987,4096
1625724923,860011777,3310995,4096
1625724923,860288740,3187362,4096
1625724923,860288740,3187370,4096
1625724923,860288740,3187378,4096
1625724923,860288740,3187386,4096
1625724923,860288740,3187394,4096
1625724923,860288740,3187402,4096
1625724923,860288740,3187410,4096
1625724923,860289813,3187418,4096
1625724923,861036969,3310699,4096
1625724923,861036969,3310707,4096
1625724923,861036969,3310715,4096
1625724923,861038043,3310723,4096
1625724923,861281727,3187530,4096
1625724923,861281727,3187538,4096
1625724923,861282801,3187546,4096
1625724923,861282801,3187554,4096
1625724923,861282801,3187562,4096
1625724923,861282801,3187570,4096
1625724923,861282801,3187578,4096
1625724923,862066456,3310939,4096
1625724923,862066456,3310947,4096
1625724923,862067529,3310955,4096
1625724923,862067529,3310963,4096
1625724923,862196349,3187730,4096
1625724923,862197423,3187738,4096
1625724923,862197423,3187746,4096
1625724923,862197423,3187754,4096
1625724923,862197423,3187762,4096
1625724923,862197423,3187770,4096
1625724923,862197423,3187778,4096
1625724923,862197423,3187786,4096
1625724923,863026165,3309707,4096
1625724923,863026165,3309715,4096
1625724923,863026165,3309723,4096
1625724923,863026165,3309731,4096
1625724923,863026165,3309739,4096
1625724923,863026165,3309747,4096
1625724923,863026165,3309755,4096
1625724923,863027238,3309763,4096
1625724923,863205439,3187666,4096
1625724923,863205439,3187674,4096
1625724923,863205439,3187682,4096
1625724923,863206513,3187690,4096
1625724923,863206513,3187698,4096
1625724923,863206513,3187706,4096
1625724923,863206513,3187714,4096
1625724923,863206513,3187722,4096
1625724923,864003050,3311058,4096
1625724923,864004123,3311066,4096
1625724923,864004123,3311074,4096
1625724923,864004123,3311082,3072
1625724923,864259616,3187802,4096
1625724923,864259616,3187810,4096
1625724923,864259616,3187818,4096
1625724923,864259616,3187826,4096
1625724923,864260690,3187834,4096
1625724923,864260690,3187842,4096
1625724923,864260690,3187850,4096
1625724923,864260690,3187858,4096
1625724923,865078697,3310635,4096
1625724923,865078697,3310643,4096
1625724923,865079770,3310651,4096
1625724923,865079770,3310659,4096
1625724923,865079770,3310667,4096
1625724923,865079770,3310675,4096
1625724923,865079770,3310683,4096
1625724923,865079770,3310691,4096
1625724923,865122710,3186466,4096
1625724923,865122710,3186474,4096
1625724923,865122710,3186482,4096
1625724923,865122710,3186490,4096
1625724923,865122710,3186498,4096
1625724923,865123784,3186506,4096
1625724923,865123784,3186514,4096
1625724923,865123784,3186522,4096
1625724923,865646578,3311050,4096
1625724923,865963261,3187194,4096
1625724923,865963261,3187202,4096
1625724923,865963261,3187210,4096
1625724923,865964334,3187218,4096
1625724923,865964334,3187226,4096
1625724923,865964334,3187234,4096
1625724923,866785562,3310571,4096
1625724923,866785562,3310579,4096
1625724923,866785562,3310587,4096
1625724923,866786635,3310595,4096
1625724923,866786635,3310603,4096
1625724923,866786635,3310611,4096
1625724923,866786635,3310619,4096
1625724923,866786635,3310627,4096
1625724923,866880030,3182498,4096
1625724923,866880030,3182506,4096
1625724923,866880030,3182514,4096
1625724923,866881103,3182522,4096
1625724923,866881103,3182530,4096
1625724923,866881103,3182538,4096
1625724923,866881103,3182546,4096
1625724923,866881103,3182554,4096
1625724923,867606789,3310819,4096
1625724923,867606789,3310827,4096
1625724923,867606789,3310835,4096
1625724923,867606789,3310843,4096
1625724923,867786064,3187050,4096
1625724923,867786064,3187058,4096
1625724923,867786064,3187066,4096
1625724923,867786064,3187074,4096
1625724923,867787137,3187082,4096
1625724923,867787137,3187090,4096
1625724923,867787137,3187098,4096
1625724923,867787137,3187106,4096
1625724923,868569719,3310851,4096
1625724923,868569719,3310859,4096
1625724923,868569719,3310867,4096
1625724923,868570792,3310875,4096
1625724923,868699612,3186266,4096
1625724923,868700686,3186274,4096
1625724923,868700686,3186282,4096
1625724923,868700686,3186290,4096
1625724923,868700686,3186298,4096
1625724923,868700686,3186306,4096
1625724923,868700686,3186314,4096
1625724923,868700686,3186322,4096
1625724923,869593838,3309179,4096
1625724923,869593838,3309187,4096
1625724923,869593838,3309195,4096
1625724923,869593838,3309203,4096
1625724923,869593838,3309211,4096
1625724923,869594911,3309219,4096
1625724923,869594911,3309227,4096
1625724923,869594911,3309235,4096
1625724923,869684012,3183554,4096
1625724923,869685085,3183562,4096
1625724923,869685085,3183570,4096
1625724923,869685085,3183578,4096
1625724923,869685085,3183586,4096
1625724923,869685085,3183594,4096
1625724923,869685085,3183602,4096
1625724923,869685085,3183610,4096
1625724923,870507386,2339667,4096
1625724923,870508460,2339675,4096
1625724923,870508460,2339683,4096
1625724923,870508460,2339691,4096
1625724923,870508460,2339699,4096
1625724923,870508460,2339707,4096
1625724923,870508460,2339715,4096
1625724923,870508460,2339723,4096
1625724923,870792937,3187338,4096
1625724923,870792937,3187346,4096
1625724923,870792937,3187354,4096
1625724923,871576592,3182386,4096
1625724923,871576592,3182394,4096
1625724923,871576592,3182402,4096
1625724923,871577666,3182410,4096
1625724923,871577666,3182418,4096
1625724923,871627047,2339835,2560
1625724923,872587829,2339739,4096
1625724923,872588903,2339747,4096
1625724923,872588903,2339755,4096
1625724923,872588903,2339763,4096
1625724923,872588903,2339771,4096
1625724923,872588903,2339779,4096
1625724923,872588903,2339787,4096
1625724923,872588903,2339795,1024
1625724923,875392885,3534864,4096
1625724923,875392885,3534872,4096
1625724923,876088513,3533728,4096
1625724923,876089586,3533736,4096
1625724923,876600572,3515744,4096
1625724923,876600572,3515752,4096
1625724923,878539313,3254392,4096
1625724923,878540387,3254400,4096
1625724923,879151208,3533664,4096
1625724923,879151208,3533672,4096
1625724923,891499679,48946480,4096
1625724923,892058972,2649216,4096
1625724923,892582840,2650565,4096
1625724923,892582840,2650573,1024
1625724923,893171118,2650163,4096
1625724923,893172192,2650171,4096
1625724923,893172192,2650179,4096
1625724923,893172192,2650187,4096
1625724923,895519936,2650009,4096
1625724923,895519936,2650017,4096
1625724923,895519936,2650025,4096
1625724923,895519936,2650033,4096
1625724923,896064201,2649857,4096
1625724923,896065274,2649865,4096
1625724923,896065274,2649873,4096
1625724923,896065274,2649881,4096
1625724923,896652479,2194652,4096
1625724923,896652479,2194660,4096
1625724923,897187082,2194700,4096
1625724923,897187082,2194708,4096
1625724923,897187082,2194716,4096
1625724923,897776433,48944920,4096
1625724923,898318551,1442704,4096
1625724923,898722187,1442888,512
1625724923,899153734,1442885,1536
1625724923,899665793,1442845,4096
1625724923,899665793,1442853,3072
1625724923,900485947,1442706,4096
1625724923,900485947,1442714,4096
1625724923,900485947,1442722,4096
1625724923,900485947,1442730,4096
1625724923,900485947,1442738,4096
1625724923,900485947,1442746,4096
1625724923,900487021,1442754,4096
1625724923,900487021,1442762,4096
1625724923,900929303,1442859,4096
1625724923,900929303,1442867,4096
1625724923,900929303,1442875,2560
1625724923,901616343,2649242,4096
1625724923,901617416,2649250,4096
1625724923,901617416,2649258,4096
1625724923,901617416,2649266,4096
1625724923,901617416,2649274,4096
1625724923,901617416,2649282,4096
1625724923,901617416,2649290,4096
1625724923,901617416,2649298,4096
1625724923,902117667,2650101,4096
1625724923,902117667,2650109,4096
1625724923,902117667,2650117,1536
1625724923,902528818,2649218,4096
1625724923,902528818,2649226,4096
1625724923,902528818,2649234,4096
1625724923,904383826,16292880,4096
1625724923,905489531,48946456,4096
1625724923,905979047,946368,4096
1625724923,906424549,946430,1536
1625724923,906803495,946427,1536
1625724923,907285496,946388,4096
1625724923,907285496,946396,4096
1625724923,907285496,946404,4096
1625724923,907286570,946412,1536
1625724923,907663368,946380,4096
1625724923,908034799,946370,4096
1625724923,908395495,946415,4096
1625724923,908395495,946423,1536
1625724923,909198473,2339731,4096
1625724923,909826471,2649362,4096
1625724923,909827544,2649370,4096
1625724923,909827544,2649378,4096
1625724923,909827544,2649386,4096
1625724923,909827544,2649394,4096
1625724923,909827544,2649402,4096
1625724923,909827544,2649410,4096
1625724923,909827544,2649418,4096
1625724923,910393279,2649905,4096
1625724923,910393279,2649913,4096
1625724923,910393279,2649921,4096
1625724923,910394352,2649929,4096
1625724923,910893530,538040,4096
1625724923,911628877,2649762,4096
1625724923,911628877,2649770,4096
1625724923,911629951,2649778,4096
1625724923,911629951,2649786,4096
1625724923,911629951,2649794,4096
1625724923,911629951,2649802,4096
1625724923,911629951,2649810,4096
1625724923,911629951,2649818,4096
1625724923,912194612,2649977,4096
1625724923,912194612,2649985,4096
1625724923,912194612,2649993,4096
1625724923,912194612,2650001,4096
1625724923,912816168,2649658,4096
1625724923,912816168,2649666,4096
1625724923,912816168,2649674,4096
1625724923,912816168,2649682,4096
1625724923,912816168,2649690,4096
1625724923,912817242,2649698,4096
1625724923,912817242,2649706,4096
1625724923,912817242,2649714,4096
1625724923,950387595,1711384,4096
1625724923,950387595,1711392,3584
1625724923,954796459,1862712,4096
1625724923,955376149,1867418,4096
1625724923,955376149,1867426,4096
1625724923,955376149,1867434,3072
1625724924,1005510460,6840608,4096
1625724924,1020001636,48936296,4096
1625724924,1020630707,3040592,4096
1625724924,1020630707,3040600,4096
1625724924,1020630707,3040608,4096
1625724924,1020630707,3040616,4096
1625724924,1021187854,3040624,4096
1625724924,1021187854,3040632,4096
1625724924,1021187854,3040640,4096
1625724924,1021187854,3040648,4096
1625724924,1021187854,3040656,4096
1625724924,1021187854,3040664,1536
1625724924,1052715475,1863763,4096
1625724924,1052715475,1863771,4096
1625724924,1052715475,1863779,4096
1625724924,1052715475,1863787,4096
1625724924,1052716549,1863795,4096
1625724924,1052716549,1863803,4096
1625724924,1052716549,1863811,4096
1625724924,1052716549,1863819,4096
1625724924,131742649,3183178,4096
1625724924,131742649,3183186,4096
1625724924,131743723,3183194,4096
1625724924,131743723,3183202,4096
1625724924,131743723,3183210,4096
1625724924,131743723,3183218,4096
1625724924,131743723,3183226,4096
1625724924,131743723,3183234,4096
1625724924,132176343,6814488,4096
1625724924,133452735,1297648,4096
1625724924,134244978,1297738,512
1625724924,137587857,62862192,4096
1625724924,137588930,62862200,4096
1625724924,137588930,62862208,4096
1625724924,137588930,62862216,4096
1625724924,138482082,62862224,4096
1625724924,138482082,62862232,4096
1625724924,138482082,62862240,4096
1625724924,138482082,62862248,4096
1625724924,138483156,62862256,4096
1625724924,138483156,62862264,4096
1625724924,138483156,62862272,4096
1625724924,138483156,62862280,4096
1625724924,138483156,62862288,4096
1625724924,138483156,62862296,4096
1625724924,138483156,62862304,4096
1625724924,138484229,62862312,4096
1625724924,138484229,62862320,4096
1625724924,138484229,62862328,4096
1625724924,138578697,62862336,4096
1625724924,138578697,62862344,4096
1625724924,138578697,62862352,4096
1625724924,138578697,62862360,4096
1625724924,138578697,62862368,4096
1625724924,138578697,62862376,4096
1625724924,138579771,62862384,4096
1625724924,138579771,62862392,4096
1625724924,138579771,62862400,4096
1625724924,138579771,62862408,4096
1625724924,138579771,62862416,4096
1625724924,138579771,62862424,4096
1625724924,138580844,62862432,4096
1625724924,138580844,62862440,4096
1625724924,139447159,62862448,4096
1625724924,139448232,62862456,4096
1625724924,139448232,62862464,4096
1625724924,139448232,62862472,4096
1625724924,139448232,62862480,4096
1625724924,139448232,62862488,4096
1625724924,139448232,62862496,4096
1625724924,139449306,62862504,4096
1625724924,139449306,62862512,4096
1625724924,139449306,62862520,4096
1625724924,139449306,62862528,4096
1625724924,139449306,62862536,4096
1625724924,139449306,62862544,4096
1625724924,139450379,62862552,4096
1625724924,139450379,62862560,4096
1625724924,139450379,62862568,4096
1625724924,140388618,62862576,4096
1625724924,140388618,62862584,3072
1625724924,198716167,3186898,4096
1625724924,198717241,3186906,4096
1625724924,198717241,3186914,4096
1625724924,198717241,3186922,4096
1625724924,198717241,3186930,4096
1625724924,198717241,3186938,4096
1625724924,198717241,3186946,4096
1625724924,198718314,3186954,4096
1625724924,199125171,1297735,1536
1625724924,199427898,3186538,4096
1625724924,199428971,3186546,4096
1625724924,199428971,3186554,4096
1625724924,199428971,3186562,4096
1625724924,199428971,3186570,4096
1625724924,199428971,3186578,4096
1625724924,199428971,3186586,4096
1625724924,199428971,3186594,4096
1625724924,199966795,1297666,4096
1625724924,199966795,1297674,4096
1625724924,199966795,1297682,4096
1625724924,199966795,1297690,4096
1625724924,199966795,1297698,4096
1625724924,199966795,1297706,4096
1625724924,199967868,1297714,4096
1625724924,199967868,1297722,4096
1625724924,200230876,3187866,4096
1625724924,200230876,3187874,4096
1625724924,200230876,3187882,4096
1625724924,200230876,3187890,4096
1625724924,200230876,3187898,4096
1625724924,200231949,3187906,4096
1625724924,200231949,3187914,4096
1625724924,200231949,3187922,4096
1625724924,200848138,1297650,4096
1625724924,200848138,1297658,4096
1625724924,201128322,3183042,4096
1625724924,201128322,3183050,4096
1625724924,201128322,3183058,4096
1625724924,201128322,3183066,4096
1625724924,201129395,3183074,4096
1625724924,201129395,3183082,4096
1625724924,201129395,3183090,4096
1625724924,201129395,3183098,4096
1625724924,204507700,1297730,1536
1625724924,205061626,3185970,4096
1625724924,205061626,3185978,4096
1625724924,205061626,3185986,4096
1625724924,205061626,3185994,4096
1625724924,205062699,3186002,4096
1625724924,205062699,3186010,4096
1625724924,205062699,3186018,4096
1625724924,205062699,3186026,4096
1625724924,205196887,1862723,4096
1625724924,205196887,1862731,4096
1625724924,205196887,1862739,4096
1625724924,205196887,1862747,4096
1625724924,205196887,1862755,4096
1625724924,205196887,1862763,4096
1625724924,205196887,1862771,4096
1625724924,205196887,1862779,4096
1625724924,205852795,1862715,4096
1625724924,206105068,3186394,4096
1625724924,206106141,3186402,4096
1625724924,206106141,3186410,4096
1625724924,206106141,3186418,4096
1625724924,206106141,3186426,4096
1625724924,206106141,3186434,4096
1625724924,206106141,3186442,4096
1625724924,206106141,3186450,4096
1625724924,206609613,1867143,4096
1625724924,206610686,1867151,4096
1625724924,206610686,1867159,4096
1625724924,206610686,1867167,4096
1625724924,207322417,1867223,4096
1625724924,207322417,1867231,4096
1625724924,207322417,1867239,4096
1625724924,207322417,1867247,1536
1625724924,207398635,3181858,4096
1625724924,207399709,3181866,4096
1625724924,207399709,3181874,4096
1625724924,207399709,3181882,4096
1625724924,207399709,3181890,4096
1625724924,207399709,3181898,4096
1625724924,207399709,3181906,4096
1625724924,207399709,3181914,4096
1625724924,208018045,1867191,4096
1625724924,208018045,1867199,4096
1625724924,208018045,1867207,4096
1625724924,208018045,1867215,4096
1625724924,208093190,3186042,4096
1625724924,208093190,3186050,4096
1625724924,208094263,3186058,4096
1625724924,208094263,3186066,4096
1625724924,208094263,3186074,4096
1625724924,208471062,1867175,4096
1625724924,208471062,1867183,4096
1625724924,208628866,3181922,4096
1625724924,208628866,3181930,4096
1625724924,209392125,3183266,4096
1625724924,209392125,3183274,4096
1625724924,209392125,3183282,4096
1625724924,209393198,3183290,4096
1625724924,209393198,3183298,4096
1625724924,209393198,3183306,4096
1625724924,209393198,3183314,4096
1625724924,209393198,3183322,4096
1625724924,209431844,1865865,4096
1625724924,209431844,1865873,4096
1625724924,209432918,1865881,4096
1625724924,209432918,1865889,4096
1625724924,210126399,1865083,4096
1625724924,210126399,1865091,4096
1625724924,210126399,1865099,4096
1625724924,210127472,1865107,4096
1625724924,210127472,1865115,4096
1625724924,210127472,1865123,4096
1625724924,210127472,1865131,4096
1625724924,210127472,1865139,4096
1625724924,210180074,3183394,4096
1625724924,210180074,3183402,4096
1625724924,210180074,3183410,4096
1625724924,210181147,3183418,4096
1625724924,210181147,3183426,4096
1625724924,210181147,3183434,4096
1625724924,210181147,3183442,4096
1625724924,210181147,3183450,4096
1625724924,210898245,1865019,4096
1625724924,210898245,1865027,4096
1625724924,210898245,1865035,4096
1625724924,210898245,1865043,4096
1625724924,210898245,1865051,4096
1625724924,210898245,1865059,4096
1625724924,210898245,1865067,4096
1625724924,210898245,1865075,4096
1625724924,210912201,3183626,4096
1625724924,210912201,3183634,4096
1625724924,210912201,3183642,4096
1625724924,211718399,3187002,4096
1625724924,211719473,3187010,4096
1625724924,211719473,3187018,4096
1625724924,211719473,3187026,4096
1625724924,211719473,3187034,4096
1625724924,211719473,3187042,4096
1625724924,211781736,2496704,4096
1625724924,211876204,1865771,4096
1625724924,211876204,1865779,4096
1625724924,211876204,1865787,4096
1625724924,211876204,1865795,4096
1625724924,211876204,1865803,4096
1625724924,211876204,1865811,4096
1625724924,211876204,1865819,4096
1625724924,211876204,1865827,3072
1625724924,212542847,2497168,4096
1625724924,213243843,2497184,4096
1625724924,213243843,2497192,4096
1625724924,213243843,2497200,4096
1625724924,213243843,2497208,4096
1625724924,213243843,2497216,2048
1625724924,214229316,2526004,4096
1625724924,214229316,2526012,4096
1625724924,215414460,2496955,4096
1625724924,215414460,2496963,4096
1625724924,215414460,2496971,4096
1625724924,215415533,2496979,4096
1625724924,215415533,2496987,4096
1625724924,215415533,2496995,4096
1625724924,215415533,2497003,4096
1625724924,215415533,2497011,4096
1625724924,231251805,6838768,4096
1625724924,231985006,8777560,4096
1625724924,232954376,8777568,4096
1625724924,232954376,8777576,4096
1625724924,232954376,8777584,4096
1625724924,232954376,8777592,4096
1625724924,232954376,8777600,4096
1625724924,232954376,8777608,4096
1625724924,232955450,8777616,4096
1625724924,232955450,8777624,4096
1625724924,232955450,8777632,4096
1625724924,232955450,8777640,4096
1625724924,232955450,8777648,4096
1625724924,232955450,8777656,4096
1625724924,232955450,8777664,4096
1625724924,232955450,8777672,4096
1625724924,232955450,8777680,4096
1625724924,232956523,8777688,4096
1625724924,232956523,8777696,4096
1625724924,232956523,8777704,4096
1625724924,232956523,8777712,4096
1625724924,232956523,8777720,4096
1625724924,232956523,8777728,4096
1625724924,232956523,8777736,4096
1625724924,232956523,8777744,4096
1625724924,232956523,8777752,2048
1625724924,233122916,8777756,4096
1625724924,233122916,8777764,4096
1625724924,233122916,8777772,4096
1625724924,233122916,8777780,4096
1625724924,233122916,8777788,4096
1625724924,233123989,8777796,4096
1625724924,233123989,8777804,4096
1625724924,233123989,8777812,4096
1625724924,233123989,8777820,4096
1625724924,233123989,8777828,4096
1625724924,233123989,8777836,4096
1625724924,233123989,8777844,4096
1625724924,233123989,8777852,4096
1625724924,233125063,8777860,4096
1625724924,233125063,8777868,4096
1625724924,233125063,8777876,4096
1625724924,233125063,8777884,4096
1625724924,233125063,8777892,4096
1625724924,233125063,8777900,4096
1625724924,233125063,8777908,4096
1625724924,233125063,8777916,4096
1625724924,233125063,8777924,4096
1625724924,233126136,8777932,4096
1625724924,233126136,8777940,2048
1625724924,233139018,2525548,4096
1625724924,233140092,2525556,4096
1625724924,234191048,2525900,4096
1625724924,234191048,2525908,4096
1625724924,234191048,2525916,4096
1625724924,234191048,2525924,4096
1625724924,234191048,2525932,4096
1625724924,282314980,3183242,4096
1625724924,282314980,3183250,4096
1625724924,282314980,3183258,4096
1625724924,282785173,1866993,4096
1625724924,282785173,1867001,4096
1625724924,282786246,1867009,4096
1625724924,282786246,1867017,4096
1625724924,3303742,48936280,4096
1625724924,349350761,1864955,4096
1625724924,349350761,1864963,4096
1625724924,349350761,1864971,4096
1625724924,349350761,1864979,4096
1625724924,349350761,1864987,4096
1625724924,349351834,1864995,4096
1625724924,349351834,1865003,4096
1625724924,349351834,1865011,4096
1625724924,349843497,3186330,4096
1625724924,349843497,3186338,4096
1625724924,349843497,3186346,4096
1625724924,349843497,3186354,4096
1625724924,349843497,3186362,4096
1625724924,349843497,3186370,4096
1625724924,349843497,3186378,4096
1625724924,350183797,1863139,4096
1625724924,350184870,1863147,4096
1625724924,350184870,1863155,4096
1625724924,350184870,1863163,4096
1625724924,350184870,1863171,4096
1625724924,350184870,1863179,4096
1625724924,350184870,1863187,4096
1625724924,350184870,1863195,4096
1625724924,350663651,3186970,4096
1625724924,350663651,3186978,4096
1625724924,350868690,1866697,4096
1625724924,350868690,1866705,4096
1625724924,350868690,1866713,4096
1625724924,350869763,1866721,4096
1625724924,351668447,1866753,4096
1625724924,351668447,1866761,4096
1625724924,351669521,1866769,4096
1625724924,351669521,1866777,4096
1625724924,352297518,1866729,4096
1625724924,352297518,1866737,4096
1625724924,352297518,1866745,4096
1625724924,352590584,3186210,4096
1625724924,352590584,3186218,4096
1625724924,352590584,3186226,4096
1625724924,352591657,3186234,4096
1625724924,352591657,3186242,4096
1625724924,352591657,3186250,4096
1625724924,353186376,9405832,4096
1625724924,355613560,1865945,4096
1625724924,355613560,1865953,4096
1625724924,355613560,1865961,4096
1625724924,355613560,1865969,4096
1625724924,355791761,3185906,4096
1625724924,355791761,3185914,4096
1625724924,355792834,3185922,4096
1625724924,355792834,3185930,4096
1625724924,355792834,3185938,4096
1625724924,355792834,3185946,4096
1625724924,355792834,3185954,4096
1625724924,355792834,3185962,4096
1625724924,357268897,1866273,4096
1625724924,357268897,1866281,4096
1625724924,357268897,1866289,4096
1625724924,357268897,1866297,4096
1625724924,358145946,1865897,4096
1625724924,358145946,1865905,4096
1625724924,358145946,1865913,4096
1625724924,358147020,1865921,4096
1625724924,358569979,1865929,4096
1625724924,358569979,1865937,4096
1625724924,358946777,3184098,4096
1625724924,359478160,1865507,4096
1625724924,359478160,1865515,4096
1625724924,359478160,1865523,4096
1625724924,359478160,1865531,4096
1625724924,359478160,1865539,4096
1625724924,359478160,1865547,4096
1625724924,359478160,1865555,4096
1625724924,359478160,1865563,4096
1625724924,359503924,3187490,4096
1625724924,360448604,48940144,4096
1625724924,360744890,3183490,4096
1625724924,360744890,3183498,4096
1625724924,360745963,3183506,4096
1625724924,360745963,3183514,4096
1625724924,360745963,3183522,4096
1625724924,360745963,3183530,4096
1625724924,360745963,3183538,4096
1625724924,360745963,3183546,4096
1625724924,361281640,860712,4096
1625724924,361726069,860783,1024
1625724924,3896314,1100248,4096
1625724924,3897387,1100256,4096
1625724924,3897387,1100264,1024
1625724924,416205120,860780,1536
1625724924,416436996,1108296,4096
1625724924,416436996,1108304,4096
1625724924,416436996,1108312,2560
1625724924,466498595,62191208,4096
1625724924,466498595,62191216,3584
1625724924,467070771,860714,4096
1625724924,467070771,860722,4096
1625724924,467070771,860730,4096
1625724924,467070771,860738,4096
1625724924,467070771,860746,4096
1625724924,467070771,860754,4096
1625724924,467071844,860762,4096
1625724924,467071844,860770,512
1625724924,471545119,2822448,4096
1625724924,472108706,2823265,512
1625724924,47936651,1865833,4096
1625724924,47937725,1865841,4096
1625724924,47937725,1865849,4096
1625724924,47937725,1865857,4096
1625724924,48390742,3183722,4096
1625724924,48390742,3183730,4096
1625724924,48390742,3183738,4096
1625724924,48390742,3183746,4096
1625724924,508391933,6840512,4096
1625724924,540796604,48936288,4096
1625724924,541582406,1766544,4096
1625724924,541583479,1766552,2560
1625724924,583709766,860773,3072
1625724924,584316294,2822448,4096
1625724924,584316294,2822456,4096
1625724924,584316294,2822464,4096
1625724924,584316294,2822472,4096
1625724924,584316294,2822480,4096
1625724924,584316294,2822488,4096
1625724924,584316294,2822496,4096
1625724924,584316294,2822504,4096
1625724924,622247343,6840528,4096
1625724924,667628482,1865155,4096
1625724924,667629555,1865163,4096
1625724924,667629555,1865171,4096
1625724924,667630629,1865179,4096
1625724924,667630629,1865187,4096
1625724924,667630629,1865195,4096
1625724924,667631702,1865203,4096
1625724924,667631702,1865211,4096
1625724924,668476547,2822510,4096
1625724924,668477620,2822518,4096
1625724924,668477620,2822526,4096
1625724924,668478694,2822534,4096
1625724924,668478694,2822542,4096
1625724924,668479767,2822550,4096
1625724924,668479767,2822558,4096
1625724924,668479767,2822566,4096
1625724924,696672024,2822574,4096
1625724924,696672024,2822582,4096
1625724924,696673098,2822590,4096
1625724924,696673098,2822598,4096
1625724924,696674171,2822606,4096
1625724924,696674171,2822614,4096
1625724924,696675245,2822622,4096
1625724924,696675245,2822630,4096
1625724924,696961869,1862803,4096
1625724924,696961869,1862811,4096
1625724924,696962943,1862819,4096
1625724924,696962943,1862827,4096
1625724924,696962943,1862835,4096
1625724924,696964016,1862843,4096
1625724924,696964016,1862851,4096
1625724924,696965090,1862859,4096
1625724924,698765349,2822638,4096
1625724924,698765349,2822646,4096
1625724924,698766423,2822654,4096
1625724924,698766423,2822662,4096
1625724924,698767496,2822670,4096
1625724924,698767496,2822678,4096
1625724924,698767496,2822686,4096
1625724924,698768570,2822694,4096
1625724924,699199043,1863299,4096
1625724924,699200117,1863307,4096
1625724924,699200117,1863315,4096
1625724924,699200117,1863323,4096
1625724924,699201190,1863331,4096
1625724924,699201190,1863339,4096
1625724924,699202264,1863347,4096
1625724924,699202264,1863355,4096
1625724924,700967098,2822702,4096
1625724924,700967098,2822710,4096
1625724924,700967098,2822718,4096
1625724924,700967098,2822726,4096
1625724924,700968171,2822734,4096
1625724924,700968171,2822742,4096
1625724924,700968171,2822750,4096
1625724924,700968171,2822758,4096
1625724924,701789399,2822766,4096
1625724924,701789399,2822774,4096
1625724924,701789399,2822782,4096
1625724924,701789399,2822790,4096
1625724924,701789399,2822798,4096
1625724924,701789399,2822806,4096
1625724924,701790472,2822814,4096
1625724924,701790472,2822822,4096
1625724924,704280992,2822830,4096
1625724924,704280992,2822838,4096
1625724924,704280992,2822846,4096
1625724924,704280992,2822854,4096
1625724924,704280992,2822862,4096
1625724924,704282066,2822870,4096
1625724924,704282066,2822878,4096
1625724924,704282066,2822886,4096
1625724924,704507501,1766776,4096
1625724924,704507501,1766784,1024
1625724924,784663599,2822894,4096
1625724924,784663599,2822902,4096
1625724924,784663599,2822910,4096
1625724924,784663599,2822918,4096
1625724924,784663599,2822926,4096
1625724924,784663599,2822934,4096
1625724924,784664672,2822942,4096
1625724924,784664672,2822950,4096
1625724924,785174585,1866377,4096
1625724924,785174585,1866385,4096
1625724924,785174585,1866393,4096
1625724924,785175658,1866401,4096
1625724924,785605058,2822958,4096
1625724924,785605058,2822966,4096
1625724924,785605058,2822974,4096
1625724924,785605058,2822982,4096
1625724924,785605058,2822990,4096
1625724924,785605058,2822998,4096
1625724924,785605058,2823006,4096
1625724924,785606132,2823014,4096
1625724924,785904565,1864259,4096
1625724924,785904565,1864267,4096
1625724924,785905638,1864275,4096
1625724924,785905638,1864283,4096
1625724924,785905638,1864291,4096
1625724924,785905638,1864299,4096
1625724924,785905638,1864307,4096
1625724924,785905638,1864315,4096
1625724924,786547591,1865267,4096
1625724924,786547591,1865275,4096
1625724924,786547591,1865283,4096
1625724924,786548665,1865291,4096
1625724924,786548665,1865299,4096
1625724924,786548665,1865307,4096
1625724924,786548665,1865315,4096
1625724924,786548665,1865323,4096
1625724924,786662456,2823022,4096
1625724924,786662456,2823030,4096
1625724924,786662456,2823038,4096
1625724924,786662456,2823046,4096
1625724924,786663529,2823054,4096
1625724924,786663529,2823062,4096
1625724924,786663529,2823070,4096
1625724924,786663529,2823078,4096
1625724924,787136943,1865147,4096
1625724924,787516962,2823086,4096
1625724924,787516962,2823094,4096
1625724924,787516962,2823102,4096
1625724924,787516962,2823110,4096
1625724924,787516962,2823118,4096
1625724924,787516962,2823126,4096
1625724924,787516962,2823134,1024
1625724924,787773528,1865691,4096
1625724924,787773528,1865699,4096
1625724924,787773528,1865707,4096
1625724924,787773528,1865715,4096
1625724924,787773528,1865723,4096
1625724924,787773528,1865731,4096
1625724924,787773528,1865739,4096
1625724924,787773528,1865747,4096
1625724924,788582947,1862931,4096
1625724924,788582947,1862939,4096
1625724924,788584021,1862947,4096
1625724924,788584021,1862955,4096
1625724924,788584021,1862963,4096
1625724924,788584021,1862971,4096
1625724924,788584021,1862979,4096
1625724924,788584021,1862987,4096
1625724924,788586168,2823136,4096
1625724924,788586168,2823144,4096
1625724924,788586168,2823152,4096
1625724924,788586168,2823160,4096
1625724924,789230268,1863987,4096
1625724924,789230268,1863995,4096
1625724924,789230268,1864003,4096
1625724924,789230268,1864011,4096
1625724924,789230268,1864019,4096
1625724924,789230268,1864027,4096
1625724924,789231341,1864035,4096
1625724924,789231341,1864043,4096
1625724924,789232415,2823168,4096
1625724924,789232415,2823176,4096
1625724924,789232415,2823184,4096
1625724924,789233488,2823192,4096
1625724924,789876515,1866329,4096
1625724924,789876515,1866337,4096
1625724924,789877588,1866345,4096
1625724924,789877588,1866353,4096
1625724924,789878662,2823200,4096
1625724924,789878662,2823208,4096
1625724924,789878662,2823216,4096
1625724924,789878662,2823224,4096
1625724924,790519541,2823232,4096
1625724924,790519541,2823240,4096
1625724924,790519541,2823248,1536
1625724924,790534570,1867389,4096
1625724924,790534570,1867397,4096
1625724924,790534570,1867405,4096
1625724924,790534570,1867413,2560
1625724924,791084202,2823251,4096
1625724924,791085276,2823259,1536
1625724924,791135730,1866089,4096
1625724924,791135730,1866097,4096
1625724924,791135730,1866105,4096
1625724924,791135730,1866113,4096
1625724924,791625246,2823262,1536
1625724924,793157131,1866817,4096
1625724924,793157131,1866825,4096
1625724924,793158204,1866833,4096
1625724924,793158204,1866841,4096
1625724924,793255893,3188494,4096
1625724924,793255893,3188502,4096
1625724924,793255893,3188510,4096
1625724924,793255893,3188518,4096
1625724924,793769026,1866785,4096
1625724924,793769026,1866793,4096
1625724924,793769026,1866801,4096
1625724924,793769026,1866809,4096
1625724924,793990167,3188462,4096
1625724924,793990167,3188470,4096
1625724924,793990167,3188478,4096
1625724924,793990167,3188486,4096
1625724924,795171017,1864523,4096
1625724924,795171017,1864531,4096
1625724924,795171017,1864539,4096
1625724924,795172090,1864547,4096
1625724924,795172090,1864555,4096
1625724924,795172090,1864563,4096
1625724924,795172090,1864571,4096
1625724924,795172090,1864579,4096
1625724924,795173164,3186682,4096
1625724924,795838734,3183330,4096
1625724924,795838734,3183338,4096
1625724924,795838734,3183346,4096
1625724924,795839807,3183354,4096
1625724924,795839807,3183362,4096
1625724924,795839807,3183370,4096
1625724924,795839807,3183378,4096
1625724924,795839807,3183386,4096
1625724924,796444188,3187658,4096
1625724924,797354516,1863587,4096
1625724924,797354516,1863595,4096
1625724924,797355589,1863603,4096
1625724924,797355589,1863611,4096
1625724924,797355589,1863619,4096
1625724924,797355589,1863627,4096
1625724924,797355589,1863635,4096
1625724924,797355589,1863643,4096
1625724924,797356663,6049528,4096
1625724924,797356663,6049536,4096
1625724924,797357736,6049544,2048
1625724924,797939573,1866305,4096
1625724924,797939573,1866313,4096
1625724924,797939573,1866321,4096
1625724924,798597629,1863907,4096
1625724924,798597629,1863915,4096
1625724924,798597629,1863923,4096
1625724924,798597629,1863931,4096
1625724924,798597629,1863939,4096
1625724924,798598702,1863947,4096
1625724924,798598702,1863955,4096
1625724924,798598702,1863963,4096
1625724924,799236361,1866057,4096
1625724924,799236361,1866065,4096
1625724924,799236361,1866073,4096
1625724924,799236361,1866081,4096
1625724924,799812831,1866409,4096
1625724924,799812831,1866417,4096
1625724924,799812831,1866425,4096
1625724924,799812831,1866433,4096
1625724924,800333478,1866441,4096
1625724924,800333478,1866449,4096
1625724924,800334552,1866457,4096
1625724924,800334552,1866465,4096
1625724924,801001195,1863371,4096
1625724924,801001195,1863379,4096
1625724924,801001195,1863387,4096
1625724924,801001195,1863395,4096
1625724924,801001195,1863403,4096
1625724924,801001195,1863411,4096
1625724924,801001195,1863419,4096
1625724924,801002269,1863427,4096
1625724924,802978582,6840536,4096
1625724924,817608240,1779080,4096
1625724924,817608240,1779088,2560
1625724924,885236593,1865331,4096
1625724924,885236593,1865339,4096
1625724924,885237667,1865347,4096
1625724924,885237667,1865355,4096
1625724924,885237667,1865363,4096
1625724924,885237667,1865371,4096
1625724924,885237667,1865379,4096
1625724924,885237667,1865387,4096
1625724924,893171905,6840592,4096
1625724924,90584659,6838736,4096
1625724924,926437523,1829392,4096
1625724924,926437523,1829400,4096
1625724924,969001798,1863523,4096
1625724924,969002872,1863531,4096
1625724924,969002872,1863539,4096
1625724924,969002872,1863547,4096
1625724924,969002872,1863555,4096
1625724924,969002872,1863563,4096
1625724924,969002872,1863571,4096
1625724924,969002872,1863579,4096
1625724924,969434419,6049504,4096
1625724924,969434419,6049512,4096
1625724924,969434419,6049520,2048
1625724925,1000453988,1859304,4096
1625724925,1000455062,1859312,4096
1625724925,1000455062,1859320,4096
1625724925,1000455062,1859328,4096
1625724925,1001026164,2733970,4096
1625724925,1001026164,2733978,4096
1625724925,1001026164,2733986,4096
1625724925,1001026164,2733994,4096
1625724925,1001026164,2734002,4096
1625724925,1001026164,2734010,4096
1625724925,1001026164,2734018,4096
1625724925,1001026164,2734026,4096
1625724925,1067408183,1859336,2048
1625724925,1068038328,1651296,4096
1625724925,1068039401,1651304,4096
1625724925,1068039401,1651312,4096
1625724925,1068039401,1651320,4096
1625724925,1068039401,1651328,4096
1625724925,1068039401,1651336,4096
1625724925,1068039401,1651344,4096
1625724925,1068039401,1651352,4096
1625724925,1068089856,1859340,1536
1625724925,129763902,2735026,4096
1625724925,129763902,2735034,4096
1625724925,129764976,2735042,4096
1625724925,129764976,2735050,4096
1625724925,129764976,2735058,4096
1625724925,129764976,2735066,4096
1625724925,129764976,2735074,4096
1625724925,129764976,2735082,4096
1625724925,130375797,1857232,4096
1625724925,130375797,1857240,4096
1625724925,130375797,1857248,4096
1625724925,130375797,1857256,4096
1625724925,130375797,1857264,4096
1625724925,130376871,1857272,4096
1625724925,130376871,1857280,4096
1625724925,130376871,1857288,4096
1625724925,140556871,1857292,4096
1625724925,140556871,1857300,4096
1625724925,140556871,1857308,4096
1625724925,140556871,1857316,4096
1625724925,140556871,1857324,4096
1625724925,140556871,1857332,4096
1625724925,140556871,1857340,4096
1625724925,140557945,1857348,4096
1625724925,141841851,1857356,4096
1625724925,141841851,1857364,4096
1625724925,141841851,1857372,4096
1625724925,141841851,1857380,4096
1625724925,141841851,1857388,4096
1625724925,141842924,1857396,4096
1625724925,141842924,1857404,4096
1625724925,141842924,1857412,4096
1625724925,141977112,2736928,4096
1625724925,141978185,2736936,4096
1625724925,141978185,2736944,4096
1625724925,141978185,2736952,4096
1625724925,142852014,1857420,4096
1625724925,142852014,1857428,4096
1625724925,142852014,1857436,4096
1625724925,142852014,1857444,4096
1625724925,142853088,1857452,4096
1625724925,142853088,1857460,4096
1625724925,142853088,1857468,4096
1625724925,142853088,1857476,4096
1625724925,143150447,2737510,4096
1625724925,143150447,2737518,4096
1625724925,143150447,2737526,4096
1625724925,143150447,2737534,1536
1625724925,143664654,2807432,4096
1625724925,143664654,2807440,4096
1625724925,143664654,2807448,4096
1625724925,143664654,2807456,512
1625724925,196520573,1857484,4096
1625724925,196521647,1857492,4096
1625724925,196521647,1857500,4096
1625724925,196521647,1857508,4096
1625724925,196521647,1857516,4096
1625724925,196521647,1857524,4096
1625724925,196521647,1857532,4096
1625724925,196521647,1857540,4096
1625724925,197079867,2735834,4096
1625724925,197079867,2735842,4096
1625724925,197079867,2735850,4096
1625724925,197079867,2735858,4096
1625724925,197079867,2735866,4096
1625724925,197080940,2735874,4096
1625724925,197080940,2735882,4096
1625724925,197080940,2735890,4096
1625724925,197459886,1857548,4096
1625724925,197460959,1857556,4096
1625724925,197460959,1857564,4096
1625724925,197460959,1857572,4096
1625724925,197460959,1857580,4096
1625724925,197460959,1857588,4096
1625724925,197460959,1857596,4096
1625724925,197460959,1857604,4096
1625724925,197998783,2735394,4096
1625724925,197999856,2735402,4096
1625724925,197999856,2735410,4096
1625724925,197999856,2735418,4096
1625724925,197999856,2735426,4096
1625724925,197999856,2735434,4096
1625724925,197999856,2735442,4096
1625724925,197999856,2735450,4096
1625724925,198383096,1857612,4096
1625724925,198383096,1857620,4096
1625724925,198384169,1857628,4096
1625724925,198384169,1857636,4096
1625724925,198384169,1857644,4096
1625724925,198384169,1857652,4096
1625724925,198384169,1857660,4096
1625724925,198384169,1857668,4096
1625724925,198978888,2734794,4096
1625724925,198978888,2734802,4096
1625724925,198978888,2734810,4096
1625724925,198978888,2734818,4096
1625724925,198978888,2734826,4096
1625724925,198979962,2734834,4096
1625724925,198979962,2734842,4096
1625724925,198979962,2734850,4096
1625724925,199169971,1857676,4096
1625724925,199169971,1857684,4096
1625724925,199169971,1857692,4096
1625724925,199169971,1857700,4096
1625724925,199169971,1857708,4096
1625724925,199169971,1857716,4096
1625724925,199169971,1857724,4096
1625724925,199169971,1857732,4096
1625724925,199704574,2735458,4096
1625724925,199704574,2735466,4096
1625724925,199705648,2735474,4096
1625724925,199705648,2735482,4096
1625724925,199705648,2735490,4096
1625724925,199705648,2735498,4096
1625724925,199705648,2735506,4096
1625724925,199705648,2735514,4096
1625724925,199796895,1857740,4096
1625724925,199796895,1857748,4096
1625724925,199796895,1857756,4096
1625724925,199796895,1857764,4096
1625724925,199796895,1857772,4096
1625724925,199796895,1857780,4096
1625724925,199796895,1857788,4096
1625724925,199797969,1857796,4096
1625724925,200346527,2734858,4096
1625724925,200346527,2734866,4096
1625724925,200346527,2734874,4096
1625724925,200346527,2734882,4096
1625724925,200347601,2734890,4096
1625724925,200347601,2734898,4096
1625724925,200436701,1857804,4096
1625724925,200436701,1857812,4096
1625724925,200436701,1857820,4096
1625724925,200436701,1857828,4096
1625724925,200436701,1857836,4096
1625724925,200436701,1857844,4096
1625724925,200436701,1857852,4096
1625724925,200436701,1857860,4096
1625724925,201093683,2734722,4096
1625724925,201093683,2734730,4096
1625724925,201093683,2734738,4096
1625724925,201093683,2734746,4096
1625724925,201093683,2734754,4096
1625724925,201093683,2734762,4096
1625724925,201093683,2734770,4096
1625724925,201093683,2734778,4096
1625724925,201157020,1857868,4096
1625724925,201157020,1857876,4096
1625724925,201157020,1857884,4096
1625724925,201157020,1857892,4096
1625724925,201157020,1857900,4096
1625724925,201157020,1857908,4096
1625724925,201157020,1857916,4096
1625724925,201157020,1857924,4096
1625724925,201761400,2734970,4096
1625724925,201761400,2734978,4096
1625724925,201761400,2734986,4096
1625724925,201761400,2734994,4096
1625724925,201761400,2735002,4096
1625724925,201762474,2735010,4096
1625724925,201762474,2735018,4096
1625724925,201827957,1857932,4096
1625724925,201827957,1857940,4096
1625724925,201827957,1857948,4096
1625724925,201827957,1857956,4096
1625724925,201829031,1857964,4096
1625724925,201829031,1857972,4096
1625724925,201829031,1857980,4096
1625724925,201829031,1857988,4096
1625724925,202378663,2735330,4096
1625724925,202379736,2735338,4096
1625724925,202379736,2735346,4096
1625724925,202379736,2735354,4096
1625724925,202379736,2735362,4096
1625724925,202379736,2735370,4096
1625724925,202379736,2735378,4096
1625724925,202379736,2735386,4096
1625724925,202470984,1857996,4096
1625724925,202472057,1858004,4096
1625724925,202472057,1858012,4096
1625724925,202472057,1858020,4096
1625724925,202472057,1858028,4096
1625724925,202472057,1858036,4096
1625724925,202472057,1858044,4096
1625724925,202472057,1858052,4096
1625724925,203032424,2734402,4096
1625724925,203032424,2734410,4096
1625724925,203032424,2734418,4096
1625724925,203033498,2734426,4096
1625724925,203033498,2734434,4096
1625724925,203033498,2734442,4096
1625724925,203033498,2734450,4096
1625724925,203033498,2734458,4096
1625724925,203121525,1858060,4096
1625724925,203121525,1858068,4096
1625724925,203121525,1858076,4096
1625724925,203121525,1858084,4096
1625724925,203121525,1858092,4096
1625724925,203121525,1858100,4096
1625724925,203121525,1858108,4096
1625724925,203122598,1858116,4096
1625724925,203647540,2735754,4096
1625724925,203647540,2735762,4096
1625724925,203647540,2735770,4096
1625724925,203647540,2735778,4096
1625724925,203647540,2735786,4096
1625724925,203647540,2735794,4096
1625724925,203648613,2735802,4096
1625724925,203648613,2735810,4096
1625724925,203760257,1858124,4096
1625724925,203760257,1858132,4096
1625724925,203760257,1858140,4096
1625724925,203761331,1858148,4096
1625724925,203761331,1858156,4096
1625724925,203761331,1858164,4096
1625724925,203761331,1858172,4096
1625724925,203761331,1858180,4096
1625724925,204353903,2736290,4096
1625724925,204353903,2736298,4096
1625724925,204353903,2736306,4096
1625724925,204353903,2736314,4096
1625724925,204353903,2736322,4096
1625724925,204353903,2736330,4096
1625724925,204353903,2736338,4096
1625724925,204353903,2736346,4096
1625724925,204404357,1858188,4096
1625724925,204405431,1858196,4096
1625724925,204405431,1858204,4096
1625724925,204405431,1858212,4096
1625724925,204405431,1858220,4096
1625724925,204405431,1858228,4096
1625724925,204405431,1858236,4096
1625724925,204405431,1858244,4096
1625724925,204984047,2735650,4096
1625724925,204984047,2735658,4096
1625724925,204984047,2735666,4096
1625724925,204984047,2735674,4096
1625724925,204985121,2735682,4096
1625724925,204985121,2735690,4096
1625724925,204985121,2735698,4096
1625724925,204985121,2735706,4096
1625724925,205075295,1858252,4096
1625724925,205075295,1858260,4096
1625724925,205075295,1858268,4096
1625724925,205075295,1858276,4096
1625724925,205075295,1858284,4096
1625724925,205075295,1858292,4096
1625724925,205075295,1858300,4096
1625724925,205075295,1858308,4096
1625724925,205677528,2734658,4096
1625724925,205677528,2734666,4096
1625724925,205677528,2734674,4096
1625724925,205678602,2734682,4096
1625724925,205678602,2734690,4096
1625724925,205678602,2734698,4096
1625724925,205678602,2734706,4096
1625724925,205678602,2734714,4096
1625724925,205730130,1858316,4096
1625724925,205730130,1858324,4096
1625724925,205730130,1858332,4096
1625724925,205730130,1858340,4096
1625724925,205730130,1858348,4096
1625724925,205730130,1858356,4096
1625724925,205730130,1858364,4096
1625724925,205730130,1858372,4096
1625724925,206259365,2737494,4096
1625724925,206259365,2737502,4096
1625724925,206424684,1858380,4096
1625724925,206424684,1858388,4096
1625724925,206424684,1858396,4096
1625724925,206425758,1858404,4096
1625724925,206425758,1858412,4096
1625724925,206425758,1858420,4096
1625724925,206425758,1858428,4096
1625724925,206425758,1858436,4096
1625724925,206978610,2737096,4096
1625724925,206978610,2737104,4096
1625724925,206978610,2737112,4096
1625724925,206978610,2737120,4096
1625724925,216984704,6840640,4096
1625724925,235653942,48936304,4096
1625724925,236316292,68808144,4096
1625724925,236316292,68808152,4096
1625724925,236316292,68808160,4096
1625724925,236316292,68808168,4096
1625724925,236885247,68808176,4096
1625724925,236885247,68808184,4096
1625724925,236885247,68808192,4096
1625724925,236886320,68808200,4096
1625724925,236886320,68808208,2560
1625724925,264308878,27798912,4096
1625724925,264308878,27798920,4096
1625724925,264309951,27798928,4096
1625724925,264309951,27798936,4096
1625724925,265150502,27830624,4096
1625724925,265150502,27830632,4096
1625724925,265151575,27830640,4096
1625724925,265151575,27830648,4096
1625724925,265241749,27661440,4096
1625724925,265242823,27661448,4096
1625724925,265242823,27661456,4096
1625724925,265243896,27661464,4096
1625724925,266183209,56757056,4096
1625724925,266183209,56757064,4096
1625724925,266184282,56757072,4096
1625724925,266184282,56757080,4096
1625724925,266185356,56757088,4096
1625724925,266185356,56757096,4096
1625724925,266186429,56757104,4096
1625724925,266186429,56757112,4096
1625724925,266186429,56757120,4096
1625724925,266187503,56757128,4096
1625724925,266187503,56757136,4096
1625724925,266188576,56757144,4096
1625724925,266188576,56757152,4096
1625724925,266188576,56757160,4096
1625724925,266189650,56757168,4096
1625724925,266189650,56757176,4096
1625724925,266190723,56757184,4096
1625724925,266190723,56757192,4096
1625724925,266190723,56757200,4096
1625724925,266191797,56757208,4096
1625724925,266191797,56757216,4096
1625724925,266192870,56757224,4096
1625724925,266390394,56757232,4096
1625724925,266390394,56757240,4096
1625724925,266391468,56757248,4096
1625724925,266391468,56757256,4096
1625724925,266392541,56757264,4096
1625724925,266392541,56757272,4096
1625724925,266392541,56757280,4096
1625724925,266393615,56757288,4096
1625724925,266393615,56757296,4096
1625724925,266394688,56757304,4096
1625724925,266394688,56757312,4096
1625724925,266394688,56757320,4096
1625724925,266395762,56757328,4096
1625724925,266395762,56757336,4096
1625724925,266396835,56757344,4096
1625724925,266396835,56757352,4096
1625724925,266396835,56757360,4096
1625724925,266397909,56757368,4096
1625724925,266397909,56757376,4096
1625724925,266398982,56757384,4096
1625724925,266398982,56757392,4096
1625724925,266398982,56757400,4096
1625724925,266870249,56672480,4096
1625724925,266870249,56672488,4096
1625724925,266871322,56672496,4096
1625724925,266871322,56672504,4096
1625724925,266872396,56672512,4096
1625724925,266872396,56672520,4096
1625724925,266872396,56672528,4096
1625724925,266873469,56672536,4096
1625724925,266873469,56672544,4096
1625724925,266874543,56672552,4096
1625724925,266874543,56672560,4096
1625724925,266874543,56672568,4096
1625724925,266875616,56672576,4096
1625724925,266875616,56672584,4096
1625724925,266876690,56672592,4096
1625724925,266876690,56672600,4096
1625724925,266877763,56672608,4096
1625724925,266877763,56672616,4096
1625724925,266877763,56672624,4096
1625724925,266878837,56672632,4096
1625724925,266878837,56672640,4096
1625724925,266879910,56672648,4096
1625724925,267042009,56672656,4096
1625724925,267043082,56672664,4096
1625724925,267043082,56672672,4096
1625724925,267044156,56672680,4096
1625724925,267044156,56672688,4096
1625724925,267044156,56672696,4096
1625724925,267045229,56672704,4096
1625724925,267045229,56672712,4096
1625724925,267046303,56672720,4096
1625724925,267046303,56672728,4096
1625724925,267046303,56672736,4096
1625724925,267047376,56672744,4096
1625724925,267047376,56672752,4096
1625724925,267048450,56672760,4096
1625724925,267048450,56672768,4096
1625724925,267048450,56672776,4096
1625724925,267049523,56672784,4096
1625724925,267049523,56672792,4096
1625724925,267050597,56672800,4096
1625724925,267050597,56672808,4096
1625724925,267050597,56672816,4096
1625724925,267051670,56672824,4096
1625724925,267557289,56755936,4096
1625724925,267558362,56755944,4096
1625724925,267558362,56755952,4096
1625724925,267559436,56755960,4096
1625724925,267559436,56755968,4096
1625724925,267560509,56755976,4096
1625724925,267560509,56755984,4096
1625724925,267560509,56755992,4096
1625724925,267561583,56756000,4096
1625724925,267561583,56756008,4096
1625724925,267562656,56756016,4096
1625724925,267562656,56756024,4096
1625724925,267562656,56756032,4096
1625724925,267563730,56756040,4096
1625724925,267563730,56756048,4096
1625724925,267564803,56756056,4096
1625724925,267564803,56756064,4096
1625724925,267565877,56756072,4096
1625724925,267565877,56756080,3072
1625724925,268499822,56756086,4096
1625724925,268500895,56756094,4096
1625724925,268500895,56756102,4096
1625724925,268500895,56756110,4096
1625724925,268501969,56756118,4096
1625724925,268501969,56756126,4096
1625724925,268503042,56756134,4096
1625724925,268503042,56756142,4096
1625724925,268504116,56756150,4096
1625724925,268504116,56756158,4096
1625724925,268504116,56756166,4096
1625724925,268505189,56756174,4096
1625724925,268505189,56756182,4096
1625724925,268506263,56756190,4096
1625724925,268506263,56756198,4096
1625724925,268506263,56756206,4096
1625724925,268507336,56756214,4096
1625724925,268507336,56756222,4096
1625724925,268508410,56756230,3072
1625724925,268646891,56756236,4096
1625724925,268647965,56756244,4096
1625724925,268647965,56756252,4096
1625724925,268647965,56756260,4096
1625724925,268649038,56756268,4096
1625724925,268649038,56756276,4096
1625724925,268650112,56756284,4096
1625724925,268650112,56756292,4096
1625724925,268651185,56756300,4096
1625724925,268651185,56756308,4096
1625724925,268651185,56756316,4096
1625724925,268652259,56756324,4096
1625724925,268652259,56756332,4096
1625724925,268653332,56756340,4096
1625724925,268653332,56756348,4096
1625724925,268654406,56756356,4096
1625724925,268654406,56756364,4096
1625724925,268654406,56756372,4096
1625724925,268655479,56756380,2048
1625724925,306883888,56668064,4096
1625724925,306883888,56668072,4096
1625724925,306883888,56668080,4096
1625724925,306883888,56668088,4096
1625724925,307257466,13231680,4096
1625724925,307257466,13231688,4096
1625724925,307257466,13231696,4096
1625724925,307257466,13231704,4096
1625724925,307257466,13231712,4096
1625724925,307258539,13231720,4096
1625724925,307258539,13231728,4096
1625724925,307258539,13231736,4096
1625724925,307258539,13231744,4096
1625724925,307258539,13231752,4096
1625724925,307258539,13231760,4096
1625724925,307259613,13231768,4096
1625724925,307259613,13231776,4096
1625724925,307259613,13231784,4096
1625724925,307259613,13231792,4096
1625724925,307259613,13231800,4096
1625724925,307259613,13231808,4096
1625724925,307260686,13231816,4096
1625724925,307260686,13231824,4096
1625724925,307260686,13231832,4096
1625724925,307260686,13231840,4096
1625724925,307260686,13231848,1536
1625724925,307483974,13231851,4096
1625724925,307485048,13231859,4096
1625724925,307485048,13231867,4096
1625724925,307485048,13231875,4096
1625724925,307485048,13231883,4096
1625724925,307485048,13231891,4096
1625724925,307485048,13231899,4096
1625724925,307486121,13231907,4096
1625724925,307486121,13231915,4096
1625724925,307486121,13231923,4096
1625724925,307486121,13231931,4096
1625724925,307486121,13231939,4096
1625724925,307486121,13231947,4096
1625724925,307487195,13231955,4096
1625724925,307487195,13231963,4096
1625724925,307487195,13231971,4096
1625724925,307487195,13231979,4096
1625724925,307487195,13231987,4096
1625724925,307487195,13231995,4096
1625724925,307488268,13232003,4096
1625724925,307488268,13232011,4096
1625724925,307488268,13232019,1536
1625724925,307661102,13232022,4096
1625724925,307661102,13232030,4096
1625724925,307661102,13232038,4096
1625724925,307661102,13232046,4096
1625724925,307661102,13232054,4096
1625724925,307662175,13232062,4096
1625724925,307662175,13232070,4096
1625724925,307662175,13232078,4096
1625724925,307662175,13232086,4096
1625724925,307662175,13232094,4096
1625724925,307662175,13232102,4096
1625724925,307663249,13232110,4096
1625724925,307663249,13232118,4096
1625724925,307663249,13232126,4096
1625724925,307663249,13232134,4096
1625724925,307663249,13232142,4096
1625724925,307663249,13232150,4096
1625724925,307664322,13232158,4096
1625724925,307664322,13232166,4096
1625724925,307664322,13232174,4096
1625724925,307664322,13232182,4096
1625724925,307664322,13232190,1024
1625724925,307690086,2526898,4096
1625724925,307690086,2526906,4096
1625724925,307691160,2526914,4096
1625724925,307691160,2526922,2560
1625724925,316599063,537904,4096
1625724925,321483488,2526890,4096
1625724925,364246360,1858444,4096
1625724925,364247434,1858452,4096
1625724925,364247434,1858460,4096
1625724925,364247434,1858468,4096
1625724925,364247434,1858476,4096
1625724925,364247434,1858484,4096
1625724925,364247434,1858492,4096
1625724925,364248507,1858500,4096
1625724925,364692936,498520,4096
1625724925,405527803,6840872,4096
1625724925,447883819,1858508,4096
1625724925,447884892,1858516,4096
1625724925,447884892,1858524,4096
1625724925,447884892,1858532,4096
1625724925,447884892,1858540,4096
1625724925,447884892,1858548,4096
1625724925,447884892,1858556,4096
1625724925,447885966,1858564,4096
1625724925,448361526,28075392,4096
1625724925,481218141,68857168,4096
1625724925,481218141,68857176,4096
1625724925,481218141,68857184,4096
1625724925,481218141,68857192,4096
1625724925,481820374,68857200,4096
1625724925,481820374,68857208,4096
1625724925,481820374,68857216,4096
1625724925,481820374,68857224,4096
1625724925,481821448,68857232,2048
1625724925,531689817,1858572,4096
1625724925,531689817,1858580,4096
1625724925,531689817,1858588,4096
1625724925,531689817,1858596,4096
1625724925,531689817,1858604,4096
1625724925,531689817,1858612,4096
1625724925,531690890,1858620,4096
1625724925,531690890,1858628,4096
1625724925,532470251,28075400,4096
1625724925,532470251,28075408,4096
1625724925,532470251,28075416,4096
1625724925,532470251,28075424,4096
1625724925,532470251,28075432,4096
1625724925,532470251,28075440,4096
1625724925,532470251,28075448,4096
1625724925,532471325,28075456,4096
1625724925,532471325,28075464,4096
1625724925,532471325,28075472,4096
1625724925,532471325,28075480,4096
1625724925,532471325,28075488,4096
1625724925,532471325,28075496,4096
1625724925,532471325,28075504,4096
1625724925,532471325,28075512,4096
1625724925,532471325,28075520,4096
1625724925,532472398,28075528,4096
1625724925,532472398,28075536,4096
1625724925,532472398,28075544,4096
1625724925,532472398,28075552,4096
1625724925,532472398,28075560,4096
1625724925,532472398,28075568,1536
1625724925,533494370,28075571,4096
1625724925,533495444,28075579,4096
1625724925,533495444,28075587,4096
1625724925,533495444,28075595,4096
1625724925,533495444,28075603,4096
1625724925,533495444,28075611,4096
1625724925,533496517,28075619,4096
1625724925,533496517,28075627,4096
1625724925,533496517,28075635,4096
1625724925,533496517,28075643,4096
1625724925,533496517,28075651,4096
1625724925,533496517,28075659,4096
1625724925,533496517,28075667,4096
1625724925,533496517,28075675,4096
1625724925,533496517,28075683,4096
1625724925,533497591,28075691,4096
1625724925,533497591,28075699,4096
1625724925,533497591,28075707,4096
1625724925,533497591,28075715,4096
1625724925,533497591,28075723,4096
1625724925,533497591,28075731,4096
1625724925,533497591,28075739,1536
1625724925,534023606,28075742,4096
1625724925,534023606,28075750,4096
1625724925,534023606,28075758,4096
1625724925,534023606,28075766,4096
1625724925,534024679,28075774,4096
1625724925,534024679,28075782,4096
1625724925,534024679,28075790,4096
1625724925,534024679,28075798,4096
1625724925,534024679,28075806,4096
1625724925,534024679,28075814,4096
1625724925,534024679,28075822,4096
1625724925,534024679,28075830,4096
1625724925,534024679,28075838,4096
1625724925,534025753,28075846,4096
1625724925,534025753,28075854,4096
1625724925,534025753,28075862,4096
1625724925,534025753,28075870,4096
1625724925,534025753,28075878,4096
1625724925,534025753,28075886,4096
1625724925,534025753,28075894,4096
1625724925,534025753,28075902,4096
1625724925,534025753,28075910,1024
1625724925,534626913,1858636,4096
1625724925,534626913,1858644,4096
1625724925,534626913,1858652,4096
1625724925,534627986,1858660,4096
1625724925,534627986,1858668,4096
1625724925,534627986,1858676,4096
1625724925,534627986,1858684,4096
1625724925,534627986,1858692,4096
1625724925,569281640,6841432,4096
1625724925,615417449,1858700,4096
1625724925,615417449,1858708,4096
1625724925,615418523,1858716,4096
1625724925,615418523,1858724,4096
1625724925,615418523,1858732,4096
1625724925,615418523,1858740,4096
1625724925,615418523,1858748,4096
1625724925,615418523,1858756,4096
1625724925,616076578,28075912,4096
1625724925,616076578,28075920,4096
1625724925,616077652,28075928,4096
1625724925,616077652,28075936,4096
1625724925,616077652,28075944,4096
1625724925,616077652,28075952,4096
1625724925,616077652,28075960,4096
1625724925,616077652,28075968,4096
1625724925,616077652,28075976,4096
1625724925,616077652,28075984,4096
1625724925,616077652,28075992,4096
1625724925,616078725,28076000,4096
1625724925,616078725,28076008,4096
1625724925,616078725,28076016,4096
1625724925,616078725,28076024,4096
1625724925,616078725,28076032,2048
1625724925,616729266,28076036,4096
1625724925,616729266,28076044,4096
1625724925,616729266,28076052,4096
1625724925,616730340,28076060,4096
1625724925,616730340,28076068,4096
1625724925,616730340,28076076,4096
1625724925,616730340,28076084,4096
1625724925,616730340,28076092,4096
1625724925,616730340,28076100,4096
1625724925,616730340,28076108,4096
1625724925,616730340,28076116,4096
1625724925,616730340,28076124,4096
1625724925,616731413,28076132,4096
1625724925,616731413,28076140,4096
1625724925,616731413,28076148,4096
1625724925,616731413,28076156,2048
1625724925,617381954,62502048,4096
1625724925,617381954,62502056,4096
1625724925,617381954,62502064,4096
1625724925,617381954,62502072,4096
1625724925,617381954,62502080,4096
1625724925,617383028,62502088,4096
1625724925,617383028,62502096,4096
1625724925,617383028,62502104,4096
1625724925,617383028,62502112,4096
1625724925,617383028,62502120,4096
1625724925,617383028,62502128,4096
1625724925,617383028,62502136,4096
1625724925,617383028,62502144,4096
1625724925,617383028,62502152,4096
1625724925,617384101,62502160,4096
1625724925,617384101,62502168,4096
1625724925,617384101,62502176,2048
1625724925,618023907,62502180,4096
1625724925,618023907,62502188,4096
1625724925,618023907,62502196,4096
1625724925,618023907,62502204,4096
1625724925,618023907,62502212,4096
1625724925,618024981,62502220,4096
1625724925,618024981,62502228,4096
1625724925,618024981,62502236,4096
1625724925,618024981,62502244,4096
1625724925,618024981,62502252,4096
1625724925,618024981,62502260,4096
1625724925,618024981,62502268,4096
1625724925,618024981,62502276,4096
1625724925,618024981,62502284,4096
1625724925,618026054,62502292,4096
1625724925,618026054,62502300,4096
1625724925,618026054,62502308,2048
1625724925,62732415,1863699,4096
1625724925,62733489,1863707,4096
1625724925,62733489,1863715,4096
1625724925,62733489,1863723,4096
1625724925,62733489,1863731,4096
1625724925,62733489,1863739,4096
1625724925,62733489,1863747,4096
1625724925,62733489,1863755,4096
1625724925,630050328,7986400,2560
1625724925,63188653,60643280,4096
1625724925,63188653,60643288,4096
1625724925,63188653,60643296,3584
1625724925,63571892,1863235,4096
1625724925,63571892,1863243,4096
1625724925,63571892,1863251,4096
1625724925,63571892,1863259,4096
1625724925,63571892,1863267,4096
1625724925,63571892,1863275,4096
1625724925,63572966,1863283,4096
1625724925,63572966,1863291,4096
1625724925,64282549,1863459,4096
1625724925,64282549,1863467,4096
1625724925,64282549,1863475,4096
1625724925,64283623,1863483,4096
1625724925,64283623,1863491,4096
1625724925,64283623,1863499,4096
1625724925,64283623,1863507,4096
1625724925,64283623,1863515,4096
1625724925,64982471,1864459,4096
1625724925,64983545,1864467,4096
1625724925,64983545,1864475,4096
1625724925,64983545,1864483,4096
1625724925,64983545,1864491,4096
1625724925,64983545,1864499,4096
1625724925,64983545,1864507,4096
1625724925,64983545,1864515,4096
1625724925,65668438,1864651,4096
1625724925,65668438,1864659,4096
1625724925,65668438,1864667,4096
1625724925,65668438,1864675,4096
1625724925,65668438,1864683,4096
1625724925,65668438,1864691,4096
1625724925,65668438,1864699,4096
1625724925,65668438,1864707,4096
1625724925,66211629,1866665,4096
1625724925,66211629,1866673,4096
1625724925,66211629,1866681,4096
1625724925,66211629,1866689,4096
1625724925,66841773,1864787,4096
1625724925,66842847,1864795,4096
1625724925,66842847,1864803,4096
1625724925,66842847,1864811,4096
1625724925,66842847,1864819,4096
1625724925,66842847,1864827,4096
1625724925,66842847,1864835,4096
1625724925,66842847,1864843,4096
1625724925,67697353,1864587,4096
1625724925,67697353,1864595,4096
1625724925,67697353,1864603,4096
1625724925,67697353,1864611,4096
1625724925,67697353,1864619,4096
1625724925,67697353,1864627,4096
1625724925,67697353,1864635,4096
1625724925,67698426,1864643,4096
1625724925,682426393,1858764,4096
1625724925,682426393,1858772,4096
1625724925,682427466,1858780,4096
1625724925,682427466,1858788,4096
1625724925,682428540,1858796,4096
1625724925,682428540,1858804,4096
1625724925,682429613,1858812,4096
1625724925,682429613,1858820,4096
1625724925,683366779,62502312,4096
1625724925,683367852,62502320,4096
1625724925,683367852,62502328,4096
1625724925,683368926,62502336,4096
1625724925,683368926,62502344,4096
1625724925,683369999,62502352,4096
1625724925,683369999,62502360,4096
1625724925,683369999,62502368,4096
1625724925,683371073,62502376,4096
1625724925,683371073,62502384,4096
1625724925,683372146,62502392,4096
1625724925,683372146,62502400,4096
1625724925,683372146,62502408,4096
1625724925,683373220,62502416,4096
1625724925,683373220,62502424,4096
1625724925,683374293,62502432,4096
1625724925,683374293,62502440,4096
1625724925,683374293,62502448,4096
1625724925,683375367,62502456,4096
1625724925,683375367,62502464,4096
1625724925,683376440,62502472,4096
1625724925,683376440,62502480,1536
1625724925,684324341,62502483,4096
1625724925,684325414,62502491,4096
1625724925,684325414,62502499,4096
1625724925,684326488,62502507,4096
1625724925,684326488,62502515,4096
1625724925,684326488,62502523,4096
1625724925,684327561,62502531,4096
1625724925,684327561,62502539,4096
1625724925,684328635,62502547,4096
1625724925,684328635,62502555,4096
1625724925,684328635,62502563,4096
1625724925,684329708,62502571,4096
1625724925,684329708,62502579,4096
1625724925,684330782,62502587,4096
1625724925,684330782,62502595,4096
1625724925,684330782,62502603,4096
1625724925,684331855,62502611,4096
1625724925,684331855,62502619,4096
1625724925,684332929,62502627,4096
1625724925,684332929,62502635,4096
1625724925,684332929,62502643,4096
1625724925,684334002,62502651,1536
1625724925,685052174,62502654,4096
1625724925,685052174,62502662,4096
1625724925,685053247,62502670,4096
1625724925,685053247,62502678,4096
1625724925,685054321,62502686,4096
1625724925,685054321,62502694,4096
1625724925,685055394,62502702,4096
1625724925,685055394,62502710,4096
1625724925,685055394,62502718,4096
1625724925,685056468,62502726,4096
1625724925,685056468,62502734,4096
1625724925,685056468,62502742,4096
1625724925,685057541,62502750,4096
1625724925,685057541,62502758,4096
1625724925,685058615,62502766,4096
1625724925,685058615,62502774,4096
1625724925,685058615,62502782,4096
1625724925,685059688,62502790,4096
1625724925,685059688,62502798,4096
1625724925,685060762,62502806,4096
1625724925,685060762,62502814,4096
1625724925,685061835,62502822,1024
1625724925,68551859,2734186,4096
1625724925,68551859,2734194,4096
1625724925,68551859,2734202,4096
1625724925,68551859,2734210,4096
1625724925,68551859,2734218,4096
1625724925,68551859,2734226,4096
1625724925,68552932,2734234,4096
1625724925,68552932,2734242,4096
1625724925,685880916,1858828,4096
1625724925,685881989,1858836,4096
1625724925,685881989,1858844,4096
1625724925,685881989,1858852,4096
1625724925,685883063,1858860,4096
1625724925,685883063,1858868,4096
1625724925,685884136,1858876,4096
1625724925,685884136,1858884,4096
1625724925,687412800,62502824,4096
1625724925,687413874,62502832,4096
1625724925,687413874,62502840,4096
1625724925,687413874,62502848,4096
1625724925,687414947,62502856,4096
1625724925,687414947,62502864,4096
1625724925,687416021,62502872,4096
1625724925,687416021,62502880,4096
1625724925,687416021,62502888,4096
1625724925,687417094,62502896,4096
1625724925,687417094,62502904,4096
1625724925,687418168,62502912,4096
1625724925,687418168,62502920,4096
1625724925,687418168,62502928,4096
1625724925,687419241,62502936,4096
1625724925,687419241,62502944,4096
1625724925,687420315,62502952,4096
1625724925,687420315,62502960,4096
1625724925,687420315,62502968,4096
1625724925,687421388,62502976,4096
1625724925,687421388,62502984,4096
1625724925,687422462,62502992,1536
1625724925,687642529,62502995,4096
1625724925,687643603,62503003,4096
1625724925,687643603,62503011,4096
1625724925,687644676,62503019,4096
1625724925,687644676,62503027,4096
1625724925,687644676,62503035,4096
1625724925,687645750,62503043,4096
1625724925,687645750,62503051,4096
1625724925,687646823,62503059,4096
1625724925,687646823,62503067,4096
1625724925,687647897,62503075,4096
1625724925,687647897,62503083,4096
1625724925,687647897,62503091,4096
1625724925,687648970,62503099,4096
1625724925,687648970,62503107,4096
1625724925,687650044,62503115,4096
1625724925,687650044,62503123,4096
1625724925,687650044,62503131,4096
1625724925,687651117,62503139,4096
1625724925,687651117,62503147,4096
1625724925,687652191,62503155,4096
1625724925,687652191,62503163,1536
1625724925,688383244,1858892,4096
1625724925,688383244,1858900,4096
1625724925,688384318,1858908,4096
1625724925,688384318,1858916,4096
1625724925,688385391,1858924,4096
1625724925,688385391,1858932,4096
1625724925,688385391,1858940,4096
1625724925,688386465,1858948,4096
1625724925,689322557,62503166,4096
1625724925,689323630,62503174,4096
1625724925,689323630,62503182,4096
1625724925,689324704,62503190,4096
1625724925,689324704,62503198,4096
1625724925,689324704,62503206,4096
1625724925,689325777,62503214,4096
1625724925,689325777,62503222,4096
1625724925,689326851,62503230,4096
1625724925,689326851,62503238,4096
1625724925,689326851,62503246,4096
1625724925,689327924,62503254,4096
1625724925,689327924,62503262,4096
1625724925,689327924,62503270,4096
1625724925,689328998,62503278,4096
1625724925,689328998,62503286,4096
1625724925,689330071,62503294,4096
1625724925,689330071,62503302,4096
1625724925,689331145,62503310,4096
1625724925,689331145,62503318,4096
1625724925,689331145,62503326,4096
1625724925,689332218,62503334,1024
1625724925,691439499,62503336,4096
1625724925,691440572,62503344,4096
1625724925,691440572,62503352,4096
1625724925,691441646,62503360,4096
1625724925,691441646,62503368,4096
1625724925,691441646,62503376,4096
1625724925,691442719,62503384,4096
1625724925,691442719,62503392,4096
1625724925,691443793,62503400,4096
1625724925,691443793,62503408,4096
1625724925,691443793,62503416,4096
1625724925,691444866,62503424,4096
1625724925,691444866,62503432,4096
1625724925,691444866,62503440,4096
1625724925,691445940,62503448,4096
1625724925,691445940,62503456,2048
1625724925,691562951,62503460,4096
1625724925,691564025,62503468,4096
1625724925,691564025,62503476,4096
1625724925,691564025,62503484,4096
1625724925,691565098,62503492,4096
1625724925,691565098,62503500,4096
1625724925,691566172,62503508,4096
1625724925,691566172,62503516,4096
1625724925,691567245,62503524,4096
1625724925,691567245,62503532,4096
1625724925,691567245,62503540,4096
1625724925,691568319,62503548,4096
1625724925,691568319,62503556,4096
1625724925,691569392,62503564,4096
1625724925,691569392,62503572,4096
1625724925,691570466,62503580,2048
1625724925,691955852,62547584,4096
1625724925,691956926,62547592,4096
1625724925,691956926,62547600,4096
1625724925,691957999,62547608,4096
1625724925,691957999,62547616,4096
1625724925,691959073,62547624,4096
1625724925,691959073,62547632,4096
1625724925,691960146,62547640,4096
1625724925,691960146,62547648,4096
1625724925,691960146,62547656,4096
1625724925,691961220,62547664,4096
1625724925,691961220,62547672,4096
1625724925,691962293,62547680,4096
1625724925,691962293,62547688,4096
1625724925,691963367,62547696,4096
1625724925,691963367,62547704,4096
1625724925,692109363,62547712,4096
1625724925,692109363,62547720,4096
1625724925,692109363,62547728,4096
1625724925,692110436,62547736,4096
1625724925,692110436,62547744,4096
1625724925,692111510,62547752,4096
1625724925,692111510,62547760,4096
1625724925,692111510,62547768,4096
1625724925,692112583,62547776,4096
1625724925,692112583,62547784,4096
1625724925,692113657,62547792,4096
1625724925,692113657,62547800,4096
1625724925,692114730,62547808,4096
1625724925,692114730,62547816,4096
1625724925,692114730,62547824,4096
1625724925,692115804,62547832,4096
1625724925,69245340,2736154,4096
1625724925,69245340,2736162,4096
1625724925,69246413,2736170,4096
1625724925,69246413,2736178,4096
1625724925,69246413,2736186,4096
1625724925,69246413,2736194,4096
1625724925,69246413,2736202,4096
1625724925,69246413,2736210,4096
1625724925,694471063,1858956,4096
1625724925,694472136,1858964,4096
1625724925,694472136,1858972,4096
1625724925,694473210,1858980,4096
1625724925,694473210,1858988,4096
1625724925,694473210,1858996,4096
1625724925,694474283,1859004,4096
1625724925,694474283,1859012,4096
1625724925,69448231,1857232,4096
1625724925,70093405,1859343,2048
1625724925,712782826,6842312,4096
1625724925,730595411,7991168,4096
1625724925,766056337,1859020,4096
1625724925,766056337,1859028,4096
1625724925,766056337,1859036,4096
1625724925,766057410,1859044,4096
1625724925,766057410,1859052,4096
1625724925,766057410,1859060,4096
1625724925,766057410,1859068,4096
1625724925,766057410,1859076,4096
1625724925,766523309,5585600,4096
1625724925,766524383,5585608,4096
1625724925,834701294,1859084,4096
1625724925,834701294,1859092,4096
1625724925,834701294,1859100,4096
1625724925,834702368,1859108,4096
1625724925,834702368,1859116,1536
1625724925,835131768,6846960,4096
1625724925,835731854,1859119,4096
1625724925,835731854,1859127,4096
1625724925,835732928,1859135,4096
1625724925,835732928,1859143,4096
1625724925,836481157,1859151,4096
1625724925,836481157,1859159,4096
1625724925,836482231,1859167,4096
1625724925,836482231,1859175,4096
1625724925,837039377,1859183,4096
1625724925,837039377,1859191,4096
1625724925,837040451,1859199,4096
1625724925,837040451,1859207,4096
1625724925,837516011,1865411,4096
1625724925,837516011,1865419,4096
1625724925,837516011,1865427,4096
1625724925,837516011,1865435,4096
1625724925,837516011,1865443,4096
1625724925,837517085,1865451,4096
1625724925,837517085,1865459,4096
1625724925,837517085,1865467,4096
1625724925,838627084,1859215,4096
1625724925,838627084,1859223,4096
1625724925,838627084,1859231,4096
1625724925,838627084,1859239,4096
1625724925,838775227,1647008,4096
1625724925,838775227,1647016,4096
1625724925,838775227,1647024,4096
1625724925,838775227,1647032,4096
1625724925,838776300,1647040,4096
1625724925,838776300,1647048,4096
1625724925,838776300,1647056,4096
1625724925,838776300,1647064,4096
1625724925,838776300,1647072,4096
1625724925,838776300,1647080,4096
1625724925,838776300,1647088,4096
1625724925,838776300,1647096,4096
1625724925,838776300,1647104,4096
1625724925,838777374,1647112,4096
1625724925,838777374,1647120,4096
1625724925,838777374,1647128,4096
1625724925,839315197,1859247,4096
1625724925,839316271,1859255,4096
1625724925,839316271,1859263,4096
1625724925,839316271,1859271,4096
1625724925,845349341,1647136,4096
1625724925,845955868,1647144,4096
1625724925,846418547,1647152,4096
1625724925,846883372,1647160,4096
1625724925,847348198,1647168,4096
1625724925,847811950,1647176,4096
1625724925,848275702,1647184,4096
1625724925,848740527,1647192,4096
1625724925,849487683,1647712,4096
1625724925,849487683,1647720,4096
1625724925,849487683,1647728,4096
1625724925,849487683,1647736,4096
1625724925,849488757,1647744,4096
1625724925,849488757,1647752,4096
1625724925,849488757,1647760,4096
1625724925,849488757,1647768,4096
1625724925,850426996,1647776,4096
1625724925,850426996,1647784,4096
1625724925,850428069,1647792,4096
1625724925,850428069,1647800,4096
1625724925,850428069,1647808,4096
1625724925,850428069,1647816,4096
1625724925,850428069,1647824,4096
1625724925,850428069,1647832,4096
1625724925,851538068,6846968,4096
1625724925,852144596,1647840,4096
1625724925,852144596,1647848,4096
1625724925,852144596,1647856,4096
1625724925,852144596,1647864,4096
1625724925,852144596,1647872,4096
1625724925,852144596,1647880,4096
1625724925,852144596,1647888,4096
1625724925,852145669,1647896,4096
1625724925,856101517,1647904,4096
1625724925,856101517,1647912,4096
1625724925,856101517,1647920,4096
1625724925,856101517,1647928,4096
1625724925,856102590,1647936,4096
1625724925,856102590,1647944,4096
1625724925,856102590,1647952,4096
1625724925,856102590,1647960,4096
1625724925,856626458,1647968,4096
1625724925,856626458,1647976,4096
1625724925,856626458,1647984,4096
1625724925,856626458,1647992,4096
1625724925,856627532,1648000,4096
1625724925,856627532,1648008,4096
1625724925,856627532,1648016,4096
1625724925,856627532,1648024,4096
1625724925,857138518,1648032,4096
1625724925,857138518,1648040,4096
1625724925,857138518,1648048,4096
1625724925,857139591,1648056,4096
1625724925,857139591,1648064,4096
1625724925,857139591,1648072,4096
1625724925,857139591,1648080,4096
1625724925,857139591,1648088,4096
1625724925,857640916,1648096,4096
1625724925,857640916,1648104,4096
1625724925,857640916,1648112,4096
1625724925,857640916,1648120,4096
1625724925,857640916,1648128,4096
1625724925,857640916,1648136,4096
1625724925,857641989,1648144,4096
1625724925,857641989,1648152,4096
1625724925,858396660,1647200,4096
1625724925,858396660,1647208,4096
1625724925,858397733,1647216,4096
1625724925,858397733,1647224,4096
1625724925,858397733,1647232,4096
1625724925,858397733,1647240,4096
1625724925,858397733,1647248,4096
1625724925,858397733,1647256,4096
1625724925,859154551,1647264,4096
1625724925,859155624,1647272,4096
1625724925,859155624,1647280,4096
1625724925,859155624,1647288,4096
1625724925,859155624,1647296,4096
1625724925,859155624,1647304,4096
1625724925,859155624,1647312,4096
1625724925,859155624,1647320,4096
1625724925,860569424,1647328,4096
1625724925,860570497,1647336,4096
1625724925,860570497,1647344,4096
1625724925,860570497,1647352,4096
1625724925,860570497,1647360,4096
1625724925,860570497,1647368,4096
1625724925,860570497,1647376,4096
1625724925,860570497,1647384,4096
1625724925,861114762,1647392,4096
1625724925,861114762,1647400,4096
1625724925,861114762,1647408,4096
1625724925,861115835,1647416,4096
1625724925,861115835,1647424,4096
1625724925,861115835,1647432,4096
1625724925,861115835,1647440,4096
1625724925,861115835,1647448,4096
1625724925,862079838,1647456,4096
1625724925,862080912,1647464,4096
1625724925,862080912,1647472,4096
1625724925,862080912,1647480,4096
1625724925,862080912,1647488,4096
1625724925,862080912,1647496,4096
1625724925,862080912,1647504,4096
1625724925,862080912,1647512,4096
1625724925,862598339,1647520,4096
1625724925,862598339,1647528,4096
1625724925,862598339,1647536,4096
1625724925,862598339,1647544,4096
1625724925,862598339,1647552,4096
1625724925,862598339,1647560,4096
1625724925,862598339,1647568,4096
1625724925,862598339,1647576,4096
1625724925,863140456,1647584,4096
1625724925,863140456,1647592,4096
1625724925,863140456,1647600,4096
1625724925,863140456,1647608,4096
1625724925,863140456,1647616,4096
1625724925,863140456,1647624,4096
1625724925,863140456,1647632,4096
1625724925,863141530,1647640,4096
1625724925,863673986,1647648,4096
1625724925,863673986,1647656,4096
1625724925,863673986,1647664,4096
1625724925,863675059,1647672,4096
1625724925,863675059,1647680,4096
1625724925,863675059,1647688,4096
1625724925,863675059,1647696,4096
1625724925,863675059,1647704,4096
1625724925,867612657,48936312,4096
1625724925,868361960,1112000,4096
1625724925,868361960,1112008,4096
1625724925,868361960,1112016,2048
1625724925,916753193,1859279,4096
1625724925,916754267,1859287,4096
1625724925,916754267,1859295,4096
1625724925,916754267,1859303,512
1625724925,917385485,1647136,4096
1625724925,917385485,1647144,4096
1625724925,917385485,1647152,4096
1625724925,917385485,1647160,4096
1625724925,917386558,1647168,4096
1625724925,917386558,1647176,4096
1625724925,917386558,1647184,4096
1625724925,917386558,1647192,4096
1625724925,957736203,7016784,4096
1625724925,958631502,1174952,4096
1625724925,958631502,1174960,4096
1625724925,958631502,1174968,512
1625724926,10332447,3182490,4096
1625724926,1054476516,63074752,4096
1625724926,1054476516,63074760,4096
1625724926,1054476516,63074768,4096
1625724926,1054476516,63074776,4096
1625724926,1055386844,63074784,4096
1625724926,1055386844,63074792,4096
1625724926,1055386844,63074800,4096
1625724926,1055387917,63074808,4096
1625724926,1055387917,63074816,4096
1625724926,1055387917,63074824,4096
1625724926,1055387917,63074832,4096
1625724926,1055387917,63074840,4096
1625724926,1055387917,63074848,4096
1625724926,1055387917,63074856,4096
1625724926,1055387917,63074864,4096
1625724926,1055387917,63074872,4096
1625724926,1055388991,63074880,4096
1625724926,1055388991,63074888,4096
1625724926,1055482385,63074896,4096
1625724926,1055482385,63074904,4096
1625724926,1055483459,63074912,4096
1625724926,1055483459,63074920,4096
1625724926,1055483459,63074928,4096
1625724926,1055483459,63074936,4096
1625724926,1055483459,63074944,4096
1625724926,1055483459,63074952,4096
1625724926,1055483459,63074960,4096
1625724926,1055483459,63074968,4096
1625724926,1055483459,63074976,4096
1625724926,1055484532,63074984,4096
1625724926,1055484532,63074992,4096
1625724926,1055484532,63075000,4096
1625724926,1056135073,63075008,4096
1625724926,1056136147,63075016,4096
1625724926,1056136147,63075024,4096
1625724926,1056136147,63075032,4096
1625724926,1056136147,63075040,4096
1625724926,1056136147,63075048,4096
1625724926,1056136147,63075056,4096
1625724926,1056136147,63075064,4096
1625724926,1056136147,63075072,4096
1625724926,1056136147,63075080,4096
1625724926,1056137220,63075088,4096
1625724926,1056137220,63075096,4096
1625724926,1056137220,63075104,4096
1625724926,1056137220,63075112,4096
1625724926,1056137220,63075120,4096
1625724926,1056137220,63075128,4096
1625724926,1057013196,63075136,4096
1625724926,1057014270,63075144,4096
1625724926,1057014270,63075152,4096
1625724926,1057014270,63075160,4096
1625724926,1057014270,63075168,4096
1625724926,1057014270,63075176,4096
1625724926,1057014270,63075184,4096
1625724926,1057014270,63075192,4096
1625724926,1057014270,63075200,4096
1625724926,1057014270,63075208,4096
1625724926,1057015343,63075216,4096
1625724926,1057015343,63075224,4096
1625724926,1057015343,63075232,4096
1625724926,1057015343,63075240,4096
1625724926,1057015343,63075248,4096
1625724926,1057015343,63075256,4096
1625724926,1057139869,63075264,4096
1625724926,1057139869,63075272,4096
1625724926,1057139869,63075280,4096
1625724926,1057139869,63075288,4096
1625724926,1057139869,63075296,4096
1625724926,1057139869,63075304,4096
1625724926,1057139869,63075312,4096
1625724926,1057139869,63075320,4096
1625724926,1057140943,63075328,4096
1625724926,1057140943,63075336,4096
1625724926,1057140943,63075344,4096
1625724926,1057140943,63075352,4096
1625724926,1057140943,63075360,4096
1625724926,1057140943,63075368,4096
1625724926,1057140943,63075376,4096
1625724926,1057140943,63075384,4096
1625724926,1061594894,63075392,4096
1625724926,1061594894,63075400,4096
1625724926,1061594894,63075408,4096
1625724926,1061594894,63075416,4096
1625724926,1061594894,63075424,4096
1625724926,1061594894,63075432,4096
1625724926,1061594894,63075440,4096
1625724926,1061594894,63075448,4096
1625724926,1061594894,63075456,4096
1625724926,1061595968,63075464,4096
1625724926,1061595968,63075472,4096
1625724926,1061595968,63075480,4096
1625724926,1061595968,63075488,4096
1625724926,1061595968,63075496,4096
1625724926,1061595968,63075504,4096
1625724926,1061595968,63075512,4096
1625724926,1061719420,63075520,4096
1625724926,1061719420,63075528,4096
1625724926,1061719420,63075536,4096
1625724926,1061719420,63075544,4096
1625724926,1061719420,63075552,4096
1625724926,1061720494,63075560,4096
1625724926,1061720494,63075568,4096
1625724926,1061720494,63075576,4096
1625724926,1061720494,63075584,4096
1625724926,1061720494,63075592,4096
1625724926,1061720494,63075600,4096
1625724926,1061720494,63075608,4096
1625724926,1061720494,63075616,4096
1625724926,1061720494,63075624,4096
1625724926,1061721567,63075632,4096
1625724926,1061721567,63075640,4096
1625724926,1065972627,63075648,4096
1625724926,1065972627,63075656,4096
1625724926,1065972627,63075664,4096
1625724926,1065972627,63075672,4096
1625724926,1065972627,63075680,4096
1625724926,1065973701,63075688,4096
1625724926,1065973701,63075696,4096
1625724926,1065973701,63075704,4096
1625724926,1065973701,63075712,4096
1625724926,1065973701,63075720,4096
1625724926,1065973701,63075728,4096
1625724926,1065973701,63075736,4096
1625724926,1065973701,63075744,4096
1625724926,1065973701,63075752,4096
1625724926,1065974774,63075760,4096
1625724926,1065974774,63075768,4096
1625724926,1066091786,63075776,4096
1625724926,1066091786,63075784,4096
1625724926,1066091786,63075792,4096
1625724926,1066091786,63075800,4096
1625724926,1066091786,63075808,4096
1625724926,1066091786,63075816,4096
1625724926,1066091786,63075824,4096
1625724926,1066092859,63075832,4096
1625724926,1066092859,63075840,4096
1625724926,1066092859,63075848,4096
1625724926,1066092859,63075856,4096
1625724926,1066092859,63075864,4096
1625724926,1066092859,63075872,4096
1625724926,1066092859,63075880,4096
1625724926,1066092859,63075888,4096
1625724926,1066092859,63075896,4096
1625724926,1070370757,63075904,4096
1625724926,1070370757,63075912,4096
1625724926,1070370757,63075920,4096
1625724926,1070370757,63075928,4096
1625724926,1070370757,63075936,4096
1625724926,1070370757,63075944,4096
1625724926,1070370757,63075952,4096
1625724926,1070370757,63075960,4096
1625724926,1070371830,63075968,4096
1625724926,1070371830,63075976,4096
1625724926,1070371830,63075984,4096
1625724926,1070371830,63075992,4096
1625724926,1070371830,63076000,4096
1625724926,1070371830,63076008,4096
1625724926,1070371830,63076016,4096
1625724926,1070371830,63076024,4096
1625724926,1070488842,63076032,4096
1625724926,1070488842,63076040,4096
1625724926,1070489915,63076048,4096
1625724926,1070489915,63076056,4096
1625724926,1070489915,63076064,4096
1625724926,1070489915,63076072,4096
1625724926,1070489915,63076080,4096
1625724926,1070489915,63076088,4096
1625724926,1070489915,63076096,4096
1625724926,1070489915,63076104,4096
1625724926,1070489915,63076112,4096
1625724926,1070489915,63076120,4096
1625724926,1070490989,63076128,4096
1625724926,1070490989,63076136,4096
1625724926,1070490989,63076144,4096
1625724926,1070490989,63076152,4096
1625724926,110924764,67651280,4096
1625724926,110924764,67651288,4096
1625724926,110924764,67651296,4096
1625724926,110924764,67651304,4096
1625724926,110924764,67651312,4096
1625724926,110924764,67651320,4096
1625724926,110924764,67651328,4096
1625724926,110925838,67651336,4096
1625724926,110925838,67651344,4096
1625724926,110925838,67651352,4096
1625724926,110925838,67651360,4096
1625724926,110925838,67651368,4096
1625724926,110925838,67651376,4096
1625724926,110925838,67651384,4096
1625724926,110925838,67651392,4096
1625724926,110925838,67651400,4096
1625724926,110926911,67651408,4096
1625724926,110926911,67651416,4096
1625724926,110926911,67651424,4096
1625724926,110926911,67651432,4096
1625724926,110926911,67651440,4096
1625724926,110926911,67651448,1536
1625724926,111445412,67651451,4096
1625724926,111445412,67651459,4096
1625724926,111445412,67651467,4096
1625724926,111445412,67651475,4096
1625724926,111445412,67651483,4096
1625724926,111445412,67651491,4096
1625724926,111446485,67651499,4096
1625724926,111446485,67651507,4096
1625724926,111446485,67651515,4096
1625724926,111446485,67651523,4096
1625724926,111446485,67651531,4096
1625724926,111446485,67651539,4096
1625724926,111446485,67651547,4096
1625724926,111446485,67651555,4096
1625724926,111446485,67651563,4096
1625724926,111447559,67651571,4096
1625724926,111447559,67651579,4096
1625724926,111447559,67651587,4096
1625724926,111447559,67651595,4096
1625724926,111447559,67651603,4096
1625724926,111447559,67651611,4096
1625724926,111447559,67651619,1536
1625724926,111997191,67651622,4096
1625724926,111998264,67651630,4096
1625724926,111998264,67651638,4096
1625724926,111998264,67651646,4096
1625724926,111998264,67651654,4096
1625724926,111998264,67651662,4096
1625724926,111998264,67651670,4096
1625724926,111998264,67651678,4096
1625724926,111998264,67651686,4096
1625724926,111999338,67651694,4096
1625724926,111999338,67651702,4096
1625724926,111999338,67651710,4096
1625724926,111999338,67651718,4096
1625724926,111999338,67651726,4096
1625724926,111999338,67651734,4096
1625724926,111999338,67651742,4096
1625724926,111999338,67651750,4096
1625724926,112000411,67651758,4096
1625724926,112000411,67651766,4096
1625724926,112000411,67651774,4096
1625724926,112000411,67651782,4096
1625724926,112000411,67651790,1024
1625724926,112596204,1864723,4096
1625724926,112597277,1864731,4096
1625724926,112597277,1864739,4096
1625724926,112597277,1864747,4096
1625724926,112597277,1864755,4096
1625724926,112597277,1864763,4096
1625724926,112597277,1864771,4096
1625724926,112597277,1864779,4096
1625724926,113287538,2735194,4096
1625724926,113287538,2735202,4096
1625724926,113287538,2735210,4096
1625724926,113287538,2735218,4096
1625724926,113287538,2735226,4096
1625724926,113287538,2735234,4096
1625724926,113288611,2735242,4096
1625724926,113288611,2735250,4096
1625724926,114007856,1651168,4096
1625724926,114007856,1651176,4096
1625724926,114007856,1651184,4096
1625724926,114007856,1651192,4096
1625724926,114007856,1651200,4096
1625724926,114008930,1651208,4096
1625724926,114008930,1651216,4096
1625724926,114008930,1651224,4096
1625724926,114715293,1650848,4096
1625724926,114715293,1650856,4096
1625724926,114715293,1650864,4096
1625724926,114715293,1650872,4096
1625724926,114715293,1650880,4096
1625724926,114715293,1650888,4096
1625724926,114715293,1650896,4096
1625724926,114716366,1650904,4096
1625724926,115262778,67651792,4096
1625724926,115262778,67651800,4096
1625724926,115262778,67651808,4096
1625724926,115262778,67651816,4096
1625724926,115262778,67651824,4096
1625724926,115262778,67651832,4096
1625724926,115263851,67651840,4096
1625724926,115263851,67651848,4096
1625724926,115263851,67651856,4096
1625724926,115263851,67651864,4096
1625724926,115263851,67651872,4096
1625724926,115263851,67651880,4096
1625724926,115263851,67651888,4096
1625724926,115263851,67651896,4096
1625724926,115263851,67651904,4096
1625724926,115264925,67651912,4096
1625724926,115264925,67651920,4096
1625724926,115264925,67651928,4096
1625724926,115264925,67651936,4096
1625724926,115264925,67651944,4096
1625724926,115264925,67651952,4096
1625724926,115264925,67651960,1536
1625724926,115432391,67651963,4096
1625724926,115432391,67651971,4096
1625724926,115432391,67651979,4096
1625724926,115433464,67651987,4096
1625724926,115433464,67651995,4096
1625724926,115433464,67652003,4096
1625724926,115433464,67652011,4096
1625724926,115433464,67652019,4096
1625724926,115433464,67652027,4096
1625724926,115433464,67652035,4096
1625724926,115433464,67652043,4096
1625724926,115433464,67652051,4096
1625724926,115434538,67652059,4096
1625724926,115434538,67652067,4096
1625724926,115434538,67652075,4096
1625724926,115434538,67652083,4096
1625724926,115434538,67652091,4096
1625724926,115434538,67652099,4096
1625724926,115434538,67652107,4096
1625724926,115434538,67652115,4096
1625724926,115435611,67652123,4096
1625724926,115435611,67652131,1536
1625724926,115609518,67652134,4096
1625724926,115609518,67652142,4096
1625724926,115609518,67652150,4096
1625724926,115609518,67652158,4096
1625724926,115609518,67652166,4096
1625724926,115609518,67652174,4096
1625724926,115610592,67652182,4096
1625724926,115610592,67652190,4096
1625724926,115610592,67652198,4096
1625724926,115610592,67652206,4096
1625724926,115610592,67652214,4096
1625724926,115610592,67652222,4096
1625724926,115610592,67652230,4096
1625724926,115610592,67652238,4096
1625724926,115610592,67652246,4096
1625724926,115611665,67652254,4096
1625724926,115611665,67652262,4096
1625724926,115611665,67652270,4096
1625724926,115611665,67652278,4096
1625724926,115611665,67652286,4096
1625724926,115611665,67652294,4096
1625724926,115611665,67652302,1024
1625724926,116445775,1866209,4096
1625724926,116445775,1866217,4096
1625724926,116445775,1866225,4096
1625724926,116446848,1866233,4096
1625724926,117210107,1652832,4096
1625724926,117211180,1652840,4096
1625724926,117211180,1652848,4096
1625724926,117211180,1652856,4096
1625724926,117211180,1652864,4096
1625724926,117211180,1652872,4096
1625724926,117211180,1652880,4096
1625724926,117211180,1652888,4096
1625724926,117875677,1863651,4096
1625724926,117875677,1863659,4096
1625724926,117875677,1863667,4096
1625724926,117875677,1863675,4096
1625724926,117875677,1863683,4096
1625724926,117875677,1863691,4096
1625724926,118608877,1862867,4096
1625724926,118608877,1862875,4096
1625724926,118608877,1862883,4096
1625724926,118608877,1862891,4096
1625724926,118608877,1862899,4096
1625724926,118608877,1862907,4096
1625724926,118608877,1862915,4096
1625724926,118608877,1862923,4096
1625724926,118789225,67652304,4096
1625724926,118789225,67652312,4096
1625724926,118790299,67652320,4096
1625724926,118790299,67652328,4096
1625724926,118790299,67652336,4096
1625724926,118790299,67652344,4096
1625724926,118790299,67652352,4096
1625724926,118790299,67652360,4096
1625724926,118790299,67652368,4096
1625724926,118790299,67652376,4096
1625724926,118790299,67652384,4096
1625724926,118790299,67652392,4096
1625724926,118791372,67652400,4096
1625724926,118791372,67652408,4096
1625724926,118791372,67652416,4096
1625724926,118791372,67652424,4096
1625724926,118791372,67652432,4096
1625724926,118791372,67652440,4096
1625724926,118791372,67652448,4096
1625724926,118791372,67652456,4096
1625724926,118791372,67652464,4096
1625724926,118792446,67652472,1536
1625724926,118962059,67652475,4096
1625724926,118962059,67652483,4096
1625724926,118962059,67652491,4096
1625724926,118962059,67652499,4096
1625724926,118962059,67652507,4096
1625724926,118962059,67652515,4096
1625724926,118963132,67652523,4096
1625724926,118963132,67652531,4096
1625724926,118963132,67652539,4096
1625724926,118963132,67652547,4096
1625724926,118963132,67652555,4096
1625724926,118963132,67652563,4096
1625724926,118963132,67652571,4096
1625724926,118963132,67652579,4096
1625724926,118963132,67652587,4096
1625724926,118964206,67652595,4096
1625724926,118964206,67652603,4096
1625724926,118964206,67652611,4096
1625724926,118964206,67652619,4096
1625724926,118964206,67652627,4096
1625724926,118964206,67652635,4096
1625724926,118964206,67652643,1536
1625724926,119401120,67652646,4096
1625724926,119401120,67652654,4096
1625724926,119401120,67652662,4096
1625724926,119401120,67652670,4096
1625724926,119401120,67652678,4096
1625724926,119401120,67652686,4096
1625724926,119402194,67652694,4096
1625724926,119402194,67652702,4096
1625724926,119402194,67652710,4096
1625724926,119402194,67652718,4096
1625724926,119402194,67652726,4096
1625724926,119402194,67652734,4096
1625724926,119402194,67652742,4096
1625724926,119402194,67652750,4096
1625724926,119402194,67652758,4096
1625724926,119403267,67652766,4096
1625724926,119403267,67652774,4096
1625724926,119403267,67652782,4096
1625724926,119403267,67652790,4096
1625724926,119403267,67652798,4096
1625724926,119403267,67652806,4096
1625724926,119403267,67652814,1024
1625724926,119690965,1866577,4096
1625724926,119692039,1866585,4096
1625724926,119692039,1866593,4096
1625724926,119692039,1866601,4096
1625724926,120343653,1866633,4096
1625724926,120343653,1866641,4096
1625724926,120343653,1866649,4096
1625724926,120343653,1866657,4096
1625724926,121045722,1864395,4096
1625724926,121045722,1864403,4096
1625724926,121045722,1864411,4096
1625724926,121045722,1864419,4096
1625724926,121045722,1864427,4096
1625724926,121045722,1864435,4096
1625724926,121045722,1864443,4096
1625724926,121045722,1864451,4096
1625724926,121711292,1866145,4096
1625724926,121711292,1866153,4096
1625724926,121711292,1866161,4096
1625724926,121711292,1866169,4096
1625724926,122313526,1866121,4096
1625724926,122313526,1866129,4096
1625724926,122314599,1866137,4096
1625724926,122969434,67652816,4096
1625724926,122969434,67652824,4096
1625724926,122970508,67652832,4096
1625724926,122970508,67652840,4096
1625724926,122970508,67652848,4096
1625724926,122970508,67652856,4096
1625724926,122970508,67652864,4096
1625724926,122970508,67652872,4096
1625724926,122970508,67652880,4096
1625724926,122970508,67652888,4096
1625724926,122971581,67652896,4096
1625724926,122971581,67652904,4096
1625724926,122971581,67652912,4096
1625724926,122971581,67652920,4096
1625724926,122971581,67652928,4096
1625724926,122971581,67652936,4096
1625724926,122971581,67652944,4096
1625724926,122971581,67652952,4096
1625724926,122971581,67652960,4096
1625724926,122972655,67652968,4096
1625724926,122972655,67652976,4096
1625724926,122972655,67652984,1536
1625724926,122997345,1866241,4096
1625724926,122997345,1866249,4096
1625724926,122997345,1866257,4096
1625724926,122997345,1866265,4096
1625724926,123198090,67652987,4096
1625724926,123198090,67652995,4096
1625724926,123198090,67653003,4096
1625724926,123198090,67653011,4096
1625724926,123198090,67653019,4096
1625724926,123198090,67653027,4096
1625724926,123198090,67653035,4096
1625724926,123199163,67653043,4096
1625724926,123199163,67653051,4096
1625724926,123199163,67653059,4096
1625724926,123199163,67653067,4096
1625724926,123199163,67653075,4096
1625724926,123199163,67653083,4096
1625724926,123199163,67653091,4096
1625724926,123199163,67653099,4096
1625724926,123199163,67653107,4096
1625724926,123200237,67653115,4096
1625724926,123200237,67653123,4096
1625724926,123200237,67653131,4096
1625724926,123200237,67653139,4096
1625724926,123200237,67653147,4096
1625724926,123200237,67653155,1536
1625724926,123360188,67653158,4096
1625724926,123360188,67653166,4096
1625724926,123360188,67653174,4096
1625724926,123360188,67653182,4096
1625724926,123360188,67653190,4096
1625724926,123360188,67653198,4096
1625724926,123360188,67653206,4096
1625724926,123360188,67653214,4096
1625724926,123361262,67653222,4096
1625724926,123361262,67653230,4096
1625724926,123361262,67653238,4096
1625724926,123361262,67653246,4096
1625724926,123361262,67653254,4096
1625724926,123361262,67653262,4096
1625724926,123361262,67653270,4096
1625724926,123361262,67653278,4096
1625724926,123362335,67653286,4096
1625724926,123362335,67653294,4096
1625724926,123362335,67653302,4096
1625724926,123362335,67653310,4096
1625724926,123362335,67653318,4096
1625724926,123362335,67653326,1024
1625724926,124022538,1866881,4096
1625724926,124022538,1866889,4096
1625724926,124023611,1866897,4096
1625724926,124023611,1866905,4096
1625724926,125399838,1866177,4096
1625724926,125399838,1866185,4096
1625724926,125399838,1866193,4096
1625724926,125400912,1866201,4096
1625724926,125988116,1866497,4096
1625724926,125988116,1866505,4096
1625724926,125988116,1866513,4096
1625724926,125989190,1866521,4096
1625724926,126654760,1864083,4096
1625724926,126654760,1864091,4096
1625724926,126654760,1864099,4096
1625724926,126654760,1864107,4096
1625724926,126655833,1864115,4096
1625724926,126655833,1864123,4096
1625724926,126655833,1864131,4096
1625724926,126655833,1864139,4096
1625724926,127172187,1864051,4096
1625724926,127172187,1864059,4096
1625724926,127172187,1864067,4096
1625724926,127172187,1864075,4096
1625724926,127856006,67653328,4096
1625724926,127856006,67653336,4096
1625724926,127856006,67653344,4096
1625724926,127856006,67653352,4096
1625724926,127856006,67653360,4096
1625724926,127857080,67653368,4096
1625724926,127857080,67653376,4096
1625724926,127857080,67653384,4096
1625724926,127857080,67653392,4096
1625724926,127857080,67653400,4096
1625724926,127857080,67653408,4096
1625724926,127857080,67653416,4096
1625724926,127857080,67653424,4096
1625724926,127857080,67653432,4096
1625724926,127858153,67653440,4096
1625724926,127858153,67653448,4096
1625724926,127858153,67653456,4096
1625724926,127858153,67653464,4096
1625724926,127858153,67653472,4096
1625724926,127858153,67653480,4096
1625724926,127858153,67653488,4096
1625724926,127858153,67653496,1536
1625724926,128037428,67653499,4096
1625724926,128038501,67653507,4096
1625724926,128038501,67653515,4096
1625724926,128038501,67653523,4096
1625724926,128038501,67653531,4096
1625724926,128038501,67653539,4096
1625724926,128038501,67653547,4096
1625724926,128038501,67653555,4096
1625724926,128038501,67653563,4096
1625724926,128039575,67653571,4096
1625724926,128039575,67653579,4096
1625724926,128039575,67653587,4096
1625724926,128039575,67653595,4096
1625724926,128039575,67653603,4096
1625724926,128039575,67653611,4096
1625724926,128039575,67653619,4096
1625724926,128039575,67653627,4096
1625724926,128039575,67653635,4096
1625724926,128040648,67653643,4096
1625724926,128040648,67653651,4096
1625724926,128040648,67653659,4096
1625724926,128040648,67653667,1536
1625724926,128223143,67653670,4096
1625724926,128223143,67653678,4096
1625724926,128223143,67653686,4096
1625724926,128224217,67653694,4096
1625724926,128224217,67653702,4096
1625724926,128224217,67653710,4096
1625724926,128224217,67653718,4096
1625724926,128224217,67653726,4096
1625724926,128224217,67653734,4096
1625724926,128224217,67653742,4096
1625724926,128224217,67653750,4096
1625724926,128224217,67653758,4096
1625724926,128225290,67653766,4096
1625724926,128225290,67653774,4096
1625724926,128225290,67653782,4096
1625724926,128225290,67653790,4096
1625724926,128225290,67653798,4096
1625724926,128225290,67653806,4096
1625724926,128225290,67653814,4096
1625724926,128225290,67653822,4096
1625724926,128226364,67653830,4096
1625724926,128226364,67653838,1024
1625724926,128563443,1865595,4096
1625724926,128563443,1865603,4096
1625724926,128563443,1865611,4096
1625724926,128563443,1865619,4096
1625724926,128563443,1865627,4096
1625724926,128563443,1865635,4096
1625724926,128563443,1865643,4096
1625724926,128564516,1865651,4096
1625724926,129487726,1865571,4096
1625724926,129487726,1865579,4096
1625724926,129487726,1865587,4096
1625724926,134974385,67653840,4096
1625724926,134975458,67653848,4096
1625724926,134975458,67653856,4096
1625724926,134975458,67653864,4096
1625724926,134975458,67653872,4096
1625724926,134975458,67653880,4096
1625724926,134975458,67653888,4096
1625724926,134976532,67653896,4096
1625724926,134976532,67653904,4096
1625724926,134976532,67653912,4096
1625724926,134976532,67653920,4096
1625724926,134976532,67653928,4096
1625724926,134976532,67653936,4096
1625724926,134976532,67653944,4096
1625724926,134976532,67653952,4096
1625724926,134976532,67653960,4096
1625724926,134976532,67653968,4096
1625724926,134977605,67653976,4096
1625724926,134977605,67653984,4096
1625724926,134977605,67653992,4096
1625724926,134977605,67654000,4096
1625724926,134977605,67654008,1536
1625724926,135152586,67654011,4096
1625724926,135153659,67654019,4096
1625724926,135153659,67654027,4096
1625724926,135153659,67654035,4096
1625724926,135153659,67654043,4096
1625724926,135153659,67654051,4096
1625724926,135153659,67654059,4096
1625724926,135153659,67654067,4096
1625724926,135153659,67654075,4096
1625724926,135153659,67654083,4096
1625724926,135154733,67654091,4096
1625724926,135154733,67654099,4096
1625724926,135154733,67654107,4096
1625724926,135154733,67654115,4096
1625724926,135154733,67654123,4096
1625724926,135154733,67654131,4096
1625724926,135154733,67654139,4096
1625724926,135154733,67654147,4096
1625724926,135154733,67654155,4096
1625724926,135155806,67654163,4096
1625724926,135155806,67654171,4096
1625724926,135155806,67654179,1536
1625724926,135327566,67654182,4096
1625724926,135327566,67654190,4096
1625724926,135328640,67654198,4096
1625724926,135328640,67654206,4096
1625724926,135328640,67654214,4096
1625724926,135328640,67654222,4096
1625724926,135328640,67654230,4096
1625724926,135328640,67654238,4096
1625724926,135328640,67654246,4096
1625724926,135328640,67654254,4096
1625724926,135328640,67654262,4096
1625724926,135329713,67654270,4096
1625724926,135329713,67654278,4096
1625724926,135329713,67654286,4096
1625724926,135329713,67654294,4096
1625724926,135329713,67654302,4096
1625724926,135329713,67654310,4096
1625724926,135329713,67654318,4096
1625724926,135329713,67654326,4096
1625724926,135329713,67654334,4096
1625724926,135330787,67654342,4096
1625724926,135330787,67654350,1024
1625724926,138747737,67654352,4096
1625724926,138747737,67654360,4096
1625724926,138747737,67654368,4096
1625724926,138747737,67654376,4096
1625724926,138747737,67654384,4096
1625724926,138748811,67654392,4096
1625724926,138748811,67654400,4096
1625724926,138748811,67654408,4096
1625724926,138748811,67654416,4096
1625724926,138748811,67654424,4096
1625724926,138748811,67654432,4096
1625724926,138748811,67654440,4096
1625724926,138748811,67654448,4096
1625724926,138748811,67654456,4096
1625724926,138749884,67654464,4096
1625724926,138749884,67654472,4096
1625724926,138749884,67654480,4096
1625724926,138749884,67654488,4096
1625724926,138749884,67654496,4096
1625724926,138749884,67654504,4096
1625724926,138749884,67654512,4096
1625724926,138925938,67654520,4096
1625724926,138925938,67654528,4096
1625724926,138925938,67654536,4096
1625724926,138925938,67654544,4096
1625724926,138927012,67654552,4096
1625724926,138927012,67654560,4096
1625724926,138927012,67654568,4096
1625724926,138927012,67654576,4096
1625724926,138927012,67654584,4096
1625724926,138927012,67654592,4096
1625724926,138927012,67654600,4096
1625724926,138927012,67654608,4096
1625724926,138927012,67654616,4096
1625724926,138928085,67654624,4096
1625724926,138928085,67654632,4096
1625724926,138928085,67654640,4096
1625724926,138928085,67654648,4096
1625724926,138928085,67654656,4096
1625724926,138928085,67654664,4096
1625724926,138928085,67654672,4096
1625724926,138928085,67654680,4096
1625724926,139098772,67654688,4096
1625724926,139099845,67654696,4096
1625724926,139099845,67654704,4096
1625724926,139099845,67654712,4096
1625724926,139099845,67654720,4096
1625724926,139099845,67654728,4096
1625724926,139099845,67654736,4096
1625724926,139099845,67654744,4096
1625724926,139099845,67654752,4096
1625724926,139099845,67654760,4096
1625724926,139100919,67654768,4096
1625724926,139100919,67654776,4096
1625724926,139100919,67654784,4096
1625724926,139100919,67654792,4096
1625724926,139100919,67654800,4096
1625724926,139100919,67654808,4096
1625724926,139100919,67654816,4096
1625724926,139100919,67654824,4096
1625724926,139100919,67654832,4096
1625724926,139101992,67654840,4096
1625724926,139101992,67654848,4096
1625724926,139889941,67654856,4096
1625724926,142112086,67654864,4096
1625724926,142112086,67654872,4096
1625724926,142112086,67654880,4096
1625724926,142112086,67654888,4096
1625724926,142112086,67654896,4096
1625724926,142112086,67654904,4096
1625724926,142112086,67654912,4096
1625724926,142112086,67654920,4096
1625724926,142113160,67654928,4096
1625724926,142113160,67654936,4096
1625724926,142113160,67654944,4096
1625724926,142113160,67654952,4096
1625724926,142113160,67654960,4096
1625724926,142113160,67654968,4096
1625724926,142113160,67654976,4096
1625724926,142113160,67654984,4096
1625724926,142113160,67654992,4096
1625724926,142114233,67655000,4096
1625724926,142114233,67655008,4096
1625724926,142114233,67655016,4096
1625724926,142114233,67655024,4096
1625724926,142114233,67655032,1536
1625724926,142282773,67655035,4096
1625724926,142282773,67655043,4096
1625724926,142282773,67655051,4096
1625724926,142282773,67655059,4096
1625724926,142282773,67655067,4096
1625724926,142282773,67655075,4096
1625724926,142282773,67655083,4096
1625724926,142282773,67655091,4096
1625724926,142283846,67655099,4096
1625724926,142283846,67655107,4096
1625724926,142283846,67655115,4096
1625724926,142283846,67655123,4096
1625724926,142283846,67655131,4096
1625724926,142283846,67655139,4096
1625724926,142283846,67655147,4096
1625724926,142283846,67655155,4096
1625724926,142284920,67655163,4096
1625724926,142284920,67655171,4096
1625724926,142284920,67655179,4096
1625724926,142284920,67655187,4096
1625724926,142284920,67655195,4096
1625724926,142284920,67655203,1536
1625724926,142456680,67655206,4096
1625724926,142456680,67655214,4096
1625724926,142456680,67655222,4096
1625724926,142456680,67655230,4096
1625724926,142457753,67655238,4096
1625724926,142457753,67655246,4096
1625724926,142457753,67655254,4096
1625724926,142457753,67655262,4096
1625724926,142457753,67655270,4096
1625724926,142457753,67655278,4096
1625724926,142457753,67655286,4096
1625724926,142457753,67655294,4096
1625724926,142457753,67655302,4096
1625724926,142458827,67655310,4096
1625724926,142458827,67655318,4096
1625724926,142458827,67655326,4096
1625724926,142458827,67655334,4096
1625724926,142458827,67655342,4096
1625724926,142458827,67655350,4096
1625724926,142458827,67655358,4096
1625724926,142458827,67655366,4096
1625724926,142459900,67655374,1024
1625724926,145451745,67655376,4096
1625724926,145452818,67655384,4096
1625724926,145452818,67655392,4096
1625724926,145452818,67655400,4096
1625724926,145452818,67655408,4096
1625724926,145452818,67655416,4096
1625724926,145453892,67655424,4096
1625724926,145453892,67655432,4096
1625724926,145453892,67655440,4096
1625724926,145453892,67655448,4096
1625724926,145453892,67655456,4096
1625724926,145453892,67655464,4096
1625724926,145453892,67655472,4096
1625724926,145453892,67655480,4096
1625724926,145453892,67655488,4096
1625724926,145454965,67655496,4096
1625724926,145454965,67655504,4096
1625724926,145454965,67655512,4096
1625724926,145454965,67655520,4096
1625724926,145454965,67655528,4096
1625724926,145454965,67655536,4096
1625724926,145454965,67655544,1536
1625724926,145633166,67655547,4096
1625724926,145633166,67655555,4096
1625724926,145633166,67655563,4096
1625724926,145633166,67655571,4096
1625724926,145633166,67655579,4096
1625724926,145633166,67655587,4096
1625724926,145633166,67655595,4096
1625724926,145634240,67655603,4096
1625724926,145634240,67655611,4096
1625724926,145634240,67655619,4096
1625724926,145634240,67655627,4096
1625724926,145634240,67655635,4096
1625724926,145634240,67655643,4096
1625724926,145634240,67655651,4096
1625724926,145634240,67655659,4096
1625724926,145634240,67655667,4096
1625724926,145635313,67655675,4096
1625724926,145635313,67655683,4096
1625724926,145635313,67655691,4096
1625724926,145635313,67655699,4096
1625724926,145635313,67655707,4096
1625724926,145635313,67655715,1536
1625724926,145814588,67655718,4096
1625724926,145814588,67655726,4096
1625724926,145815661,67655734,4096
1625724926,145815661,67655742,4096
1625724926,145815661,67655750,4096
1625724926,145815661,67655758,4096
1625724926,145815661,67655766,4096
1625724926,145815661,67655774,4096
1625724926,145815661,67655782,4096
1625724926,145815661,67655790,4096
1625724926,145816735,67655798,4096
1625724926,145816735,67655806,4096
1625724926,145816735,67655814,4096
1625724926,145816735,67655822,4096
1625724926,145816735,67655830,4096
1625724926,145816735,67655838,4096
1625724926,145816735,67655846,4096
1625724926,145816735,67655854,4096
1625724926,145816735,67655862,4096
1625724926,145817808,67655870,4096
1625724926,145817808,67655878,4096
1625724926,145817808,67655886,1024
1625724926,151488035,67655888,4096
1625724926,151489109,67655896,4096
1625724926,151489109,67655904,4096
1625724926,151489109,67655912,4096
1625724926,151489109,67655920,4096
1625724926,151489109,67655928,4096
1625724926,151489109,67655936,4096
1625724926,151489109,67655944,4096
1625724926,151489109,67655952,4096
1625724926,151490182,67655960,4096
1625724926,151490182,67655968,4096
1625724926,151490182,67655976,4096
1625724926,151490182,67655984,4096
1625724926,151490182,67655992,4096
1625724926,151490182,67656000,4096
1625724926,151490182,67656008,4096
1625724926,151490182,67656016,4096
1625724926,151490182,67656024,4096
1625724926,151491256,67656032,4096
1625724926,151491256,67656040,4096
1625724926,151491256,67656048,4096
1625724926,151491256,67656056,1536
1625724926,151656575,67656059,4096
1625724926,151656575,67656067,4096
1625724926,151657648,67656075,4096
1625724926,151657648,67656083,4096
1625724926,151657648,67656091,4096
1625724926,151657648,67656099,4096
1625724926,151657648,67656107,4096
1625724926,151657648,67656115,4096
1625724926,151657648,67656123,4096
1625724926,151657648,67656131,4096
1625724926,151658722,67656139,4096
1625724926,151658722,67656147,4096
1625724926,151658722,67656155,4096
1625724926,151658722,67656163,4096
1625724926,151658722,67656171,4096
1625724926,151658722,67656179,4096
1625724926,151658722,67656187,4096
1625724926,151658722,67656195,4096
1625724926,151658722,67656203,4096
1625724926,151659795,67656211,4096
1625724926,151659795,67656219,4096
1625724926,151659795,67656227,1536
1625724926,151844437,67656230,4096
1625724926,151844437,67656238,4096
1625724926,151845511,67656246,4096
1625724926,151845511,67656254,4096
1625724926,151845511,67656262,4096
1625724926,151845511,67656270,4096
1625724926,151845511,67656278,4096
1625724926,151845511,67656286,4096
1625724926,151845511,67656294,4096
1625724926,151845511,67656302,4096
1625724926,151846584,67656310,4096
1625724926,151846584,67656318,4096
1625724926,151846584,67656326,4096
1625724926,151846584,67656334,4096
1625724926,151846584,67656342,4096
1625724926,151846584,67656350,4096
1625724926,151846584,67656358,4096
1625724926,151846584,67656366,4096
1625724926,151846584,67656374,4096
1625724926,151847658,67656382,4096
1625724926,151847658,67656390,4096
1625724926,151847658,67656398,1024
1625724926,152396216,48936320,4096
1625724926,153083256,68868504,4096
1625724926,153083256,68868512,4096
1625724926,153083256,68868520,4096
1625724926,153083256,68868528,4096
1625724926,153655432,68868536,4096
1625724926,153655432,68868544,4096
1625724926,153655432,68868552,4096
1625724926,153655432,68868560,4096
1625724926,153655432,68868568,3584
1625724926,211658784,67656400,4096
1625724926,211659857,67656408,4096
1625724926,211659857,67656416,4096
1625724926,211659857,67656424,4096
1625724926,211659857,67656432,4096
1625724926,211659857,67656440,4096
1625724926,211660931,67656448,4096
1625724926,211660931,67656456,4096
1625724926,211660931,67656464,4096
1625724926,211660931,67656472,4096
1625724926,211660931,67656480,4096
1625724926,211660931,67656488,4096
1625724926,211660931,67656496,4096
1625724926,211660931,67656504,4096
1625724926,211660931,67656512,4096
1625724926,211662004,67656520,4096
1625724926,211662004,67656528,4096
1625724926,211662004,67656536,4096
1625724926,211662004,67656544,4096
1625724926,211662004,67656552,4096
1625724926,211662004,67656560,4096
1625724926,211662004,67656568,1536
1625724926,212485379,67656571,4096
1625724926,212485379,67656579,4096
1625724926,212485379,67656587,4096
1625724926,212486452,67656595,4096
1625724926,212486452,67656603,4096
1625724926,212486452,67656611,4096
1625724926,212486452,67656619,4096
1625724926,212486452,67656627,4096
1625724926,212486452,67656635,4096
1625724926,212486452,67656643,4096
1625724926,212486452,67656651,4096
1625724926,212487526,67656659,4096
1625724926,212487526,67656667,4096
1625724926,212487526,67656675,4096
1625724926,212487526,67656683,4096
1625724926,212487526,67656691,4096
1625724926,212487526,67656699,4096
1625724926,212487526,67656707,4096
1625724926,212487526,67656715,4096
1625724926,212487526,67656723,4096
1625724926,212488599,67656731,4096
1625724926,212488599,67656739,1536
1625724926,212977042,67656742,4096
1625724926,212977042,67656750,4096
1625724926,212977042,67656758,4096
1625724926,212977042,67656766,4096
1625724926,212977042,67656774,4096
1625724926,212977042,67656782,4096
1625724926,212977042,67656790,4096
1625724926,212978115,67656798,4096
1625724926,212978115,67656806,4096
1625724926,212978115,67656814,4096
1625724926,212978115,67656822,4096
1625724926,212978115,67656830,4096
1625724926,212978115,67656838,4096
1625724926,212978115,67656846,4096
1625724926,212978115,67656854,4096
1625724926,212978115,67656862,4096
1625724926,212979189,67656870,4096
1625724926,212979189,67656878,4096
1625724926,212979189,67656886,4096
1625724926,212979189,67656894,4096
1625724926,212979189,67656902,4096
1625724926,212979189,67656910,1024
1625724926,218787897,67656912,4096
1625724926,218788971,67656920,4096
1625724926,218788971,67656928,4096
1625724926,218788971,67656936,4096
1625724926,218788971,67656944,4096
1625724926,218788971,67656952,4096
1625724926,218788971,67656960,4096
1625724926,218788971,67656968,4096
1625724926,218788971,67656976,4096
1625724926,218790044,67656984,4096
1625724926,218790044,67656992,4096
1625724926,218790044,67657000,4096
1625724926,218790044,67657008,4096
1625724926,218790044,67657016,4096
1625724926,218790044,67657024,4096
1625724926,218790044,67657032,4096
1625724926,218790044,67657040,4096
1625724926,218790044,67657048,4096
1625724926,218791118,67657056,4096
1625724926,218791118,67657064,4096
1625724926,218791118,67657072,4096
1625724926,218791118,67657080,1536
1625724926,218967172,67657083,4096
1625724926,218967172,67657091,4096
1625724926,218967172,67657099,4096
1625724926,218968245,67657107,4096
1625724926,218968245,67657115,4096
1625724926,218968245,67657123,4096
1625724926,218968245,67657131,4096
1625724926,218968245,67657139,4096
1625724926,218968245,67657147,4096
1625724926,218968245,67657155,4096
1625724926,218968245,67657163,4096
1625724926,218968245,67657171,4096
1625724926,218969319,67657179,4096
1625724926,218969319,67657187,4096
1625724926,218969319,67657195,4096
1625724926,218969319,67657203,4096
1625724926,218969319,67657211,4096
1625724926,218969319,67657219,4096
1625724926,218969319,67657227,4096
1625724926,218969319,67657235,4096
1625724926,218969319,67657243,4096
1625724926,218970392,67657251,1536
1625724926,219137858,67657254,4096
1625724926,219137858,67657262,4096
1625724926,219137858,67657270,4096
1625724926,219137858,67657278,4096
1625724926,219137858,67657286,4096
1625724926,219137858,67657294,4096
1625724926,219137858,67657302,4096
1625724926,219137858,67657310,4096
1625724926,219138932,67657318,4096
1625724926,219138932,67657326,4096
1625724926,219138932,67657334,4096
1625724926,219138932,67657342,4096
1625724926,219138932,67657350,4096
1625724926,219138932,67657358,4096
1625724926,219138932,67657366,4096
1625724926,219138932,67657374,4096
1625724926,219138932,67657382,4096
1625724926,219140005,67657390,4096
1625724926,219140005,67657398,4096
1625724926,219140005,67657406,4096
1625724926,219140005,67657414,4096
1625724926,219140005,67657422,1024
1625724926,221605835,67657424,4096
1625724926,221606908,67657432,4096
1625724926,221606908,67657440,4096
1625724926,221606908,67657448,4096
1625724926,221606908,67657456,4096
1625724926,221606908,67657464,4096
1625724926,221606908,67657472,4096
1625724926,221606908,67657480,4096
1625724926,221607982,67657488,4096
1625724926,221607982,67657496,4096
1625724926,221607982,67657504,4096
1625724926,221607982,67657512,4096
1625724926,221607982,67657520,4096
1625724926,221607982,67657528,4096
1625724926,221607982,67657536,4096
1625724926,221607982,67657544,4096
1625724926,221607982,67657552,4096
1625724926,221609055,67657560,4096
1625724926,221609055,67657568,4096
1625724926,221609055,67657576,4096
1625724926,221609055,67657584,4096
1625724926,221609055,67657592,1536
1625724926,221777595,67657595,4096
1625724926,221777595,67657603,4096
1625724926,221777595,67657611,4096
1625724926,221777595,67657619,4096
1625724926,221777595,67657627,4096
1625724926,221777595,67657635,4096
1625724926,221777595,67657643,4096
1625724926,221777595,67657651,4096
1625724926,221778668,67657659,4096
1625724926,221778668,67657667,4096
1625724926,221778668,67657675,4096
1625724926,221778668,67657683,4096
1625724926,221778668,67657691,4096
1625724926,221778668,67657699,4096
1625724926,221778668,67657707,4096
1625724926,221778668,67657715,4096
1625724926,221778668,67657723,4096
1625724926,221779742,67657731,4096
1625724926,221779742,67657739,4096
1625724926,221779742,67657747,4096
1625724926,221779742,67657755,4096
1625724926,221779742,67657763,1536
1625724926,221960090,67657766,4096
1625724926,221960090,67657774,4096
1625724926,221960090,67657782,4096
1625724926,221960090,67657790,4096
1625724926,221960090,67657798,4096
1625724926,221960090,67657806,4096
1625724926,221960090,67657814,4096
1625724926,221960090,67657822,4096
1625724926,221961163,67657830,4096
1625724926,221961163,67657838,4096
1625724926,221961163,67657846,4096
1625724926,221961163,67657854,4096
1625724926,221961163,67657862,4096
1625724926,221961163,67657870,4096
1625724926,221961163,67657878,4096
1625724926,221961163,67657886,4096
1625724926,221962237,67657894,4096
1625724926,221962237,67657902,4096
1625724926,221962237,67657910,4096
1625724926,221962237,67657918,4096
1625724926,221962237,67657926,4096
1625724926,221962237,67657934,1024
1625724926,225304042,67657936,4096
1625724926,225305116,67657944,4096
1625724926,225305116,67657952,4096
1625724926,225305116,67657960,4096
1625724926,225305116,67657968,4096
1625724926,225305116,67657976,4096
1625724926,225305116,67657984,4096
1625724926,225306189,67657992,4096
1625724926,225306189,67658000,4096
1625724926,225306189,67658008,4096
1625724926,225306189,67658016,4096
1625724926,225306189,67658024,4096
1625724926,225306189,67658032,4096
1625724926,225306189,67658040,4096
1625724926,225306189,67658048,4096
1625724926,225306189,67658056,4096
1625724926,225307263,67658064,4096
1625724926,225307263,67658072,4096
1625724926,225307263,67658080,4096
1625724926,225307263,67658088,4096
1625724926,225307263,67658096,4096
1625724926,225307263,67658104,1536
1625724926,225482243,67658107,4096
1625724926,225483317,67658115,4096
1625724926,225483317,67658123,4096
1625724926,225483317,67658131,4096
1625724926,225483317,67658139,4096
1625724926,225483317,67658147,4096
1625724926,225483317,67658155,4096
1625724926,225483317,67658163,4096
1625724926,225483317,67658171,4096
1625724926,225483317,67658179,4096
1625724926,225484390,67658187,4096
1625724926,225484390,67658195,4096
1625724926,225484390,67658203,4096
1625724926,225484390,67658211,4096
1625724926,225484390,67658219,4096
1625724926,225484390,67658227,4096
1625724926,225484390,67658235,4096
1625724926,225484390,67658243,4096
1625724926,225484390,67658251,4096
1625724926,225485464,67658259,4096
1625724926,225485464,67658267,4096
1625724926,225485464,67658275,1536
1625724926,225655077,67658278,4096
1625724926,225655077,67658286,4096
1625724926,225655077,67658294,4096
1625724926,225655077,67658302,4096
1625724926,225655077,67658310,4096
1625724926,225655077,67658318,4096
1625724926,225656150,67658326,4096
1625724926,225656150,67658334,4096
1625724926,225656150,67658342,4096
1625724926,225656150,67658350,4096
1625724926,225656150,67658358,4096
1625724926,225656150,67658366,4096
1625724926,225656150,67658374,4096
1625724926,225656150,67658382,4096
1625724926,225656150,67658390,4096
1625724926,225657224,67658398,4096
1625724926,225657224,67658406,4096
1625724926,225657224,67658414,4096
1625724926,225657224,67658422,4096
1625724926,225657224,67658430,4096
1625724926,225657224,67658438,4096
1625724926,225657224,67658446,1024
1625724926,228134862,67658448,4096
1625724926,228135935,67658456,4096
1625724926,228135935,67658464,4096
1625724926,228135935,67658472,4096
1625724926,228135935,67658480,4096
1625724926,228135935,67658488,4096
1625724926,228135935,67658496,4096
1625724926,228135935,67658504,4096
1625724926,228135935,67658512,4096
1625724926,228137009,67658520,4096
1625724926,228137009,67658528,4096
1625724926,228137009,67658536,4096
1625724926,228137009,67658544,4096
1625724926,228137009,67658552,4096
1625724926,228137009,67658560,4096
1625724926,228137009,67658568,4096
1625724926,228137009,67658576,4096
1625724926,228137009,67658584,4096
1625724926,228138082,67658592,4096
1625724926,228138082,67658600,4096
1625724926,228138082,67658608,4096
1625724926,228300181,67658616,4096
1625724926,228300181,67658624,4096
1625724926,228300181,67658632,4096
1625724926,228301254,67658640,4096
1625724926,228301254,67658648,4096
1625724926,228301254,67658656,4096
1625724926,228301254,67658664,4096
1625724926,228301254,67658672,4096
1625724926,228301254,67658680,4096
1625724926,228301254,67658688,4096
1625724926,228301254,67658696,4096
1625724926,228301254,67658704,4096
1625724926,228301254,67658712,4096
1625724926,228302328,67658720,4096
1625724926,228302328,67658728,4096
1625724926,228302328,67658736,4096
1625724926,228302328,67658744,4096
1625724926,228302328,67658752,4096
1625724926,228302328,67658760,4096
1625724926,228302328,67658768,4096
1625724926,228302328,67658776,4096
1625724926,228492337,67658784,4096
1625724926,228492337,67658792,4096
1625724926,228492337,67658800,4096
1625724926,228492337,67658808,4096
1625724926,228492337,67658816,4096
1625724926,228493411,67658824,4096
1625724926,228493411,67658832,4096
1625724926,228493411,67658840,4096
1625724926,228493411,67658848,4096
1625724926,228493411,67658856,4096
1625724926,228493411,67658864,4096
1625724926,228493411,67658872,4096
1625724926,228493411,67658880,4096
1625724926,228493411,67658888,4096
1625724926,228494484,67658896,4096
1625724926,228494484,67658904,4096
1625724926,228494484,67658912,4096
1625724926,228494484,67658920,4096
1625724926,228494484,67658928,4096
1625724926,228494484,67658936,4096
1625724926,228494484,67658944,4096
1625724926,228566409,67658952,4096
1625724926,231109530,67658960,4096
1625724926,231109530,67658968,4096
1625724926,231110604,67658976,4096
1625724926,231110604,67658984,4096
1625724926,231110604,67658992,4096
1625724926,231110604,67659000,4096
1625724926,231110604,67659008,4096
1625724926,231110604,67659016,4096
1625724926,231110604,67659024,4096
1625724926,231110604,67659032,4096
1625724926,231110604,67659040,4096
1625724926,231111677,67659048,4096
1625724926,231111677,67659056,4096
1625724926,231111677,67659064,4096
1625724926,231111677,67659072,4096
1625724926,231111677,67659080,4096
1625724926,231111677,67659088,4096
1625724926,231111677,67659096,4096
1625724926,231111677,67659104,4096
1625724926,231112751,67659112,4096
1625724926,231112751,67659120,4096
1625724926,231112751,67659128,1536
1625724926,231292025,67659131,4096
1625724926,231292025,67659139,4096
1625724926,231292025,67659147,4096
1625724926,231292025,67659155,4096
1625724926,231292025,67659163,4096
1625724926,231293099,67659171,4096
1625724926,231293099,67659179,4096
1625724926,231293099,67659187,4096
1625724926,231293099,67659195,4096
1625724926,231293099,67659203,4096
1625724926,231293099,67659211,4096
1625724926,231293099,67659219,4096
1625724926,231293099,67659227,4096
1625724926,231293099,67659235,4096
1625724926,231294172,67659243,4096
1625724926,231294172,67659251,4096
1625724926,231294172,67659259,4096
1625724926,231294172,67659267,4096
1625724926,231294172,67659275,4096
1625724926,231294172,67659283,4096
1625724926,231294172,67659291,4096
1625724926,231294172,67659299,1536
1625724926,231467006,67659302,4096
1625724926,231468079,67659310,4096
1625724926,231468079,67659318,4096
1625724926,231468079,67659326,4096
1625724926,231468079,67659334,4096
1625724926,231468079,67659342,4096
1625724926,231468079,67659350,4096
1625724926,231468079,67659358,4096
1625724926,231468079,67659366,4096
1625724926,231468079,67659374,4096
1625724926,231469153,67659382,4096
1625724926,231469153,67659390,4096
1625724926,231469153,67659398,4096
1625724926,231469153,67659406,4096
1625724926,231469153,67659414,4096
1625724926,231469153,67659422,4096
1625724926,231469153,67659430,4096
1625724926,231469153,67659438,4096
1625724926,231470226,67659446,4096
1625724926,231470226,67659454,4096
1625724926,231470226,67659462,4096
1625724926,231470226,67659470,1024
1625724926,233834073,67659472,4096
1625724926,233834073,67659480,4096
1625724926,233834073,67659488,4096
1625724926,233834073,67659496,4096
1625724926,233834073,67659504,4096
1625724926,233834073,67659512,4096
1625724926,233834073,67659520,4096
1625724926,233835147,67659528,4096
1625724926,233835147,67659536,4096
1625724926,233835147,67659544,4096
1625724926,233835147,67659552,4096
1625724926,233835147,67659560,4096
1625724926,233835147,67659568,4096
1625724926,233835147,67659576,4096
1625724926,233835147,67659584,4096
1625724926,233835147,67659592,4096
1625724926,233836220,67659600,4096
1625724926,233836220,67659608,4096
1625724926,233836220,67659616,4096
1625724926,233836220,67659624,4096
1625724926,233836220,67659632,4096
1625724926,233836220,67659640,1536
1625724926,234007980,67659643,4096
1625724926,234007980,67659651,4096
1625724926,234007980,67659659,4096
1625724926,234007980,67659667,4096
1625724926,234007980,67659675,4096
1625724926,234007980,67659683,4096
1625724926,234009054,67659691,4096
1625724926,234009054,67659699,4096
1625724926,234009054,67659707,4096
1625724926,234009054,67659715,4096
1625724926,234009054,67659723,4096
1625724926,234009054,67659731,4096
1625724926,234009054,67659739,4096
1625724926,234009054,67659747,4096
1625724926,234009054,67659755,4096
1625724926,234010127,67659763,4096
1625724926,234010127,67659771,4096
1625724926,234010127,67659779,4096
1625724926,234010127,67659787,4096
1625724926,234010127,67659795,4096
1625724926,234010127,67659803,4096
1625724926,234010127,67659811,1536
1625724926,234178667,67659814,4096
1625724926,234178667,67659822,4096
1625724926,234178667,67659830,4096
1625724926,234178667,67659838,4096
1625724926,234178667,67659846,4096
1625724926,234178667,67659854,4096
1625724926,234179740,67659862,4096
1625724926,234179740,67659870,4096
1625724926,234179740,67659878,4096
1625724926,234179740,67659886,4096
1625724926,234179740,67659894,4096
1625724926,234179740,67659902,4096
1625724926,234179740,67659910,4096
1625724926,234179740,67659918,4096
1625724926,234179740,67659926,4096
1625724926,234180814,67659934,4096
1625724926,234180814,67659942,4096
1625724926,234180814,67659950,4096
1625724926,234180814,67659958,4096
1625724926,234180814,67659966,4096
1625724926,234180814,67659974,4096
1625724926,234180814,67659982,1024
1625724926,236628394,67659984,4096
1625724926,236628394,67659992,4096
1625724926,236628394,67660000,4096
1625724926,236629467,67660008,4096
1625724926,236629467,67660016,4096
1625724926,236629467,67660024,4096
1625724926,236629467,67660032,4096
1625724926,236629467,67660040,4096
1625724926,236629467,67660048,4096
1625724926,236629467,67660056,4096
1625724926,236629467,67660064,4096
1625724926,236629467,67660072,4096
1625724926,236630541,67660080,4096
1625724926,236630541,67660088,4096
1625724926,236630541,67660096,4096
1625724926,236630541,67660104,4096
1625724926,236630541,67660112,4096
1625724926,236630541,67660120,4096
1625724926,236630541,67660128,4096
1625724926,236630541,67660136,4096
1625724926,236630541,67660144,4096
1625724926,236631614,67660152,1536
1625724926,236810889,67660155,4096
1625724926,236810889,67660163,4096
1625724926,236811962,67660171,4096
1625724926,236811962,67660179,4096
1625724926,236811962,67660187,4096
1625724926,236811962,67660195,4096
1625724926,236811962,67660203,4096
1625724926,236811962,67660211,4096
1625724926,236811962,67660219,4096
1625724926,236811962,67660227,4096
1625724926,236811962,67660235,4096
1625724926,236813036,67660243,4096
1625724926,236813036,67660251,4096
1625724926,236813036,67660259,4096
1625724926,236813036,67660267,4096
1625724926,236813036,67660275,4096
1625724926,236813036,67660283,4096
1625724926,236813036,67660291,4096
1625724926,236813036,67660299,4096
1625724926,236813036,67660307,4096
1625724926,236814109,67660315,4096
1625724926,236814109,67660323,1536
1625724926,236986943,67660326,4096
1625724926,236986943,67660334,4096
1625724926,236986943,67660342,4096
1625724926,236986943,67660350,4096
1625724926,236986943,67660358,4096
1625724926,236986943,67660366,4096
1625724926,236986943,67660374,4096
1625724926,236986943,67660382,4096
1625724926,236986943,67660390,4096
1625724926,236988016,67660398,4096
1625724926,236988016,67660406,4096
1625724926,236988016,67660414,4096
1625724926,236988016,67660422,4096
1625724926,236988016,67660430,4096
1625724926,236988016,67660438,4096
1625724926,236988016,67660446,4096
1625724926,236988016,67660454,4096
1625724926,236988016,67660462,4096
1625724926,236988016,67660470,4096
1625724926,236989090,67660478,4096
1625724926,236989090,67660486,4096
1625724926,236989090,67660494,1024
1625724926,239407685,67660496,4096
1625724926,239407685,67660504,4096
1625724926,239407685,67660512,4096
1625724926,239407685,67660520,4096
1625724926,239407685,67660528,4096
1625724926,239407685,67660536,4096
1625724926,239407685,67660544,4096
1625724926,239407685,67660552,4096
1625724926,239407685,67660560,4096
1625724926,239407685,67660568,4096
1625724926,239408759,67660576,4096
1625724926,239408759,67660584,4096
1625724926,239408759,67660592,4096
1625724926,239408759,67660600,4096
1625724926,239408759,67660608,4096
1625724926,239408759,67660616,4096
1625724926,239408759,67660624,4096
1625724926,239408759,67660632,4096
1625724926,239408759,67660640,4096
1625724926,239409832,67660648,4096
1625724926,239409832,67660656,4096
1625724926,239409832,67660664,1536
1625724926,239580519,67660667,4096
1625724926,239580519,67660675,4096
1625724926,239580519,67660683,4096
1625724926,239580519,67660691,4096
1625724926,239581592,67660699,4096
1625724926,239581592,67660707,4096
1625724926,239581592,67660715,4096
1625724926,239581592,67660723,4096
1625724926,239581592,67660731,4096
1625724926,239581592,67660739,4096
1625724926,239581592,67660747,4096
1625724926,239581592,67660755,4096
1625724926,239581592,67660763,4096
1625724926,239582666,67660771,4096
1625724926,239582666,67660779,4096
1625724926,239582666,67660787,4096
1625724926,239582666,67660795,4096
1625724926,239582666,67660803,4096
1625724926,239582666,67660811,4096
1625724926,239582666,67660819,4096
1625724926,239582666,67660827,4096
1625724926,239582666,67660835,1536
1625724926,239752279,67660838,4096
1625724926,239752279,67660846,4096
1625724926,239752279,67660854,4096
1625724926,239752279,67660862,4096
1625724926,239753352,67660870,4096
1625724926,239753352,67660878,4096
1625724926,239753352,67660886,4096
1625724926,239753352,67660894,4096
1625724926,239753352,67660902,4096
1625724926,239753352,67660910,4096
1625724926,239753352,67660918,4096
1625724926,239753352,67660926,4096
1625724926,239753352,67660934,4096
1625724926,239754426,67660942,4096
1625724926,239754426,67660950,4096
1625724926,239754426,67660958,4096
1625724926,239754426,67660966,4096
1625724926,239754426,67660974,4096
1625724926,239754426,67660982,4096
1625724926,239754426,67660990,4096
1625724926,239754426,67660998,4096
1625724926,239754426,67661006,1024
1625724926,242298621,67661008,4096
1625724926,242298621,67661016,4096
1625724926,242298621,67661024,4096
1625724926,242298621,67661032,4096
1625724926,242298621,67661040,4096
1625724926,242299694,67661048,4096
1625724926,242299694,67661056,4096
1625724926,242299694,67661064,4096
1625724926,242299694,67661072,4096
1625724926,242299694,67661080,4096
1625724926,242299694,67661088,4096
1625724926,242299694,67661096,4096
1625724926,242299694,67661104,4096
1625724926,242299694,67661112,4096
1625724926,242300768,67661120,4096
1625724926,242300768,67661128,4096
1625724926,242300768,67661136,4096
1625724926,242300768,67661144,4096
1625724926,242300768,67661152,4096
1625724926,242300768,67661160,4096
1625724926,242300768,67661168,4096
1625724926,242300768,67661176,1536
1625724926,242478969,67661179,4096
1625724926,242478969,67661187,4096
1625724926,242478969,67661195,4096
1625724926,242478969,67661203,4096
1625724926,242478969,67661211,4096
1625724926,242478969,67661219,4096
1625724926,242480042,67661227,4096
1625724926,242480042,67661235,4096
1625724926,242480042,67661243,4096
1625724926,242480042,67661251,4096
1625724926,242480042,67661259,4096
1625724926,242480042,67661267,4096
1625724926,242480042,67661275,4096
1625724926,242480042,67661283,4096
1625724926,242480042,67661291,4096
1625724926,242481116,67661299,4096
1625724926,242481116,67661307,4096
1625724926,242481116,67661315,4096
1625724926,242481116,67661323,4096
1625724926,242481116,67661331,4096
1625724926,242481116,67661339,4096
1625724926,242481116,67661347,1536
1625724926,242653949,67661350,4096
1625724926,242653949,67661358,4096
1625724926,242653949,67661366,4096
1625724926,242653949,67661374,4096
1625724926,242653949,67661382,4096
1625724926,242653949,67661390,4096
1625724926,242653949,67661398,4096
1625724926,242653949,67661406,4096
1625724926,242655023,67661414,4096
1625724926,242655023,67661422,4096
1625724926,242655023,67661430,4096
1625724926,242655023,67661438,4096
1625724926,242655023,67661446,4096
1625724926,242655023,67661454,4096
1625724926,242655023,67661462,4096
1625724926,242655023,67661470,4096
1625724926,242655023,67661478,4096
1625724926,242656096,67661486,4096
1625724926,242656096,67661494,4096
1625724926,242656096,67661502,4096
1625724926,242656096,67661510,4096
1625724926,242656096,67661518,1024
1625724926,245091868,67661520,4096
1625724926,245092941,67661528,4096
1625724926,245092941,67661536,4096
1625724926,245092941,67661544,4096
1625724926,245092941,67661552,4096
1625724926,245092941,67661560,4096
1625724926,245092941,67661568,4096
1625724926,245092941,67661576,4096
1625724926,245092941,67661584,4096
1625724926,245092941,67661592,4096
1625724926,245092941,67661600,4096
1625724926,245094015,67661608,4096
1625724926,245094015,67661616,4096
1625724926,245094015,67661624,4096
1625724926,245094015,67661632,4096
1625724926,245094015,67661640,4096
1625724926,245094015,67661648,4096
1625724926,245094015,67661656,4096
1625724926,245094015,67661664,4096
1625724926,245094015,67661672,4096
1625724926,245095088,67661680,4096
1625724926,245095088,67661688,1536
1625724926,245277583,67661691,4096
1625724926,245277583,67661699,4096
1625724926,245277583,67661707,4096
1625724926,245277583,67661715,4096
1625724926,245277583,67661723,4096
1625724926,245277583,67661731,4096
1625724926,245277583,67661739,4096
1625724926,245277583,67661747,4096
1625724926,245278657,67661755,4096
1625724926,245278657,67661763,4096
1625724926,245278657,67661771,4096
1625724926,245278657,67661779,4096
1625724926,245278657,67661787,4096
1625724926,245278657,67661795,4096
1625724926,245278657,67661803,4096
1625724926,245278657,67661811,4096
1625724926,245278657,67661819,4096
1625724926,245279730,67661827,4096
1625724926,245279730,67661835,4096
1625724926,245279730,67661843,4096
1625724926,245279730,67661851,4096
1625724926,245279730,67661859,1536
1625724926,245449343,67661862,4096
1625724926,245449343,67661870,4096
1625724926,245449343,67661878,4096
1625724926,245450417,67661886,4096
1625724926,245450417,67661894,4096
1625724926,245450417,67661902,4096
1625724926,245450417,67661910,4096
1625724926,245450417,67661918,4096
1625724926,245450417,67661926,4096
1625724926,245450417,67661934,4096
1625724926,245450417,67661942,4096
1625724926,245450417,67661950,4096
1625724926,245451490,67661958,4096
1625724926,245451490,67661966,4096
1625724926,245451490,67661974,4096
1625724926,245451490,67661982,4096
1625724926,245451490,67661990,4096
1625724926,245451490,67661998,4096
1625724926,245451490,67662006,4096
1625724926,245451490,67662014,4096
1625724926,245451490,67662022,4096
1625724926,245452564,67662030,1024
1625724926,247871159,67662032,4096
1625724926,247871159,67662040,4096
1625724926,247871159,67662048,4096
1625724926,247871159,67662056,4096
1625724926,247872233,67662064,4096
1625724926,247872233,67662072,4096
1625724926,247872233,67662080,4096
1625724926,247872233,67662088,4096
1625724926,247872233,67662096,4096
1625724926,247872233,67662104,4096
1625724926,247872233,67662112,4096
1625724926,247872233,67662120,4096
1625724926,247873306,67662128,4096
1625724926,247873306,67662136,4096
1625724926,247873306,67662144,4096
1625724926,247873306,67662152,4096
1625724926,247873306,67662160,4096
1625724926,247873306,67662168,4096
1625724926,247873306,67662176,4096
1625724926,247873306,67662184,4096
1625724926,247873306,67662192,4096
1625724926,247874380,67662200,1536
1625724926,248053654,67662203,4096
1625724926,248053654,67662211,4096
1625724926,248053654,67662219,4096
1625724926,248053654,67662227,4096
1625724926,248053654,67662235,4096
1625724926,248053654,67662243,4096
1625724926,248054728,67662251,4096
1625724926,248054728,67662259,4096
1625724926,248054728,67662267,4096
1625724926,248054728,67662275,4096
1625724926,248054728,67662283,4096
1625724926,248054728,67662291,4096
1625724926,248054728,67662299,4096
1625724926,248054728,67662307,4096
1625724926,248054728,67662315,4096
1625724926,248055801,67662323,4096
1625724926,248055801,67662331,4096
1625724926,248055801,67662339,4096
1625724926,248055801,67662347,4096
1625724926,248055801,67662355,4096
1625724926,248055801,67662363,4096
1625724926,248055801,67662371,1536
1625724926,248228635,67662374,4096
1625724926,248228635,67662382,4096
1625724926,248228635,67662390,4096
1625724926,248228635,67662398,4096
1625724926,248228635,67662406,4096
1625724926,248229708,67662414,4096
1625724926,248229708,67662422,4096
1625724926,248229708,67662430,4096
1625724926,248229708,67662438,4096
1625724926,248229708,67662446,4096
1625724926,248229708,67662454,4096
1625724926,248229708,67662462,4096
1625724926,248229708,67662470,4096
1625724926,248229708,67662478,4096
1625724926,248230782,67662486,4096
1625724926,248230782,67662494,4096
1625724926,248230782,67662502,4096
1625724926,248230782,67662510,4096
1625724926,248230782,67662518,4096
1625724926,248230782,67662526,4096
1625724926,248230782,67662534,4096
1625724926,248230782,67662542,1024
1625724926,250581747,67662544,4096
1625724926,250582820,67662552,4096
1625724926,250582820,67662560,4096
1625724926,250582820,67662568,4096
1625724926,250582820,67662576,4096
1625724926,250582820,67662584,4096
1625724926,250582820,67662592,4096
1625724926,250582820,67662600,4096
1625724926,250582820,67662608,4096
1625724926,250582820,67662616,4096
1625724926,250583894,67662624,4096
1625724926,250583894,67662632,4096
1625724926,250583894,67662640,4096
1625724926,250583894,67662648,4096
1625724926,250583894,67662656,4096
1625724926,250583894,67662664,4096
1625724926,250583894,67662672,4096
1625724926,250583894,67662680,4096
1625724926,250583894,67662688,4096
1625724926,250584967,67662696,4096
1625724926,250584967,67662704,4096
1625724926,250765315,67662712,4096
1625724926,250766389,67662720,4096
1625724926,250766389,67662728,4096
1625724926,250766389,67662736,4096
1625724926,250766389,67662744,4096
1625724926,250766389,67662752,4096
1625724926,250766389,67662760,4096
1625724926,250766389,67662768,4096
1625724926,250766389,67662776,4096
1625724926,250766389,67662784,4096
1625724926,250767462,67662792,4096
1625724926,250767462,67662800,4096
1625724926,250767462,67662808,4096
1625724926,250767462,67662816,4096
1625724926,250767462,67662824,4096
1625724926,250767462,67662832,4096
1625724926,250767462,67662840,4096
1625724926,250767462,67662848,4096
1625724926,250767462,67662856,4096
1625724926,250768536,67662864,4096
1625724926,250768536,67662872,4096
1625724926,250936002,67662880,4096
1625724926,250936002,67662888,4096
1625724926,250936002,67662896,4096
1625724926,250937075,67662904,4096
1625724926,250937075,67662912,4096
1625724926,250937075,67662920,4096
1625724926,250937075,67662928,4096
1625724926,250937075,67662936,4096
1625724926,250937075,67662944,4096
1625724926,250937075,67662952,4096
1625724926,250937075,67662960,4096
1625724926,250937075,67662968,4096
1625724926,250938149,67662976,4096
1625724926,250938149,67662984,4096
1625724926,250938149,67662992,4096
1625724926,250938149,67663000,4096
1625724926,250938149,67663008,4096
1625724926,250938149,67663016,4096
1625724926,250938149,67663024,4096
1625724926,250938149,67663032,4096
1625724926,250938149,67663040,4096
1625724926,251454502,67663048,4096
1625724926,253719587,67663056,4096
1625724926,253720661,67663064,4096
1625724926,253720661,67663072,4096
1625724926,253720661,67663080,4096
1625724926,253720661,67663088,4096
1625724926,253720661,67663096,4096
1625724926,253720661,67663104,4096
1625724926,253720661,67663112,4096
1625724926,253720661,67663120,4096
1625724926,253720661,67663128,4096
1625724926,253721734,67663136,4096
1625724926,253721734,67663144,4096
1625724926,253721734,67663152,4096
1625724926,253721734,67663160,4096
1625724926,253721734,67663168,4096
1625724926,253721734,67663176,4096
1625724926,253721734,67663184,4096
1625724926,253721734,67663192,4096
1625724926,253721734,67663200,4096
1625724926,253722808,67663208,4096
1625724926,253722808,67663216,4096
1625724926,253722808,67663224,1536
1625724926,253902082,67663227,4096
1625724926,253902082,67663235,4096
1625724926,253902082,67663243,4096
1625724926,253903156,67663251,4096
1625724926,253903156,67663259,4096
1625724926,253903156,67663267,4096
1625724926,253903156,67663275,4096
1625724926,253903156,67663283,4096
1625724926,253903156,67663291,4096
1625724926,253903156,67663299,4096
1625724926,253903156,67663307,4096
1625724926,253903156,67663315,4096
1625724926,253904229,67663323,4096
1625724926,253904229,67663331,4096
1625724926,253904229,67663339,4096
1625724926,253904229,67663347,4096
1625724926,253904229,67663355,4096
1625724926,253904229,67663363,4096
1625724926,253904229,67663371,4096
1625724926,253904229,67663379,4096
1625724926,253904229,67663387,4096
1625724926,253905303,67663395,1536
1625724926,254077063,67663398,4096
1625724926,254078136,67663406,4096
1625724926,254078136,67663414,4096
1625724926,254078136,67663422,4096
1625724926,254078136,67663430,4096
1625724926,254078136,67663438,4096
1625724926,254078136,67663446,4096
1625724926,254078136,67663454,4096
1625724926,254078136,67663462,4096
1625724926,254078136,67663470,4096
1625724926,254079210,67663478,4096
1625724926,254079210,67663486,4096
1625724926,254079210,67663494,4096
1625724926,254079210,67663502,4096
1625724926,254079210,67663510,4096
1625724926,254079210,67663518,4096
1625724926,254079210,67663526,4096
1625724926,254079210,67663534,4096
1625724926,254079210,67663542,4096
1625724926,254080283,67663550,4096
1625724926,254080283,67663558,4096
1625724926,254080283,67663566,1024
1625724926,256406558,67663568,4096
1625724926,256406558,67663576,4096
1625724926,256406558,67663584,4096
1625724926,256406558,67663592,4096
1625724926,256406558,67663600,4096
1625724926,256407631,67663608,4096
1625724926,256407631,67663616,4096
1625724926,256407631,67663624,4096
1625724926,256407631,67663632,4096
1625724926,256407631,67663640,4096
1625724926,256407631,67663648,4096
1625724926,256407631,67663656,4096
1625724926,256407631,67663664,4096
1625724926,256407631,67663672,4096
1625724926,256408705,67663680,4096
1625724926,256408705,67663688,4096
1625724926,256408705,67663696,4096
1625724926,256408705,67663704,2560
1625724926,256556848,67663709,4096
1625724926,256556848,67663717,4096
1625724926,256556848,67663725,4096
1625724926,256556848,67663733,4096
1625724926,256557921,67663741,4096
1625724926,256557921,67663749,4096
1625724926,256557921,67663757,4096
1625724926,256557921,67663765,4096
1625724926,256557921,67663773,4096
1625724926,256557921,67663781,4096
1625724926,256557921,67663789,4096
1625724926,256557921,67663797,4096
1625724926,256557921,67663805,4096
1625724926,256558995,67663813,4096
1625724926,256558995,67663821,4096
1625724926,256558995,67663829,4096
1625724926,256558995,67663837,4096
1625724926,256558995,67663845,2560
1625724926,256703917,67663850,4096
1625724926,256703917,67663858,4096
1625724926,256703917,67663866,4096
1625724926,256703917,67663874,4096
1625724926,256703917,67663882,4096
1625724926,256704991,67663890,4096
1625724926,256704991,67663898,4096
1625724926,256704991,67663906,4096
1625724926,256704991,67663914,4096
1625724926,256704991,67663922,4096
1625724926,256704991,67663930,4096
1625724926,256704991,67663938,4096
1625724926,256704991,67663946,4096
1625724926,256704991,67663954,4096
1625724926,256706064,67663962,4096
1625724926,256706064,67663970,4096
1625724926,256706064,67663978,4096
1625724926,256706064,67663986,2560
1625724926,25940063,3183018,4096
1625724926,25941137,3183026,4096
1625724926,25941137,3183034,4096
1625724926,26209512,2734578,4096
1625724926,26209512,2734586,4096
1625724926,26209512,2734594,4096
1625724926,26209512,2734602,4096
1625724926,26209512,2734610,4096
1625724926,26209512,2734618,4096
1625724926,26209512,2734626,4096
1625724926,26209512,2734634,4096
1625724926,263988688,6846976,4096
1625724926,27181029,67650760,4096
1625724926,306072035,2810368,4096
1625724926,306072035,2810376,4096
1625724926,306072035,2810384,4096
1625724926,306073109,2810392,4096
1625724926,306773031,2810400,4096
1625724926,306773031,2810408,4096
1625724926,306774104,2810416,4096
1625724926,306774104,2810424,4096
1625724926,306774104,2810432,4096
1625724926,306774104,2810440,4096
1625724926,306774104,2810448,4096
1625724926,306774104,2810456,4096
1625724926,306774104,2810464,4096
1625724926,306774104,2810472,4096
1625724926,306775178,2810480,3584
1625724926,306842808,2810487,4096
1625724926,306843882,2810495,4096
1625724926,306843882,2810503,4096
1625724926,306843882,2810511,4096
1625724926,306843882,2810519,4096
1625724926,306843882,2810527,4096
1625724926,306843882,2810535,4096
1625724926,306843882,2810543,4096
1625724926,306843882,2810551,4096
1625724926,306843882,2810559,4096
1625724926,306844955,2810567,3072
1625724926,345361062,3184962,4096
1625724926,345361062,3184970,4096
1625724926,345361062,3184978,4096
1625724926,345362135,3184986,4096
1625724926,345362135,3184994,4096
1625724926,345362135,3185002,4096
1625724926,345362135,3185010,4096
1625724926,345362135,3185018,4096
1625724926,3523236,65798304,4096
1625724926,3524310,65798312,4096
1625724926,3524310,65798320,4096
1625724926,3524310,65798328,4096
1625724926,3524310,65798336,4096
1625724926,3524310,65798344,4096
1625724926,3524310,65798352,4096
1625724926,3524310,65798360,4096
1625724926,3524310,65798368,4096
1625724926,3524310,65798376,4096
1625724926,3525383,65798384,4096
1625724926,3525383,65798392,4096
1625724926,3525383,65798400,4096
1625724926,3525383,65798408,4096
1625724926,3525383,65798416,2048
1625724926,3653130,65798420,4096
1625724926,3654203,65798428,4096
1625724926,3654203,65798436,4096
1625724926,3654203,65798444,4096
1625724926,3654203,65798452,4096
1625724926,3654203,65798460,4096
1625724926,3654203,65798468,4096
1625724926,3654203,65798476,4096
1625724926,3654203,65798484,4096
1625724926,3654203,65798492,4096
1625724926,3655277,65798500,4096
1625724926,3655277,65798508,4096
1625724926,3655277,65798516,4096
1625724926,3655277,65798524,4096
1625724926,3655277,65798532,1536
1625724926,3876418,2734050,4096
1625724926,3876418,2734058,4096
1625724926,3876418,2734066,4096
1625724926,3876418,2734074,4096
1625724926,3877491,2734082,4096
1625724926,3877491,2734090,4096
1625724926,3877491,2734098,4096
1625724926,3877491,2734106,4096
1625724926,38846754,67650768,4096
1625724926,38846754,67650776,4096
1625724926,38846754,67650784,4096
1625724926,38847827,67650792,4096
1625724926,38847827,67650800,4096
1625724926,38847827,67650808,4096
1625724926,38847827,67650816,4096
1625724926,38847827,67650824,4096
1625724926,38847827,67650832,4096
1625724926,38847827,67650840,4096
1625724926,38847827,67650848,4096
1625724926,38847827,67650856,4096
1625724926,38848901,67650864,4096
1625724926,38848901,67650872,4096
1625724926,38848901,67650880,4096
1625724926,38848901,67650888,4096
1625724926,38848901,67650896,4096
1625724926,38848901,67650904,4096
1625724926,38848901,67650912,4096
1625724926,38848901,67650920,4096
1625724926,38848901,67650928,4096
1625724926,38849974,67650936,1536
1625724926,38994897,67650939,4096
1625724926,38994897,67650947,4096
1625724926,38994897,67650955,4096
1625724926,38995970,67650963,4096
1625724926,38995970,67650971,4096
1625724926,38995970,67650979,4096
1625724926,38995970,67650987,4096
1625724926,38995970,67650995,4096
1625724926,38995970,67651003,4096
1625724926,38995970,67651011,4096
1625724926,38995970,67651019,4096
1625724926,38995970,67651027,4096
1625724926,38997044,67651035,4096
1625724926,38997044,67651043,4096
1625724926,38997044,67651051,4096
1625724926,38997044,67651059,4096
1625724926,38997044,67651067,4096
1625724926,38997044,67651075,4096
1625724926,38997044,67651083,4096
1625724926,38997044,67651091,4096
1625724926,38997044,67651099,4096
1625724926,38998117,67651107,1536
1625724926,39162363,67651110,4096
1625724926,39162363,67651118,4096
1625724926,39162363,67651126,4096
1625724926,39162363,67651134,4096
1625724926,39162363,67651142,4096
1625724926,39162363,67651150,4096
1625724926,39162363,67651158,4096
1625724926,39163436,67651166,4096
1625724926,39163436,67651174,4096
1625724926,39163436,67651182,4096
1625724926,39163436,67651190,4096
1625724926,39163436,67651198,4096
1625724926,39163436,67651206,4096
1625724926,39163436,67651214,4096
1625724926,39163436,67651222,4096
1625724926,39163436,67651230,4096
1625724926,39164510,67651238,4096
1625724926,39164510,67651246,4096
1625724926,39164510,67651254,4096
1625724926,39164510,67651262,4096
1625724926,39164510,67651270,4096
1625724926,39164510,67651278,1024
1625724926,412468767,3182762,4096
1625724926,412469841,3182770,4096
1625724926,412470914,3182778,4096
1625724926,412470914,3182786,4096
1625724926,41947022,1256328,4096
1625724926,41947022,1256336,4096
1625724926,41947022,1256344,2048
1625724926,440506440,3184898,4096
1625724926,440506440,3184906,4096
1625724926,440506440,3184914,4096
1625724926,440507514,3184922,4096
1625724926,440507514,3184930,4096
1625724926,440507514,3184938,4096
1625724926,440507514,3184946,4096
1625724926,440507514,3184954,4096
1625724926,451586034,3185034,4096
1625724926,608831240,1258328,4096
1625724926,608831240,1258336,4096
1625724926,608831240,1258344,3072
1625724926,724709124,48936328,4096
1625724926,725572218,3068528,4096
1625724926,725573292,3068536,4096
1625724926,725573292,3068544,4096
1625724926,725573292,3068552,4096
1625724926,726258185,3068560,4096
1625724926,726258185,3068568,4096
1625724926,726259258,3068576,4096
1625724926,726259258,3068584,4096
1625724926,726259258,3068592,4096
1625724926,726259258,3068600,512
1625724926,7944983,3183458,4096
1625724926,7946056,3183466,4096
1625724926,7946056,3183474,4096
1625724926,7946056,3183482,4096
1625724926,856291240,68868888,4096
1625724926,856291240,68868896,4096
1625724926,856291240,68868904,4096
1625724926,856291240,68868912,4096
1625724926,856891326,68868920,4096
1625724926,856891326,68868928,4096
1625724926,856891326,68868936,4096
1625724926,856891326,68868944,4096
1625724926,856891326,68868952,2560
1625724926,9249285,2734034,4096
1625724926,9249285,2734042,4096
1625724926,984300747,6846984,4096
1625724927,10034801,63076800,4096
1625724927,10034801,63076808,4096
1625724927,10034801,63076816,4096
1625724927,10034801,63076824,4096
1625724927,10034801,63076832,4096
1625724927,10034801,63076840,4096
1625724927,10034801,63076848,4096
1625724927,10035874,63076856,4096
1625724927,10035874,63076864,4096
1625724927,10035874,63076872,4096
1625724927,10035874,63076880,4096
1625724927,10035874,63076888,4096
1625724927,10035874,63076896,4096
1625724927,10035874,63076904,4096
1625724927,10035874,63076912,4096
1625724927,10035874,63076920,4096
1625724927,1122604,63076160,4096
1625724927,1122604,63076168,4096
1625724927,1122604,63076176,4096
1625724927,1123677,63076184,4096
1625724927,1123677,63076192,4096
1625724927,1123677,63076200,4096
1625724927,1123677,63076208,4096
1625724927,1123677,63076216,4096
1625724927,1123677,63076224,4096
1625724927,1123677,63076232,4096
1625724927,1123677,63076240,4096
1625724927,1123677,63076248,4096
1625724927,1124751,63076256,4096
1625724927,1124751,63076264,4096
1625724927,1124751,63076272,4096
1625724927,1124751,63076280,4096
1625724927,1247130,63076288,4096
1625724927,1248203,63076296,4096
1625724927,1248203,63076304,4096
1625724927,1248203,63076312,4096
1625724927,1248203,63076320,4096
1625724927,1248203,63076328,4096
1625724927,1248203,63076336,4096
1625724927,1248203,63076344,4096
1625724927,1248203,63076352,4096
1625724927,1248203,63076360,4096
1625724927,1249277,63076368,4096
1625724927,1249277,63076376,4096
1625724927,1249277,63076384,4096
1625724927,1249277,63076392,4096
1625724927,1249277,63076400,4096
1625724927,1249277,63076408,4096
1625724927,14588588,63076928,4096
1625724927,14588588,63076936,4096
1625724927,14588588,63076944,4096
1625724927,14588588,63076952,4096
1625724927,14588588,63076960,4096
1625724927,14588588,63076968,4096
1625724927,14589661,63076976,4096
1625724927,14589661,63076984,4096
1625724927,14589661,63076992,4096
1625724927,14589661,63077000,4096
1625724927,14589661,63077008,4096
1625724927,14589661,63077016,4096
1625724927,14589661,63077024,4096
1625724927,14589661,63077032,4096
1625724927,14589661,63077040,4096
1625724927,14590735,63077048,4096
1625724927,14702379,63077056,4096
1625724927,14702379,63077064,4096
1625724927,14702379,63077072,4096
1625724927,14702379,63077080,4096
1625724927,14702379,63077088,4096
1625724927,14702379,63077096,4096
1625724927,14702379,63077104,4096
1625724927,14703452,63077112,4096
1625724927,14703452,63077120,4096
1625724927,14703452,63077128,4096
1625724927,14703452,63077136,4096
1625724927,14703452,63077144,4096
1625724927,14703452,63077152,4096
1625724927,14703452,63077160,4096
1625724927,14703452,63077168,4096
1625724927,14703452,63077176,4096
1625724927,19432220,63077184,4096
1625724927,19432220,63077192,4096
1625724927,19432220,63077200,4096
1625724927,19432220,63077208,4096
1625724927,19432220,63077216,4096
1625724927,19432220,63077224,4096
1625724927,19432220,63077232,4096
1625724927,19433293,63077240,4096
1625724927,19433293,63077248,4096
1625724927,19433293,63077256,4096
1625724927,19433293,63077264,4096
1625724927,19433293,63077272,4096
1625724927,19433293,63077280,4096
1625724927,19433293,63077288,4096
1625724927,19433293,63077296,4096
1625724927,19433293,63077304,4096
1625724927,19550305,63077312,4096
1625724927,19550305,63077320,4096
1625724927,19550305,63077328,4096
1625724927,19550305,63077336,4096
1625724927,19550305,63077344,4096
1625724927,19551378,63077352,4096
1625724927,19551378,63077360,4096
1625724927,19551378,63077368,4096
1625724927,19551378,63077376,4096
1625724927,19551378,63077384,4096
1625724927,19551378,63077392,4096
1625724927,19551378,63077400,4096
1625724927,19551378,63077408,4096
1625724927,19551378,63077416,4096
1625724927,19552452,63077424,4096
1625724927,19552452,63077432,4096
1625724927,23735881,63077440,4096
1625724927,23736955,63077448,4096
1625724927,23736955,63077456,4096
1625724927,23736955,63077464,4096
1625724927,23736955,63077472,4096
1625724927,23736955,63077480,4096
1625724927,23736955,63077488,4096
1625724927,23736955,63077496,4096
1625724927,23736955,63077504,4096
1625724927,23738028,63077512,4096
1625724927,23738028,63077520,4096
1625724927,23738028,63077528,4096
1625724927,23738028,63077536,4096
1625724927,23738028,63077544,4096
1625724927,23738028,63077552,4096
1625724927,23738028,63077560,4096
1625724927,23861481,63077568,4096
1625724927,23862554,63077576,4096
1625724927,23862554,63077584,4096
1625724927,23862554,63077592,4096
1625724927,23862554,63077600,4096
1625724927,23862554,63077608,4096
1625724927,23862554,63077616,4096
1625724927,23862554,63077624,4096
1625724927,23862554,63077632,4096
1625724927,23862554,63077640,4096
1625724927,23863628,63077648,4096
1625724927,23863628,63077656,4096
1625724927,23863628,63077664,4096
1625724927,23863628,63077672,4096
1625724927,23863628,63077680,4096
1625724927,23863628,63077688,4096
1625724927,260012158,13232192,4096
1625724927,260012158,13232200,4096
1625724927,260012158,13232208,4096
1625724927,260013231,13232216,4096
1625724927,260013231,13232224,4096
1625724927,260013231,13232232,4096
1625724927,260013231,13232240,4096
1625724927,260013231,13232248,4096
1625724927,260013231,13232256,4096
1625724927,260013231,13232264,4096
1625724927,260013231,13232272,4096
1625724927,260013231,13232280,4096
1625724927,260014305,13232288,4096
1625724927,260014305,13232296,4096
1625724927,260014305,13232304,4096
1625724927,260014305,13232312,4096
1625724927,260143125,13284640,4096
1625724927,260143125,13284648,4096
1625724927,260143125,13284656,4096
1625724927,260143125,13284664,4096
1625724927,260143125,13284672,4096
1625724927,260144198,13284680,4096
1625724927,260144198,13284688,4096
1625724927,260144198,13284696,4096
1625724927,260144198,13284704,4096
1625724927,260144198,13284712,4096
1625724927,260144198,13284720,4096
1625724927,260144198,13284728,4096
1625724927,260144198,13284736,4096
1625724927,260144198,13284744,4096
1625724927,260145272,13284752,4096
1625724927,260145272,13284760,4096
1625724927,260145272,13284768,4096
1625724927,260145272,13284776,1536
1625724927,260285900,13284779,4096
1625724927,260286974,13284787,4096
1625724927,260286974,13284795,4096
1625724927,260286974,13284803,4096
1625724927,260286974,13284811,4096
1625724927,260286974,13284819,4096
1625724927,260286974,13284827,4096
1625724927,260286974,13284835,4096
1625724927,260286974,13284843,4096
1625724927,260286974,13284851,4096
1625724927,260288047,13284859,4096
1625724927,260288047,13284867,4096
1625724927,260288047,13284875,4096
1625724927,260288047,13284883,4096
1625724927,260288047,13284891,4096
1625724927,260288047,13284899,4096
1625724927,260288047,13284907,4096
1625724927,260288047,13284915,1536
1625724927,260419014,13284918,4096
1625724927,260419014,13284926,4096
1625724927,260419014,13284934,4096
1625724927,260419014,13284942,4096
1625724927,260419014,13284950,4096
1625724927,260420088,13284958,4096
1625724927,260420088,13284966,4096
1625724927,260420088,13284974,4096
1625724927,260420088,13284982,4096
1625724927,260420088,13284990,4096
1625724927,260420088,13284998,4096
1625724927,260420088,13285006,4096
1625724927,260420088,13285014,4096
1625724927,260421161,13285022,4096
1625724927,260421161,13285030,4096
1625724927,260421161,13285038,4096
1625724927,260421161,13285046,4096
1625724927,260421161,13285054,1024
1625724927,261005145,28371296,4096
1625724927,261005145,28371304,4096
1625724927,261005145,28371312,4096
1625724927,261005145,28371320,4096
1625724927,261310019,13060736,4096
1625724927,261310019,13060744,4096
1625724927,261310019,13060752,4096
1625724927,261311093,13060760,4096
1625724927,261311093,13060768,4096
1625724927,261311093,13060776,4096
1625724927,261311093,13060784,4096
1625724927,261311093,13060792,4096
1625724927,261311093,13060800,4096
1625724927,261311093,13060808,4096
1625724927,261311093,13060816,4096
1625724927,261311093,13060824,4096
1625724927,261312166,13060832,4096
1625724927,261312166,13060840,4096
1625724927,261312166,13060848,4096
1625724927,261312166,13060856,4096
1625724927,261312166,13060864,4096
1625724927,261312166,13060872,1536
1625724927,261497882,13060875,4096
1625724927,261497882,13060883,4096
1625724927,261497882,13060891,4096
1625724927,261497882,13060899,4096
1625724927,261497882,13060907,4096
1625724927,261498955,13060915,4096
1625724927,261498955,13060923,4096
1625724927,261498955,13060931,4096
1625724927,261498955,13060939,4096
1625724927,261498955,13060947,4096
1625724927,261498955,13060955,4096
1625724927,261498955,13060963,4096
1625724927,261498955,13060971,4096
1625724927,261500029,13060979,4096
1625724927,261500029,13060987,4096
1625724927,261500029,13060995,4096
1625724927,261500029,13061003,4096
1625724927,261500029,13061011,1536
1625724927,261680377,13061014,4096
1625724927,261680377,13061022,4096
1625724927,261680377,13061030,4096
1625724927,261680377,13061038,4096
1625724927,261680377,13061046,4096
1625724927,261680377,13061054,4096
1625724927,261680377,13061062,4096
1625724927,261681450,13061070,4096
1625724927,261681450,13061078,4096
1625724927,261681450,13061086,4096
1625724927,261681450,13061094,4096
1625724927,261681450,13061102,4096
1625724927,261681450,13061110,4096
1625724927,261681450,13061118,4096
1625724927,261681450,13061126,4096
1625724927,261681450,13061134,4096
1625724927,261682524,13061142,4096
1625724927,261682524,13061150,1024
1625724927,262321256,13159328,4096
1625724927,262321256,13159336,4096
1625724927,262321256,13159344,4096
1625724927,262321256,13159352,4096
1625724927,262322330,13159360,4096
1625724927,262322330,13159368,4096
1625724927,262322330,13159376,4096
1625724927,262322330,13159384,4096
1625724927,262322330,13159392,4096
1625724927,262322330,13159400,4096
1625724927,262322330,13159408,4096
1625724927,262322330,13159416,4096
1625724927,262322330,13159424,4096
1625724927,262323403,13159432,4096
1625724927,262323403,13159440,4096
1625724927,262323403,13159448,4096
1625724927,262323403,13159456,4096
1625724927,262323403,13159464,1536
1625724927,262456517,13159467,4096
1625724927,262457591,13159475,4096
1625724927,262457591,13159483,4096
1625724927,262457591,13159491,4096
1625724927,262457591,13159499,4096
1625724927,262457591,13159507,4096
1625724927,262457591,13159515,4096
1625724927,262457591,13159523,4096
1625724927,262457591,13159531,4096
1625724927,262457591,13159539,4096
1625724927,262458664,13159547,4096
1625724927,262458664,13159555,4096
1625724927,262458664,13159563,4096
1625724927,262458664,13159571,4096
1625724927,262458664,13159579,4096
1625724927,262458664,13159587,4096
1625724927,262458664,13159595,4096
1625724927,262458664,13159603,1536
1625724927,262602513,13159606,4096
1625724927,262602513,13159614,4096
1625724927,262602513,13159622,4096
1625724927,262602513,13159630,4096
1625724927,262602513,13159638,4096
1625724927,262602513,13159646,4096
1625724927,262602513,13159654,4096
1625724927,262603587,13159662,4096
1625724927,262603587,13159670,4096
1625724927,262603587,13159678,4096
1625724927,262603587,13159686,4096
1625724927,262603587,13159694,4096
1625724927,262603587,13159702,4096
1625724927,262603587,13159710,4096
1625724927,262603587,13159718,4096
1625724927,262603587,13159726,4096
1625724927,262604660,13159734,4096
1625724927,262604660,13159742,1024
1625724927,263107058,13257440,4096
1625724927,263108132,13257448,4096
1625724927,263108132,13257456,4096
1625724927,263108132,13257464,4096
1625724927,263108132,13257472,4096
1625724927,263108132,13257480,4096
1625724927,263108132,13257488,4096
1625724927,263108132,13257496,4096
1625724927,263108132,13257504,4096
1625724927,263108132,13257512,4096
1625724927,263109205,13257520,4096
1625724927,263109205,13257528,4096
1625724927,263109205,13257536,4096
1625724927,263109205,13257544,4096
1625724927,263109205,13257552,4096
1625724927,263109205,13257560,4096
1625724927,263109205,13257568,4096
1625724927,263109205,13257576,4096
1625724927,263109205,13257584,4096
1625724927,263110279,13257592,4096
1625724927,263265936,13257600,4096
1625724927,263267010,13257608,4096
1625724927,263267010,13257616,4096
1625724927,263267010,13257624,4096
1625724927,263267010,13257632,4096
1625724927,263267010,13257640,4096
1625724927,263267010,13257648,4096
1625724927,263267010,13257656,4096
1625724927,263267010,13257664,4096
1625724927,263268083,13257672,4096
1625724927,263268083,13257680,4096
1625724927,263268083,13257688,4096
1625724927,263268083,13257696,4096
1625724927,263268083,13257704,4096
1625724927,263268083,13257712,4096
1625724927,263268083,13257720,4096
1625724927,263268083,13257728,4096
1625724927,263268083,13257736,4096
1625724927,263269157,13257744,4096
1625724927,263269157,13257752,4096
1625724927,263886419,45567680,4096
1625724927,263886419,45567688,4096
1625724927,263886419,45567696,4096
1625724927,263886419,45567704,4096
1625724927,263886419,45567712,4096
1625724927,263886419,45567720,4096
1625724927,263887493,45567728,4096
1625724927,263887493,45567736,4096
1625724927,263887493,45567744,4096
1625724927,263887493,45567752,4096
1625724927,263887493,45567760,4096
1625724927,263887493,45567768,4096
1625724927,263887493,45567776,4096
1625724927,263887493,45567784,4096
1625724927,263887493,45567792,4096
1625724927,263887493,45567800,4096
1625724927,263888566,45567808,4096
1625724927,263888566,45567816,4096
1625724927,263888566,45567824,4096
1625724927,263888566,45567832,4096
1625724927,263888566,45567840,4096
1625724927,263888566,45567848,1536
1625724927,264116148,45567851,4096
1625724927,264116148,45567859,4096
1625724927,264116148,45567867,4096
1625724927,264116148,45567875,4096
1625724927,264116148,45567883,4096
1625724927,264117222,45567891,4096
1625724927,264117222,45567899,4096
1625724927,264117222,45567907,4096
1625724927,264117222,45567915,4096
1625724927,264117222,45567923,4096
1625724927,264117222,45567931,4096
1625724927,264117222,45567939,4096
1625724927,264117222,45567947,4096
1625724927,264117222,45567955,4096
1625724927,264118295,45567963,4096
1625724927,264118295,45567971,4096
1625724927,264118295,45567979,4096
1625724927,264118295,45567987,4096
1625724927,264118295,45567995,4096
1625724927,264118295,45568003,4096
1625724927,264118295,45568011,4096
1625724927,264118295,45568019,1536
1625724927,264277173,45568022,4096
1625724927,264277173,45568030,4096
1625724927,264277173,45568038,4096
1625724927,264277173,45568046,4096
1625724927,264278247,45568054,4096
1625724927,264278247,45568062,4096
1625724927,264278247,45568070,4096
1625724927,264278247,45568078,4096
1625724927,264278247,45568086,4096
1625724927,264278247,45568094,4096
1625724927,264278247,45568102,4096
1625724927,264278247,45568110,4096
1625724927,264279320,45568118,4096
1625724927,264279320,45568126,4096
1625724927,264279320,45568134,4096
1625724927,264279320,45568142,4096
1625724927,264279320,45568150,4096
1625724927,264279320,45568158,4096
1625724927,264279320,45568166,4096
1625724927,264279320,45568174,4096
1625724927,264279320,45568182,4096
1625724927,264280394,45568190,1024
1625724927,264403846,45568192,4096
1625724927,264404920,45568200,4096
1625724927,264404920,45568208,4096
1625724927,264404920,45568216,4096
1625724927,264404920,45568224,4096
1625724927,264404920,45568232,4096
1625724927,264404920,45568240,4096
1625724927,264404920,45568248,4096
1625724927,264404920,45568256,4096
1625724927,264405993,45568264,4096
1625724927,264405993,45568272,4096
1625724927,264405993,45568280,4096
1625724927,264405993,45568288,4096
1625724927,264405993,45568296,4096
1625724927,264405993,45568304,4096
1625724927,264405993,45568312,4096
1625724927,264984610,45538496,4096
1625724927,264984610,45538504,4096
1625724927,264984610,45538512,4096
1625724927,264984610,45538520,4096
1625724927,265272308,13257792,4096
1625724927,265272308,13257800,4096
1625724927,265272308,13257808,4096
1625724927,265273381,13257816,4096
1625724927,265273381,13257824,4096
1625724927,265273381,13257832,4096
1625724927,265273381,13257840,4096
1625724927,265273381,13257848,4096
1625724927,265273381,13257856,4096
1625724927,265273381,13257864,4096
1625724927,265273381,13257872,4096
1625724927,265274455,13257880,4096
1625724927,265274455,13257888,4096
1625724927,265274455,13257896,4096
1625724927,265274455,13257904,4096
1625724927,265274455,13257912,4096
1625724927,27989088,63077696,4096
1625724927,27989088,63077704,4096
1625724927,27989088,63077712,4096
1625724927,27989088,63077720,4096
1625724927,27989088,63077728,4096
1625724927,27989088,63077736,4096
1625724927,27990162,63077744,4096
1625724927,27990162,63077752,4096
1625724927,27990162,63077760,4096
1625724927,27990162,63077768,4096
1625724927,27990162,63077776,4096
1625724927,27990162,63077784,4096
1625724927,27990162,63077792,4096
1625724927,27990162,63077800,4096
1625724927,27990162,63077808,4096
1625724927,27991235,63077816,4096
1625724927,28117908,63077824,4096
1625724927,28117908,63077832,4096
1625724927,28117908,63077840,4096
1625724927,28117908,63077848,4096
1625724927,28117908,63077856,4096
1625724927,28117908,63077864,4096
1625724927,28117908,63077872,4096
1625724927,28117908,63077880,4096
1625724927,28117908,63077888,4096
1625724927,28118982,63077896,4096
1625724927,28118982,63077904,4096
1625724927,28118982,63077912,4096
1625724927,28118982,63077920,4096
1625724927,28118982,63077928,4096
1625724927,28118982,63077936,4096
1625724927,28118982,63077944,4096
1625724927,295556816,45298880,4096
1625724927,295556816,45298888,4096
1625724927,295556816,45298896,4096
1625724927,295556816,45298904,4096
1625724927,295556816,45298912,4096
1625724927,295556816,45298920,4096
1625724927,295556816,45298928,4096
1625724927,295556816,45298936,4096
1625724927,295557890,45298944,4096
1625724927,295557890,45298952,4096
1625724927,295651284,45298960,4096
1625724927,295652358,45298968,4096
1625724927,295652358,45298976,4096
1625724927,295652358,45298984,4096
1625724927,295652358,45298992,4096
1625724927,295652358,45299000,4096
1625724927,295652358,45299008,4096
1625724927,295652358,45299016,4096
1625724927,295652358,45299024,4096
1625724927,295653431,45299032,4096
1625724927,296042038,45356944,4096
1625724927,296042038,45356952,4096
1625724927,296043112,45356960,4096
1625724927,296043112,45356968,4096
1625724927,296043112,45356976,4096
1625724927,296043112,45356984,4096
1625724927,296043112,45356992,4096
1625724927,296043112,45357000,4096
1625724927,296043112,45357008,4096
1625724927,296043112,45357016,4096
1625724927,296112889,45356864,4096
1625724927,296113963,45356872,4096
1625724927,296113963,45356880,4096
1625724927,296113963,45356888,4096
1625724927,296113963,45356896,4096
1625724927,296113963,45356904,4096
1625724927,296113963,45356912,4096
1625724927,296113963,45356920,4096
1625724927,296113963,45356928,4096
1625724927,296113963,45356936,4096
1625724927,296451042,45554688,4096
1625724927,296451042,45554696,4096
1625724927,296451042,45554704,4096
1625724927,296451042,45554712,4096
1625724927,296451042,45554720,4096
1625724927,296451042,45554728,4096
1625724927,296451042,45554736,4096
1625724927,296452115,45554744,4096
1625724927,296452115,45554752,4096
1625724927,296452115,45554760,4096
1625724927,296452115,45554768,4096
1625724927,296452115,45554776,4096
1625724927,296537995,45554784,4096
1625724927,296537995,45554792,4096
1625724927,296537995,45554800,4096
1625724927,296537995,45554808,4096
1625724927,296537995,45554816,4096
1625724927,296537995,45554824,4096
1625724927,296537995,45554832,4096
1625724927,296537995,45554840,4096
1625724927,296539069,45554848,4096
1625724927,296539069,45554856,4096
1625724927,296539069,45554864,4096
1625724927,296539069,45554872,4096
1625724927,297062937,45385312,4096
1625724927,297064010,45385320,4096
1625724927,297064010,45385328,4096
1625724927,297064010,45385336,4096
1625724927,297064010,45385344,4096
1625724927,297064010,45385352,4096
1625724927,297064010,45385360,4096
1625724927,297064010,45385368,4096
1625724927,297064010,45385376,4096
1625724927,297064010,45385384,4096
1625724927,297065084,45385392,4096
1625724927,297065084,45385400,4096
1625724927,297244358,45385408,4096
1625724927,297244358,45385416,4096
1625724927,297244358,45385424,4096
1625724927,297244358,45385432,4096
1625724927,297244358,45385440,4096
1625724927,297244358,45385448,4096
1625724927,297245432,45385456,4096
1625724927,297245432,45385464,4096
1625724927,297245432,45385472,4096
1625724927,297245432,45385480,4096
1625724927,297245432,45385488,4096
1625724927,297245432,45385496,4096
1625724927,297495557,45383680,4096
1625724927,297495557,45383688,4096
1625724927,297495557,45383696,4096
1625724927,297495557,45383704,4096
1625724927,297495557,45383712,4096
1625724927,297495557,45383720,4096
1625724927,297495557,45383728,4096
1625724927,297496631,45383736,4096
1625724927,297496631,45383744,4096
1625724927,297496631,45383752,4096
1625724927,297496631,45383760,4096
1625724927,297496631,45383768,4096
1625724927,309750633,45367424,4096
1625724927,309750633,45367432,4096
1625724927,309750633,45367440,4096
1625724927,309750633,45367448,4096
1625724927,309750633,45367456,4096
1625724927,309751707,45367464,4096
1625724927,309751707,45367472,4096
1625724927,309751707,45367480,4096
1625724927,309751707,45367488,4096
1625724927,309751707,45367496,4096
1625724927,309751707,45367504,4096
1625724927,309751707,45367512,4096
1625724927,309751707,45367520,4096
1625724927,309751707,45367528,4096
1625724927,309752780,45367536,4096
1625724927,309752780,45367544,4096
1625724927,32450554,63077952,4096
1625724927,32450554,63077960,4096
1625724927,32450554,63077968,4096
1625724927,32450554,63077976,4096
1625724927,32450554,63077984,4096
1625724927,32450554,63077992,4096
1625724927,32450554,63078000,4096
1625724927,32451628,63078008,4096
1625724927,32451628,63078016,4096
1625724927,32451628,63078024,4096
1625724927,32451628,63078032,4096
1625724927,32451628,63078040,4096
1625724927,32451628,63078048,4096
1625724927,32451628,63078056,4096
1625724927,32451628,63078064,4096
1625724927,32451628,63078072,4096
1625724927,32575080,63078080,4096
1625724927,32575080,63078088,4096
1625724927,32575080,63078096,4096
1625724927,32575080,63078104,4096
1625724927,32576154,63078112,4096
1625724927,32576154,63078120,4096
1625724927,32576154,63078128,4096
1625724927,32576154,63078136,4096
1625724927,32576154,63078144,4096
1625724927,32576154,63078152,4096
1625724927,32576154,63078160,4096
1625724927,32576154,63078168,4096
1625724927,32576154,63078176,4096
1625724927,32577227,63078184,4096
1625724927,32577227,63078192,4096
1625724927,32577227,63078200,4096
1625724927,36849757,63078208,4096
1625724927,36849757,63078216,4096
1625724927,36849757,63078224,4096
1625724927,36849757,63078232,4096
1625724927,36849757,63078240,4096
1625724927,36849757,63078248,4096
1625724927,36849757,63078256,4096
1625724927,36850831,63078264,4096
1625724927,36850831,63078272,4096
1625724927,36850831,63078280,4096
1625724927,36850831,63078288,4096
1625724927,36850831,63078296,4096
1625724927,36850831,63078304,4096
1625724927,36850831,63078312,4096
1625724927,36850831,63078320,4096
1625724927,36850831,63078328,4096
1625724927,36974283,63078336,4096
1625724927,36974283,63078344,4096
1625724927,36974283,63078352,4096
1625724927,36974283,63078360,4096
1625724927,36974283,63078368,4096
1625724927,36974283,63078376,4096
1625724927,36975357,63078384,4096
1625724927,36975357,63078392,4096
1625724927,36975357,63078400,4096
1625724927,36975357,63078408,4096
1625724927,36975357,63078416,4096
1625724927,36975357,63078424,4096
1625724927,36975357,63078432,4096
1625724927,36975357,63078440,4096
1625724927,36975357,63078448,4096
1625724927,36976430,63078456,4096
1625724927,41201726,63078464,4096
1625724927,41201726,63078472,4096
1625724927,41201726,63078480,4096
1625724927,41201726,63078488,4096
1625724927,41201726,63078496,4096
1625724927,41201726,63078504,4096
1625724927,41202800,63078512,4096
1625724927,41202800,63078520,4096
1625724927,41202800,63078528,4096
1625724927,41202800,63078536,4096
1625724927,41202800,63078544,4096
1625724927,41202800,63078552,4096
1625724927,41202800,63078560,4096
1625724927,41202800,63078568,4096
1625724927,41202800,63078576,4096
1625724927,41203873,63078584,3584
1625724927,41326252,63078591,4096
1625724927,41326252,63078599,4096
1625724927,41327326,63078607,4096
1625724927,41327326,63078615,4096
1625724927,41327326,63078623,4096
1625724927,41327326,63078631,4096
1625724927,41327326,63078639,4096
1625724927,41327326,63078647,4096
1625724927,41327326,63078655,4096
1625724927,41327326,63078663,4096
1625724927,41327326,63078671,4096
1625724927,41328399,63078679,4096
1625724927,41328399,63078687,4096
1625724927,41328399,63078695,4096
1625724927,41328399,63078703,4096
1625724927,41328399,63078711,3584
1625724927,5487455,63076416,4096
1625724927,5487455,63076424,4096
1625724927,5487455,63076432,4096
1625724927,5487455,63076440,4096
1625724927,5488528,63076448,4096
1625724927,5488528,63076456,4096
1625724927,5488528,63076464,4096
1625724927,5488528,63076472,4096
1625724927,5488528,63076480,4096
1625724927,5488528,63076488,4096
1625724927,5488528,63076496,4096
1625724927,5488528,63076504,4096
1625724927,5488528,63076512,4096
1625724927,5489602,63076520,4096
1625724927,5489602,63076528,4096
1625724927,5489602,63076536,4096
1625724927,5611981,63076544,4096
1625724927,5611981,63076552,4096
1625724927,5611981,63076560,4096
1625724927,5611981,63076568,4096
1625724927,5611981,63076576,4096
1625724927,5613054,63076584,4096
1625724927,5613054,63076592,4096
1625724927,5613054,63076600,4096
1625724927,5613054,63076608,4096
1625724927,5613054,63076616,4096
1625724927,5613054,63076624,4096
1625724927,5613054,63076632,4096
1625724927,5613054,63076640,4096
1625724927,5613054,63076648,4096
1625724927,5613054,63076656,4096
1625724927,5614128,63076664,4096
1625724927,9915642,63076672,4096
1625724927,9916716,63076680,4096
1625724927,9916716,63076688,4096
1625724927,9916716,63076696,4096
1625724927,9916716,63076704,4096
1625724927,9916716,63076712,4096
1625724927,9916716,63076720,4096
1625724927,9916716,63076728,4096
1625724927,9917789,63076736,4096
1625724927,9917789,63076744,4096
1625724927,9917789,63076752,4096
1625724927,9917789,63076760,4096
1625724927,9917789,63076768,4096
1625724927,9917789,63076776,4096
1625724927,9917789,63076784,4096
1625724927,9917789,63076792,4096
1625724928,1052941911,28242400,4096
1625724928,1052941911,28242408,4096
1625724928,1052941911,28242416,4096
1625724928,1052942985,28242424,4096
1625724928,1053575276,28242432,4096
1625724928,1053575276,28242440,4096
1625724928,1053575276,28242448,2560
1625724929,1063851605,6847000,4096
1625724929,166478603,48936336,4096
1625724929,167124850,7039080,4096
1625724929,167125924,7039088,4096
1625724929,167125924,7039096,4096
1625724929,167125924,7039104,4096
1625724929,167676629,7039112,4096
1625724929,167676629,7039120,4096
1625724929,167676629,7039128,4096
1625724929,167677703,7039136,4096
1625724929,167677703,7039144,4096
1625724929,167677703,7039152,2048
1625724929,269693481,45367552,4096
1625724929,269693481,45367560,4096
1625724929,269694555,45367568,4096
1625724929,269694555,45367576,4096
1625724929,270247407,45370208,4096
1625724929,270247407,45370216,4096
1625724929,270248481,45370224,4096
1625724929,270248481,45370232,4096
1625724929,270248481,45370240,4096
1625724929,270249554,45370248,4096
1625724929,270249554,45370256,4096
1625724929,270250628,45370264,4096
1625724929,270250628,45370272,4096
1625724929,270251701,45370280,4096
1625724929,270641382,45370288,4096
1625724929,270642455,45370296,4096
1625724929,270642455,45370304,4096
1625724929,270643529,45370312,4096
1625724929,270643529,45370320,4096
1625724929,270643529,45370328,4096
1625724929,270644602,45370336,4096
1625724929,270644602,45370344,4096
1625724929,270645676,45370352,4096
1625724929,270645676,45370360,4096
1625724929,271676236,45462432,4096
1625724929,271676236,45462440,4096
1625724929,271676236,45462448,4096
1625724929,271677309,45462456,4096
1625724929,271677309,45462464,4096
1625724929,271678383,45462472,4096
1625724929,271678383,45462480,4096
1625724929,271678383,45462488,4096
1625724929,271679456,45462496,4096
1625724929,271679456,45462504,4096
1625724929,271812570,45462512,4096
1625724929,271813644,45462520,4096
1625724929,271813644,45462528,4096
1625724929,271814717,45462536,4096
1625724929,271814717,45462544,4096
1625724929,271814717,45462552,4096
1625724929,271815791,45462560,4096
1625724929,271815791,45462568,4096
1625724929,271816864,45462576,4096
1625724929,271816864,45462584,4096
1625724929,272128179,45493248,4096
1625724929,272129253,45493256,4096
1625724929,272129253,45493264,4096
1625724929,272130326,45493272,4096
1625724929,272130326,45493280,4096
1625724929,272131400,45493288,4096
1625724929,272131400,45493296,4096
1625724929,272132473,45493304,4096
1625724929,272133547,45493312,4096
1625724929,272133547,45493320,4096
1625724929,273137269,45493328,4096
1625724929,273137269,45493336,4096
1625724929,273138343,45493344,4096
1625724929,273138343,45493352,4096
1625724929,273139416,45493360,4096
1625724929,273139416,45493368,4096
1625724929,273139416,45493376,4096
1625724929,273140490,45493384,4096
1625724929,273140490,45493392,4096
1625724929,273141563,45493400,4096
1625724929,273537685,45549568,4096
1625724929,273537685,45549576,4096
1625724929,273537685,45549584,4096
1625724929,273538758,45549592,4096
1625724929,273538758,45549600,4096
1625724929,273539832,45549608,4096
1625724929,273539832,45549616,4096
1625724929,273539832,45549624,4096
1625724929,273540905,45549632,4096
1625724929,273540905,45549640,4096
1625724929,273541979,45549648,4096
1625724929,273541979,45549656,4096
1625724929,273543052,45549664,4096
1625724929,273543052,45549672,4096
1625724929,273543052,45549680,4096
1625724929,273544126,45549688,4096
1625724929,273666505,45549696,4096
1625724929,273667578,45549704,4096
1625724929,273667578,45549712,4096
1625724929,273667578,45549720,4096
1625724929,273668652,45549728,4096
1625724929,273668652,45549736,4096
1625724929,273669725,45549744,4096
1625724929,273669725,45549752,4096
1625724929,273669725,45549760,4096
1625724929,273670799,45549768,4096
1625724929,273670799,45549776,4096
1625724929,273671872,45549784,4096
1625724929,273671872,45549792,4096
1625724929,273671872,45549800,4096
1625724929,273672946,45549808,4096
1625724929,273672946,45549816,4096
1625724929,274731417,45345952,4096
1625724929,274731417,45345960,4096
1625724929,274732490,45345968,4096
1625724929,274732490,45345976,4096
1625724929,274732490,45345984,4096
1625724929,274733564,45345992,4096
1625724929,274733564,45346000,4096
1625724929,274734637,45346008,4096
1625724929,274734637,45346016,4096
1625724929,274735711,45346024,4096
1625724929,274735711,45346032,4096
1625724929,274735711,45346040,4096
1625724929,274736784,45346048,4096
1625724929,274736784,45346056,4096
1625724929,274737858,45346064,4096
1625724929,274737858,45346072,4096
1625724929,274879560,45346080,4096
1625724929,274879560,45346088,4096
1625724929,274879560,45346096,4096
1625724929,274880633,45346104,4096
1625724929,274880633,45346112,4096
1625724929,274881707,45346120,4096
1625724929,274881707,45346128,4096
1625724929,274881707,45346136,4096
1625724929,274882780,45346144,4096
1625724929,274882780,45346152,4096
1625724929,274883854,45346160,4096
1625724929,274883854,45346168,4096
1625724929,274884927,45346176,4096
1625724929,274884927,45346184,4096
1625724929,274884927,45346192,4096
1625724929,274886001,45346200,4096
1625724929,275269240,45390656,4096
1625724929,275269240,45390664,4096
1625724929,275269240,45390672,4096
1625724929,275270314,45390680,4096
1625724929,275270314,45390688,4096
1625724929,275271387,45390696,4096
1625724929,275271387,45390704,4096
1625724929,275272461,45390712,4096
1625724929,275272461,45390720,4096
1625724929,275272461,45390728,4096
1625724929,275273534,45390736,4096
1625724929,275273534,45390744,4096
1625724929,275274608,45390752,4096
1625724929,275274608,45390760,4096
1625724929,275275681,45390768,4096
1625724929,275275681,45390776,4096
1625724929,275275681,45390784,4096
1625724929,275276755,45390792,4096
1625724929,275276755,45390800,4096
1625724929,275277828,45390808,4096
1625724929,276252566,45390816,4096
1625724929,276252566,45390824,4096
1625724929,276253640,45390832,4096
1625724929,276253640,45390840,4096
1625724929,276253640,45390848,4096
1625724929,276254713,45390856,4096
1625724929,276254713,45390864,4096
1625724929,276255787,45390872,4096
1625724929,276255787,45390880,4096
1625724929,276255787,45390888,4096
1625724929,276256860,45390896,4096
1625724929,276256860,45390904,4096
1625724929,276256860,45390912,4096
1625724929,276257934,45390920,4096
1625724929,276257934,45390928,4096
1625724929,276259007,45390936,4096
1625724929,276259007,45390944,4096
1625724929,276260081,45390952,4096
1625724929,276260081,45390960,4096
1625724929,276260081,45390968,4096
1625724929,284078381,6846992,4096
1625724929,286569975,45384640,4096
1625724929,286571048,45384648,4096
1625724929,286571048,45384656,4096
1625724929,286572122,45384664,4096
1625724929,286572122,45384672,4096
1625724929,286573195,45384680,4096
1625724929,286573195,45384688,4096
1625724929,286573195,45384696,4096
1625724929,286574269,45384704,4096
1625724929,286574269,45384712,4096
1625724929,286575342,45384720,4096
1625724929,286575342,45384728,4096
1625724929,286576416,45384736,4096
1625724929,286576416,45384744,4096
1625724929,286576416,45384752,4096
1625724929,286577489,45384760,4096
1625724929,286577489,45384768,4096
1625724929,286577489,45384776,4096
1625724929,286578563,45384784,4096
1625724929,286578563,45384792,4096
1625724929,286751396,45384800,4096
1625724929,286752470,45384808,4096
1625724929,286752470,45384816,4096
1625724929,286753543,45384824,4096
1625724929,286753543,45384832,4096
1625724929,286753543,45384840,4096
1625724929,286754617,45384848,4096
1625724929,286754617,45384856,4096
1625724929,286755690,45384864,4096
1625724929,286755690,45384872,4096
1625724929,286755690,45384880,4096
1625724929,286756764,45384888,4096
1625724929,286756764,45384896,4096
1625724929,286757837,45384904,4096
1625724929,286757837,45384912,4096
1625724929,286757837,45384920,4096
1625724929,286758911,45384928,4096
1625724929,286758911,45384936,4096
1625724929,286758911,45384944,4096
1625724929,286759984,45384952,4096
1625724929,353531684,2882016,4096
1625724929,353531684,2882024,4096
1625724929,353531684,2882032,4096
1625724929,353531684,2882040,4096
1625724929,354276693,2882048,4096
1625724929,354277767,2882056,4096
1625724929,354277767,2882064,4096
1625724929,354277767,2882072,4096
1625724929,354277767,2882080,4096
1625724929,354277767,2882088,4096
1625724929,354277767,2882096,4096
1625724929,354277767,2882104,4096
1625724929,354277767,2882112,4096
1625724929,354278840,2882120,4096
1625724929,354278840,2882128,4096
1625724929,354425910,2882136,4096
1625724929,354425910,2882144,4096
1625724929,354425910,2882152,4096
1625724929,354425910,2882160,4096
1625724929,354425910,2882168,4096
1625724929,354425910,2882176,4096
1625724929,354425910,2882184,4096
1625724929,354425910,2882192,4096
1625724929,354425910,2882200,4096
1625724929,354426983,2882208,4096
1625724929,354426983,2882216,4096
1625724929,718223251,1258608,4096
1625724929,718224325,1258616,4096
1625724929,718224325,1258624,512
1625724929,847877361,48936344,4096
1625724929,848425919,8039880,3072
1625724929,940768389,44743000,4096
1625724929,940768389,44743008,4096
1625724929,940768389,44743016,4096
1625724929,940768389,44743024,4096
1625724929,941389946,44743032,4096
1625724929,941391019,44743040,4096
1625724929,941391019,44743048,1536
1625724930,127042221,48936352,4096
1625724930,127868816,68874912,4096
1625724930,127868816,68874920,4096
1625724930,127868816,68874928,4096
1625724930,127868816,68874936,4096
1625724930,128559076,68874944,4096
1625724930,128559076,68874952,4096
1625724930,128559076,68874960,4096
1625724930,128559076,68874968,4096
1625724930,128559076,68874976,2560
1625724930,268437200,48936360,4096
1625724930,269114578,8108320,2048
1625724930,40185336,3084280,4096
1625724930,40186409,3084288,4096
1625724930,40186409,3084296,4096
1625724930,40186409,3084304,4096
1625724930,40726380,3084312,4096
1625724930,40727453,3084320,2560
1625724930,410127391,48936368,4096
1625724930,410841269,8723280,2048
1625724930,493730498,6847008,4096
1625724930,501621796,9167608,3072
1625724930,533945955,67582346,4096
1625724930,533947028,67582354,4096
1625724930,533947028,67582362,4096
1625724930,533947028,67582370,4096
1625724930,645687643,48936376,4096
1625724930,646571134,1862696,4096
1625724930,646572207,1862704,3072
1625724930,771638178,7016792,4096
1625724930,773427702,1874600,4096
1625724930,773428776,1874608,1024
1625724930,847655933,48936384,4096
1625724930,848456764,3388296,4096
1625724930,848456764,3388304,4096
1625724930,848456764,3388312,4096
1625724930,848456764,3388320,4096
1625724930,849353137,3388328,4096
1625724930,849353137,3388336,4096
1625724930,849353137,3388344,4096
1625724930,849353137,3388352,4096
1625724930,849353137,3388360,4096
1625724930,849353137,3388368,4096
1625724930,849353137,3388376,4096
1625724930,849353137,3388384,4096
1625724930,849354210,3388392,4096
1625724930,849354210,3388400,4096
1625724930,849354210,3388408,4096
1625724930,849354210,3388416,4096
1625724930,849354210,3388424,4096
1625724930,849354210,3388432,4096
1625724930,849445458,3388440,4096
1625724930,849445458,3388448,4096
1625724930,849445458,3388456,4096
1625724930,849446531,3388464,4096
1625724930,849446531,3388472,4096
1625724930,849446531,3388480,4096
1625724930,849446531,3388488,4096
1625724930,849446531,3388496,4096
1625724930,849446531,3388504,4096
1625724930,849446531,3388512,4096
1625724930,849446531,3388520,4096
1625724930,849446531,3388528,4096
1625724930,849446531,3388536,4096
1625724930,849447605,3388544,4096
1625724930,850161482,3388552,4096
1625724930,850161482,3388560,4096
1625724930,850161482,3388568,4096
1625724930,850161482,3388576,4096
1625724930,850161482,3388584,4096
1625724930,850161482,3388592,4096
1625724930,850162556,3388600,4096
1625724930,850162556,3388608,4096
1625724930,850162556,3388616,4096
1625724930,850162556,3388624,4096
1625724930,850162556,3388632,4096
1625724930,850162556,3388640,4096
1625724930,850162556,3388648,4096
1625724930,850162556,3388656,4096
1625724930,850162556,3388664,4096
1625724930,850163629,3388672,4096
1625724930,850959093,3388680,4096
1625724930,850959093,3388688,4096
1625724930,850959093,3388696,512
1625724930,976933244,6847016,4096
1625724931,1052632957,48936416,4096
1625724931,1053371525,1258800,4096
1625724931,1053372599,1258808,4096
1625724931,1053372599,1258816,1536
1625724931,246173597,48936400,4096
1625724931,246769389,9350112,2560
1625724931,253810476,45698592,4096
1625724931,253810476,45698600,4096
1625724931,253810476,45698608,4096
1625724931,253810476,45698616,4096
1625724931,253810476,45698624,4096
1625724931,253810476,45698632,4096
1625724931,253811549,45698640,4096
1625724931,253811549,45698648,4096
1625724931,253811549,45698656,4096
1625724931,253811549,45698664,4096
1625724931,253811549,45698672,4096
1625724931,253811549,45698680,4096
1625724931,253811549,45698688,4096
1625724931,253811549,45698696,4096
1625724931,253811549,45698704,4096
1625724931,253812623,45698712,4096
1625724931,253896356,45698752,4096
1625724931,253896356,45698760,4096
1625724931,253896356,45698768,4096
1625724931,253897429,45698776,4096
1625724931,253897429,45698784,4096
1625724931,253897429,45698792,4096
1625724931,253897429,45698800,4096
1625724931,253897429,45698808,4096
1625724931,259868236,45698816,4096
1625724931,259868236,45698824,4096
1625724931,259868236,45698832,4096
1625724931,259868236,45698840,4096
1625724931,259869310,45698848,4096
1625724931,259869310,45698856,4096
1625724931,259869310,45698864,4096
1625724931,259869310,45698872,4096
1625724931,260170963,45675168,4096
1625724931,260170963,45675176,4096
1625724931,260172037,45675184,4096
1625724931,260172037,45675192,4096
1625724931,266648462,45698880,4096
1625724931,266649536,45698888,4096
1625724931,266649536,45698896,4096
1625724931,266649536,45698904,4096
1625724931,266649536,45698912,4096
1625724931,266649536,45698920,4096
1625724931,266649536,45698928,4096
1625724931,266649536,45698936,4096
1625724931,267396692,45698944,4096
1625724931,267396692,45698952,4096
1625724931,267396692,45698960,4096
1625724931,267396692,45698968,4096
1625724931,267397765,45698976,4096
1625724931,267397765,45698984,4096
1625724931,267397765,45698992,4096
1625724931,267397765,45699000,4096
1625724931,267397765,45699008,4096
1625724931,267397765,45699016,4096
1625724931,267397765,45699024,4096
1625724931,267397765,45699032,4096
1625724931,267398839,45699040,4096
1625724931,267398839,45699048,4096
1625724931,267535173,45699056,4096
1625724931,267536247,45699064,4096
1625724931,267536247,45699072,4096
1625724931,267536247,45699080,4096
1625724931,267536247,45699088,4096
1625724931,267536247,45699096,4096
1625724931,267536247,45699104,4096
1625724931,267536247,45699112,4096
1625724931,267536247,45699120,4096
1625724931,267537320,45699128,4096
1625724931,267537320,45699136,4096
1625724931,267537320,45699144,4096
1625724931,267537320,45699152,4096
1625724931,267537320,45699160,4096
1625724931,272800691,45686976,4096
1625724931,272800691,45686984,4096
1625724931,272800691,45686992,4096
1625724931,272800691,45687000,4096
1625724931,279311468,45714496,4096
1625724931,279312542,45714504,4096
1625724931,279312542,45714512,4096
1625724931,279312542,45714520,4096
1625724931,279312542,45714528,4096
1625724931,279312542,45714536,4096
1625724931,279312542,45714544,4096
1625724931,279312542,45714552,4096
1625724931,279312542,45714560,4096
1625724931,279312542,45714568,4096
1625724931,279432774,45714576,4096
1625724931,279432774,45714584,4096
1625724931,279433847,45714592,4096
1625724931,279433847,45714600,4096
1625724931,279433847,45714608,4096
1625724931,279433847,45714616,4096
1625724931,279433847,45714624,4096
1625724931,279433847,45714632,4096
1625724931,279433847,45714640,4096
1625724931,279433847,45714648,4096
1625724931,279723692,45694816,4096
1625724931,279723692,45694824,4096
1625724931,279723692,45694832,4096
1625724931,279723692,45694840,4096
1625724931,279724766,45694848,4096
1625724931,279724766,45694856,4096
1625724931,279724766,45694864,4096
1625724931,279724766,45694872,4096
1625724931,279724766,45694880,4096
1625724931,279724766,45694888,4096
1625724931,279724766,45694896,4096
1625724931,279724766,45694904,4096
1625724931,280363498,45694912,4096
1625724931,280363498,45694920,4096
1625724931,280364572,45694928,4096
1625724931,280364572,45694936,4096
1625724931,280364572,45694944,4096
1625724931,280364572,45694952,4096
1625724931,280364572,45694960,4096
1625724931,280364572,45694968,4096
1625724931,280364572,45694976,4096
1625724931,280364572,45694984,4096
1625724931,280364572,45694992,4096
1625724931,280365645,45695000,4096
1625724931,280679107,45733472,4096
1625724931,280679107,45733480,4096
1625724931,280679107,45733488,4096
1625724931,280680181,45733496,4096
1625724931,280680181,45733504,4096
1625724931,280680181,45733512,4096
1625724931,280680181,45733520,4096
1625724931,280680181,45733528,4096
1625724931,280680181,45733536,4096
1625724931,280680181,45733544,4096
1625724931,280757473,45733552,4096
1625724931,280757473,45733560,4096
1625724931,280757473,45733568,4096
1625724931,280758546,45733576,4096
1625724931,280758546,45733584,4096
1625724931,280758546,45733592,4096
1625724931,280758546,45733600,4096
1625724931,280758546,45733608,4096
1625724931,280758546,45733616,4096
1625724931,280758546,45733624,4096
1625724931,287046036,2869056,4096
1625724931,287609623,2869339,1536
1625724931,292630383,2869336,1536
1625724931,293249792,2869250,4096
1625724931,293249792,2869258,4096
1625724931,293249792,2869266,4096
1625724931,293249792,2869274,4096
1625724931,293249792,2869282,4096
1625724931,293249792,2869290,4096
1625724931,293249792,2869298,4096
1625724931,293249792,2869306,3072
1625724931,293928244,2869058,4096
1625724931,293928244,2869066,4096
1625724931,293928244,2869074,4096
1625724931,293929318,2869082,4096
1625724931,293929318,2869090,4096
1625724931,293929318,2869098,4096
1625724931,293929318,2869106,4096
1625724931,293929318,2869114,4096
1625724931,294711899,2942160,4096
1625724931,295206783,2944422,4096
1625724931,295868059,2942376,4096
1625724931,295868059,2942384,4096
1625724931,295868059,2942392,4096
1625724931,295869132,2942400,4096
1625724931,298399372,2942300,4096
1625724931,298399372,2942308,4096
1625724931,298399372,2942316,4096
1625724931,298399372,2942324,4096
1625724931,298399372,2942332,4096
1625724931,298400445,2942340,4096
1625724931,298400445,2942348,4096
1625724931,298400445,2942356,3584
1625724931,299142234,2942164,4096
1625724931,299142234,2942172,4096
1625724931,299142234,2942180,4096
1625724931,299142234,2942188,4096
1625724931,299142234,2942196,4096
1625724931,299142234,2942204,4096
1625724931,299142234,2942212,4096
1625724931,299143307,2942220,4096
1625724931,299721924,2942364,1536
1625724931,300256527,2942236,4096
1625724931,300256527,2942244,4096
1625724931,300256527,2942252,4096
1625724931,300257600,2942260,4096
1625724931,300257600,2942268,4096
1625724931,300257600,2942276,4096
1625724931,300257600,2942284,4096
1625724931,300257600,2942292,4096
1625724931,300892039,2869186,4096
1625724931,300892039,2869194,4096
1625724931,300892039,2869202,4096
1625724931,300892039,2869210,4096
1625724931,300892039,2869218,4096
1625724931,300892039,2869226,4096
1625724931,300892039,2869234,4096
1625724931,300892039,2869242,4096
1625724931,301370820,2869312,3584
1625724931,302236061,2869122,4096
1625724931,302236061,2869130,4096
1625724931,302236061,2869138,4096
1625724931,302236061,2869146,4096
1625724931,302236061,2869154,4096
1625724931,302237134,2869162,4096
1625724931,302237134,2869170,4096
1625724931,302237134,2869178,4096
1625724931,315133090,2944392,4096
1625724931,315133090,2944400,4096
1625724931,315133090,2944408,4096
1625724931,315133090,2944416,3072
1625724931,315802954,480088,4096
1625724931,316232354,6832688,4096
1625724931,316903291,12224032,4096
1625724931,316903291,12224040,4096
1625724931,316903291,12224048,4096
1625724931,316903291,12224056,4096
1625724931,316903291,12224064,4096
1625724931,316903291,12224072,4096
1625724931,316904365,12224080,4096
1625724931,316904365,12224088,4096
1625724931,317717004,12224096,4096
1625724931,317718078,12224104,2560
1625724931,319019160,2632728,4096
1625724931,320505957,2635221,4096
1625724931,320505957,2635229,512
1625724931,321154351,2634529,4096
1625724931,321154351,2634537,4096
1625724931,321154351,2634545,4096
1625724931,321154351,2634553,4096
1625724931,322208528,2634243,4096
1625724931,322209602,2634251,4096
1625724931,322209602,2634259,4096
1625724931,322209602,2634267,4096
1625724931,322817203,2633955,4096
1625724931,322817203,2633963,4096
1625724931,322817203,2633971,4096
1625724931,322817203,2633979,4096
1625724931,323420510,2634275,4096
1625724931,323420510,2634283,4096
1625724931,323420510,2634291,4096
1625724931,323420510,2634299,4096
1625724931,324810692,2697272,4096
1625724931,325313090,2697433,2048
1625724931,325999057,2697430,1536
1625724931,326389811,9399928,4096
1625724931,326661406,2697362,4096
1625724931,326662480,2697370,4096
1625724931,326662480,2697378,4096
1625724931,326662480,2697386,4096
1625724931,326662480,2697394,4096
1625724931,326662480,2697402,4096
1625724931,326662480,2697410,4096
1625724931,326662480,2697418,512
1625724931,327377431,2697274,4096
1625724931,327377431,2697282,4096
1625724931,327378504,2697290,4096
1625724931,327378504,2697298,4096
1625724931,327378504,2697306,4096
1625724931,327378504,2697314,4096
1625724931,327378504,2697322,4096
1625724931,327378504,2697330,4096
1625724931,328181482,2697420,2560
1625724931,328865302,2632731,4096
1625724931,328865302,2632739,4096
1625724931,328865302,2632747,4096
1625724931,328865302,2632755,4096
1625724931,328865302,2632763,4096
1625724931,328865302,2632771,4096
1625724931,328865302,2632779,4096
1625724931,328865302,2632787,4096
1625724931,329412787,2634440,4096
1625724931,329412787,2634448,4096
1625724931,329412787,2634456,4096
1625724931,329412787,2634464,3072
1625724931,330055813,2633987,4096
1625724931,330055813,2633995,4096
1625724931,330055813,2634003,4096
1625724931,330056887,2634011,4096
1625724931,330697766,2792634,4096
1625724931,330697766,2792642,4096
1625724931,330697766,2792650,4096
1625724931,330697766,2792658,4096
1625724931,331401982,2792194,4096
1625724931,331401982,2792202,4096
1625724931,331401982,2792210,4096
1625724931,331401982,2792218,4096
1625724931,331401982,2792226,4096
1625724931,331403056,2792234,4096
1625724931,331403056,2792242,4096
1625724931,331403056,2792250,4096
1625724931,333758315,2632851,4096
1625724931,333758315,2632859,4096
1625724931,333759388,2632867,4096
1625724931,333759388,2632875,4096
1625724931,333759388,2632883,4096
1625724931,333759388,2632891,4096
1625724931,333759388,2632899,4096
1625724931,333759388,2632907,4096
1625724931,334594571,6813232,4096
1625724931,335111998,1019584,4096
1625724931,335585412,1019643,1024
1625724931,336092104,1019638,2560
1625724931,338330351,1019586,4096
1625724931,338330351,1019594,4096
1625724931,338330351,1019602,4096
1625724931,338331425,1019610,4096
1625724931,338331425,1019618,4096
1625724931,338331425,1019626,3584
1625724931,338846705,1019633,1024
1625724931,339387749,6830632,4096
1625724931,339876191,12175456,3584
1625724931,340666287,2381286,4096
1625724931,340666287,2381294,4096
1625724931,340666287,2381302,4096
1625724931,340666287,2381310,2048
1625724931,341211625,49176456,4096
1625724931,341826741,67995768,4096
1625724931,341826741,67995776,4096
1625724931,341826741,67995784,4096
1625724931,341826741,67995792,1536
1625724931,343180424,48243448,4096
1625724931,343913625,48243456,4096
1625724931,343913625,48243464,4096
1625724931,343913625,48243472,4096
1625724931,343913625,48243480,4096
1625724931,343913625,48243488,4096
1625724931,343913625,48243496,4096
1625724931,343913625,48243504,4096
1625724931,343913625,48243512,4096
1625724931,343914698,48243520,4096
1625724931,343914698,48243528,4096
1625724931,343914698,48243536,4096
1625724931,343914698,48243544,4096
1625724931,343914698,48243552,4096
1625724931,343914698,48243560,4096
1625724931,343914698,48243568,4096
1625724931,343914698,48243576,4096
1625724931,347210343,48243600,4096
1625724931,347970381,48243608,4096
1625724931,347970381,48243616,4096
1625724931,347971455,48243624,4096
1625724931,347971455,48243632,4096
1625724931,347971455,48243640,4096
1625724931,347971455,48243648,4096
1625724931,347971455,48243656,4096
1625724931,347971455,48243664,4096
1625724931,347971455,48243672,4096
1625724931,347971455,48243680,4096
1625724931,347972528,48243688,4096
1625724931,347972528,48243696,4096
1625724931,347972528,48243704,4096
1625724931,347972528,48243712,4096
1625724931,347972528,48243720,4096
1625724931,347972528,48243728,4096
1625724931,351392699,7492912,4096
1625724931,352218221,7492920,4096
1625724931,352218221,7492928,4096
1625724931,352218221,7492936,4096
1625724931,352219294,7492944,4096
1625724931,352219294,7492952,4096
1625724931,352219294,7492960,4096
1625724931,352219294,7492968,4096
1625724931,352219294,7492976,4096
1625724931,352219294,7492984,4096
1625724931,352219294,7492992,4096
1625724931,352219294,7493000,4096
1625724931,352219294,7493008,4096
1625724931,352220368,7493016,4096
1625724931,352220368,7493024,4096
1625724931,352220368,7493032,4096
1625724931,352220368,7493040,4096
1625724931,358177219,842952,4096
1625724931,358177219,842960,4096
1625724931,358177219,842968,4096
1625724931,358177219,842976,4096
1625724931,358177219,842984,4096
1625724931,358177219,842992,4096
1625724931,358178293,843000,4096
1625724931,358178293,843008,4096
1625724931,360690283,16301840,4096
1625724931,361732651,16301848,4096
1625724931,361732651,16301856,4096
1625724931,361733725,16301864,4096
1625724931,361733725,16301872,4096
1625724931,361733725,16301880,4096
1625724931,361733725,16301888,4096
1625724931,361733725,16301896,4096
1625724931,361733725,16301904,4096
1625724931,361733725,16301912,4096
1625724931,361733725,16301920,4096
1625724931,361734798,16301928,4096
1625724931,361734798,16301936,4096
1625724931,361734798,16301944,4096
1625724931,361734798,16301952,4096
1625724931,361734798,16301960,4096
1625724931,361734798,16301968,4096
1625724931,451233567,10528296,4096
1625724931,451234640,10528304,4096
1625724931,451235714,10528312,4096
1625724931,451235714,10528320,4096
1625724931,452093440,10528328,4096
1625724931,452093440,10528336,4096
1625724931,452094514,10528344,4096
1625724931,452094514,10528352,4096
1625724931,452095587,10528360,4096
1625724931,452095587,10528368,1024
1625724931,574901840,6847024,4096
1625724931,644404524,2881728,4096
1625724931,644404524,2881736,4096
1625724931,644404524,2881744,4096
1625724931,644404524,2881752,2560
1625724931,735238727,48936408,4096
1625724931,736065322,15836040,4096
1625724931,736066395,15836048,4096
1625724931,736066395,15836056,4096
1625724931,736066395,15836064,4096
1625724931,736746994,15836072,4096
1625724931,736746994,15836080,4096
1625724931,736746994,15836088,4096
1625724931,736748068,15836096,4096
1625724931,736748068,15836104,4096
1625724931,736748068,15836112,3072
1625724931,900429980,45317640,4096
1625724931,900431054,45317648,4096
1625724931,900431054,45317656,4096
1625724931,900431054,45317664,4096
1625724931,901000009,45317672,4096
1625724931,901000009,45317680,4096
1625724931,901000009,45317688,1536
1625724931,980507713,6847032,4096
1625724932,109903220,2892192,4096
1625724932,109903220,2892200,4096
1625724932,109903220,2892208,4096
1625724932,109903220,2892216,2560
1625724932,218166769,6847048,4096
1625724932,244143322,48936424,4096
1625724932,244897992,28187104,4096
1625724932,244897992,28187112,4096
1625724932,244897992,28187120,4096
1625724932,244897992,28187128,4096
1625724932,245527063,28187136,4096
1625724932,245528137,28187144,4096
1625724932,245528137,28187152,4096
1625724932,245528137,28187160,4096
1625724932,245528137,28187168,512
1625724932,367198627,6847056,4096
1625724932,406885922,15252240,4096
1625724932,406886995,15252248,4096
1625724932,406886995,15252256,4096
1625724932,406886995,15252264,4096
1625724932,407395834,15252272,2048
1625724932,530120501,48936432,4096
1625724932,530973934,3636192,4096
1625724932,530973934,3636200,4096
1625724932,530973934,3636208,4096
1625724932,530973934,3636216,3072
1625724932,608434473,6847888,4096
1625724932,686428542,1877576,4096
1625724932,686429616,1877584,4096
1625724932,741058957,6847896,4096
1625724932,762599808,48936440,4096
1625724932,763331935,9402208,3584
1625724932,971564098,9437144,3072
1625724933,162956377,1266552,4096
1625724933,162956377,1266560,4096
1625724933,162956377,1266568,1536
1625724933,22963389,3638240,4096
1625724933,22963389,3638248,4096
1625724933,22964463,3638256,4096
1625724933,22964463,3638264,2048
1625724933,265295279,45558368,4096
1625724933,265296353,45558376,4096
1625724933,265297426,45558384,4096
1625724933,265297426,45558392,4096
1625724933,265297426,45558400,4096
1625724933,265298500,45558408,4096
1625724933,265298500,45558416,4096
1625724933,265299573,45558424,4096
1625724933,265299573,45558432,4096
1625724933,265299573,45558440,4096
1625724933,265300647,45558448,4096
1625724933,265300647,45558456,4096
1625724933,265301720,45558464,4096
1625724933,265301720,45558472,4096
1625724933,265791236,45558480,4096
1625724933,265791236,45558488,4096
1625724933,265792310,45558496,4096
1625724933,265792310,45558504,4096
1625724933,265793383,45558512,4096
1625724933,265793383,45558520,4096
1625724933,265794457,45558528,4096
1625724933,265794457,45558536,4096
1625724933,265794457,45558544,4096
1625724933,265795530,45558552,4096
1625724933,265795530,45558560,4096
1625724933,265795530,45558568,4096
1625724933,265796604,45558576,4096
1625724933,265796604,45558584,4096
1625724933,267612966,45651776,4096
1625724933,267612966,45651784,4096
1625724933,267612966,45651792,4096
1625724933,267614039,45651800,4096
1625724933,267614039,45651808,4096
1625724933,267615113,45651816,4096
1625724933,267615113,45651824,4096
1625724933,267616186,45651832,4096
1625724933,267616186,45651840,4096
1625724933,267616186,45651848,4096
1625724933,267617260,45651856,4096
1625724933,267617260,45651864,4096
1625724933,269589279,45651872,4096
1625724933,269589279,45651880,4096
1625724933,269590353,45651888,4096
1625724933,269590353,45651896,4096
1625724933,269591426,45651904,4096
1625724933,269591426,45651912,4096
1625724933,269591426,45651920,4096
1625724933,269592500,45651928,4096
1625724933,269592500,45651936,4096
1625724933,269592500,45651944,4096
1625724933,269593573,45651952,4096
1625724933,269593573,45651960,4096
1625724933,269931726,44901120,4096
1625724933,269931726,44901128,4096
1625724933,269932799,44901136,4096
1625724933,269932799,44901144,4096
1625724933,269932799,44901152,4096
1625724933,269933873,44901160,4096
1625724933,269933873,44901168,4096
1625724933,269934946,44901176,4096
1625724933,269934946,44901184,4096
1625724933,269934946,44901192,4096
1625724933,269936020,44901200,4096
1625724933,269936020,44901208,4096
1625724933,269936020,44901216,4096
1625724933,269937093,44901224,4096
1625724933,270033708,44901232,4096
1625724933,270034782,44901240,4096
1625724933,270034782,44901248,4096
1625724933,270035855,44901256,4096
1625724933,270035855,44901264,4096
1625724933,270035855,44901272,4096
1625724933,270036929,44901280,4096
1625724933,270036929,44901288,4096
1625724933,270038002,44901296,4096
1625724933,270038002,44901304,4096
1625724933,270038002,44901312,4096
1625724933,270039076,44901320,4096
1625724933,270039076,44901328,4096
1625724933,270040149,44901336,4096
1625724933,283798125,6847904,4096
1625724933,291241774,27666272,4096
1625724933,291242848,27666280,4096
1625724933,291242848,27666288,4096
1625724933,291242848,27666296,4096
1625724933,291393138,45593248,4096
1625724933,291393138,45593256,4096
1625724933,291394211,45593264,4096
1625724933,291394211,45593272,4096
1625724933,291640043,28268544,4096
1625724933,291640043,28268552,4096
1625724933,291641116,28268560,4096
1625724933,291641116,28268568,4096
1625724933,291641116,28268576,4096
1625724933,291641116,28268584,4096
1625724933,291642190,28268592,4096
1625724933,291642190,28268600,4096
1625724933,291924520,45593312,4096
1625724933,291924520,45593320,4096
1625724933,291924520,45593328,4096
1625724933,291925594,45593336,4096
1625724933,292376464,28333056,4096
1625724933,292376464,28333064,4096
1625724933,292376464,28333072,4096
1625724933,292376464,28333080,4096
1625724933,292377537,28333088,4096
1625724933,292377537,28333096,4096
1625724933,292377537,28333104,4096
1625724933,292377537,28333112,4096
1625724933,292655574,45593376,4096
1625724933,292656647,45593384,4096
1625724933,292656647,45593392,4096
1625724933,292656647,45593400,4096
1625724933,323472538,48936448,4096
1625724933,324106977,1884672,4096
1625724933,324108050,1884680,1536
1625724933,327371490,45568448,4096
1625724933,327371490,45568456,4096
1625724933,327371490,45568464,4096
1625724933,327371490,45568472,4096
1625724933,327372564,45568480,4096
1625724933,327372564,45568488,4096
1625724933,327372564,45568496,4096
1625724933,327372564,45568504,4096
1625724933,327372564,45568512,4096
1625724933,327372564,45568520,4096
1625724933,327372564,45568528,4096
1625724933,327372564,45568536,4096
1625724933,327372564,45568544,4096
1625724933,327373637,45568552,4096
1625724933,327373637,45568560,4096
1625724933,327373637,45568568,4096
1625724933,413727051,68865184,4096
1625724933,413727051,68865192,4096
1625724933,413727051,68865200,4096
1625724933,413728124,68865208,4096
1625724933,414257360,68865216,4096
1625724933,414257360,68865224,4096
1625724933,414257360,68865232,4096
1625724933,414257360,68865240,1024
1625724933,594772826,7016800,4096
1625724933,595837738,28341936,4096
1625724933,595838811,28341944,4096
1625724933,595838811,28341952,4096
1625724933,595838811,28341960,4096
1625724933,596545174,28341968,4096
1625724933,596545174,28341976,4096
1625724933,596545174,28341984,4096
1625724933,596546248,28341992,4096
1625724933,596546248,28342000,4096
1625724933,596546248,28342008,1024
1625724933,779936547,48936456,4096
1625724933,780736304,63049472,4096
1625724933,780736304,63049480,4096
1625724933,780736304,63049488,4096
1625724933,780736304,63049496,4096
1625724933,781569340,63049504,4096
1625724933,781569340,63049512,4096
1625724933,781569340,63049520,4096
1625724933,781569340,63049528,4096
1625724933,781569340,63049536,4096
1625724933,781569340,63049544,4096
1625724933,781569340,63049552,4096
1625724933,781569340,63049560,4096
1625724933,781570414,63049568,4096
1625724933,781570414,63049576,4096
1625724933,781570414,63049584,4096
1625724933,781570414,63049592,4096
1625724933,781570414,63049600,4096
1625724933,781570414,63049608,4096
1625724933,781665955,63049616,4096
1625724933,781665955,63049624,4096
1625724933,781665955,63049632,4096
1625724933,781665955,63049640,4096
1625724933,781665955,63049648,4096
1625724933,781665955,63049656,4096
1625724933,781665955,63049664,4096
1625724933,781665955,63049672,4096
1625724933,781667029,63049680,4096
1625724933,781667029,63049688,4096
1625724933,781667029,63049696,4096
1625724933,781667029,63049704,4096
1625724933,781667029,63049712,4096
1625724933,781667029,63049720,4096
1625724933,782402376,63049728,4096
1625724933,782403450,63049736,4096
1625724933,782403450,63049744,4096
1625724933,782403450,63049752,4096
1625724933,782403450,63049760,4096
1625724933,782403450,63049768,4096
1625724933,782403450,63049776,4096
1625724933,782403450,63049784,4096
1625724933,782403450,63049792,4096
1625724933,782403450,63049800,4096
1625724933,782404523,63049808,4096
1625724933,782404523,63049816,4096
1625724933,782404523,63049824,4096
1625724933,782404523,63049832,4096
1625724933,782404523,63049840,4096
1625724933,782404523,63049848,4096
1625724933,783294455,63049856,4096
1625724933,783294455,63049864,4096
1625724933,783294455,63049872,4096
1625724933,783294455,63049880,4096
1625724933,783294455,63049888,4096
1625724933,783294455,63049896,4096
1625724933,783294455,63049904,4096
1625724933,783295528,63049912,4096
1625724933,783295528,63049920,4096
1625724933,783295528,63049928,4096
1625724933,783295528,63049936,4096
1625724933,783295528,63049944,4096
1625724933,783295528,63049952,4096
1625724933,783295528,63049960,4096
1625724933,783295528,63049968,4096
1625724933,783295528,63049976,4096
1625724933,783409319,63049984,4096
1625724933,783409319,63049992,4096
1625724933,783409319,63050000,4096
1625724933,783409319,63050008,4096
1625724933,783409319,63050016,4096
1625724933,783409319,63050024,4096
1625724933,783409319,63050032,4096
1625724933,783410393,63050040,4096
1625724933,783410393,63050048,4096
1625724933,783410393,63050056,4096
1625724933,783410393,63050064,4096
1625724933,783410393,63050072,4096
1625724933,783410393,63050080,4096
1625724933,783410393,63050088,4096
1625724933,783410393,63050096,4096
1625724933,783410393,63050104,4096
1625724933,788300185,63050112,4096
1625724933,788300185,63050120,4096
1625724933,788300185,63050128,4096
1625724933,788300185,63050136,4096
1625724933,788300185,63050144,4096
1625724933,788300185,63050152,4096
1625724933,788300185,63050160,4096
1625724933,788300185,63050168,4096
1625724933,788301259,63050176,4096
1625724933,788301259,63050184,4096
1625724933,788301259,63050192,4096
1625724933,788301259,63050200,4096
1625724933,788301259,63050208,4096
1625724933,788301259,63050216,4096
1625724933,788301259,63050224,4096
1625724933,788301259,63050232,4096
1625724933,788425785,63050240,4096
1625724933,788425785,63050248,4096
1625724933,788425785,63050256,4096
1625724933,788426858,63050264,4096
1625724933,788426858,63050272,4096
1625724933,788426858,63050280,4096
1625724933,788426858,63050288,4096
1625724933,788426858,63050296,4096
1625724933,788426858,63050304,4096
1625724933,788426858,63050312,4096
1625724933,788426858,63050320,4096
1625724933,788426858,63050328,4096
1625724933,788427932,63050336,4096
1625724933,788427932,63050344,4096
1625724933,788427932,63050352,4096
1625724933,788427932,63050360,4096
1625724933,793316651,63050368,4096
1625724933,793317724,63050376,4096
1625724933,793317724,63050384,4096
1625724933,793317724,63050392,4096
1625724933,793317724,63050400,4096
1625724933,793317724,63050408,4096
1625724933,793317724,63050416,4096
1625724933,793317724,63050424,4096
1625724933,793317724,63050432,4096
1625724933,793317724,63050440,4096
1625724933,793318798,63050448,4096
1625724933,793318798,63050456,4096
1625724933,793318798,63050464,4096
1625724933,793318798,63050472,4096
1625724933,793318798,63050480,4096
1625724933,793318798,63050488,4096
1625724933,793443324,63050496,4096
1625724933,793443324,63050504,4096
1625724933,793443324,63050512,4096
1625724933,793443324,63050520,4096
1625724933,793443324,63050528,4096
1625724933,793443324,63050536,4096
1625724933,793443324,63050544,4096
1625724933,793444397,63050552,4096
1625724933,793444397,63050560,4096
1625724933,793444397,63050568,4096
1625724933,793444397,63050576,4096
1625724933,793444397,63050584,4096
1625724933,793444397,63050592,4096
1625724933,793444397,63050600,4096
1625724933,793444397,63050608,4096
1625724933,793444397,63050616,4096
1625724933,798371762,63050624,4096
1625724933,798371762,63050632,4096
1625724933,798371762,63050640,4096
1625724933,798371762,63050648,4096
1625724933,798371762,63050656,4096
1625724933,798371762,63050664,4096
1625724933,798371762,63050672,4096
1625724933,798371762,63050680,4096
1625724933,798372836,63050688,4096
1625724933,798372836,63050696,4096
1625724933,798372836,63050704,4096
1625724933,798372836,63050712,4096
1625724933,798372836,63050720,4096
1625724933,798372836,63050728,4096
1625724933,798372836,63050736,4096
1625724933,798372836,63050744,4096
1625724933,798497362,63050752,4096
1625724933,798497362,63050760,4096
1625724933,798497362,63050768,4096
1625724933,798497362,63050776,4096
1625724933,798497362,63050784,4096
1625724933,798498435,63050792,4096
1625724933,798498435,63050800,4096
1625724933,798498435,63050808,4096
1625724933,798498435,63050816,4096
1625724933,798498435,63050824,4096
1625724933,798498435,63050832,4096
1625724933,798498435,63050840,4096
1625724933,798498435,63050848,4096
1625724933,798498435,63050856,4096
1625724933,798499509,63050864,4096
1625724933,798499509,63050872,4096
1625724933,804049504,63050880,4096
1625724933,804050577,63050888,4096
1625724933,804050577,63050896,4096
1625724933,804050577,63050904,4096
1625724933,804050577,63050912,4096
1625724933,804050577,63050920,4096
1625724933,804050577,63050928,4096
1625724933,804050577,63050936,4096
1625724933,804051651,63050944,4096
1625724933,804051651,63050952,4096
1625724933,804051651,63050960,4096
1625724933,804051651,63050968,4096
1625724933,804051651,63050976,4096
1625724933,804051651,63050984,4096
1625724933,804051651,63050992,4096
1625724933,804051651,63051000,4096
1625724933,804169736,63051008,4096
1625724933,804170809,63051016,4096
1625724933,804170809,63051024,4096
1625724933,804170809,63051032,4096
1625724933,804170809,63051040,4096
1625724933,804170809,63051048,4096
1625724933,804170809,63051056,4096
1625724933,804170809,63051064,4096
1625724933,804170809,63051072,4096
1625724933,804170809,63051080,4096
1625724933,804171883,63051088,4096
1625724933,804171883,63051096,4096
1625724933,804171883,63051104,4096
1625724933,804171883,63051112,4096
1625724933,804171883,63051120,4096
1625724933,804171883,63051128,4096
1625724933,808590409,63051136,4096
1625724933,808590409,63051144,4096
1625724933,808590409,63051152,4096
1625724933,808590409,63051160,4096
1625724933,808591482,63051168,4096
1625724933,808591482,63051176,4096
1625724933,808591482,63051184,4096
1625724933,808591482,63051192,4096
1625724933,808591482,63051200,4096
1625724933,808591482,63051208,4096
1625724933,808591482,63051216,4096
1625724933,808591482,63051224,4096
1625724933,808591482,63051232,4096
1625724933,808592556,63051240,4096
1625724933,808592556,63051248,4096
1625724933,808592556,63051256,4096
1625724933,808716008,63051264,4096
1625724933,808716008,63051272,4096
1625724933,808716008,63051280,4096
1625724933,808716008,63051288,4096
1625724933,808716008,63051296,4096
1625724933,808716008,63051304,4096
1625724933,808716008,63051312,4096
1625724933,808717082,63051320,4096
1625724933,808717082,63051328,4096
1625724933,808717082,63051336,4096
1625724933,808717082,63051344,4096
1625724933,808717082,63051352,4096
1625724933,808717082,63051360,4096
1625724933,808717082,63051368,4096
1625724933,808717082,63051376,4096
1625724933,808717082,63051384,4096
1625724933,812963848,63051392,4096
1625724933,812963848,63051400,4096
1625724933,812963848,63051408,4096
1625724933,812963848,63051416,4096
1625724933,812963848,63051424,4096
1625724933,812963848,63051432,4096
1625724933,812964921,63051440,4096
1625724933,812964921,63051448,4096
1625724933,812964921,63051456,4096
1625724933,812964921,63051464,4096
1625724933,812964921,63051472,4096
1625724933,812964921,63051480,4096
1625724933,812964921,63051488,4096
1625724933,812964921,63051496,4096
1625724933,812964921,63051504,4096
1625724933,812965995,63051512,4096
1625724933,813089447,63051520,4096
1625724933,813089447,63051528,4096
1625724933,813089447,63051536,4096
1625724933,813089447,63051544,4096
1625724933,813089447,63051552,4096
1625724933,813089447,63051560,4096
1625724933,813089447,63051568,4096
1625724933,813089447,63051576,4096
1625724933,813089447,63051584,4096
1625724933,813090521,63051592,4096
1625724933,813090521,63051600,4096
1625724933,813090521,63051608,4096
1625724933,813090521,63051616,4096
1625724933,813090521,63051624,4096
1625724933,813090521,63051632,4096
1625724933,813090521,63051640,4096
1625724933,817520855,63051648,4096
1625724933,817521929,63051656,4096
1625724933,817521929,63051664,4096
1625724933,817521929,63051672,4096
1625724933,817521929,63051680,4096
1625724933,817521929,63051688,4096
1625724933,817521929,63051696,4096
1625724933,817521929,63051704,4096
1625724933,817521929,63051712,4096
1625724933,817521929,63051720,4096
1625724933,817523002,63051728,4096
1625724933,817523002,63051736,4096
1625724933,817523002,63051744,4096
1625724933,817523002,63051752,4096
1625724933,817523002,63051760,4096
1625724933,817523002,63051768,4096
1625724933,817642161,63051776,4096
1625724933,817642161,63051784,4096
1625724933,817642161,63051792,4096
1625724933,817642161,63051800,4096
1625724933,817642161,63051808,4096
1625724933,817642161,63051816,4096
1625724933,817642161,63051824,4096
1625724933,817643234,63051832,4096
1625724933,817643234,63051840,4096
1625724933,817643234,63051848,4096
1625724933,817643234,63051856,4096
1625724933,817643234,63051864,4096
1625724933,817643234,63051872,4096
1625724933,817643234,63051880,4096
1625724933,817643234,63051888,4096
1625724933,817643234,63051896,4096
1625724933,822416015,63051904,4096
1625724933,822416015,63051912,4096
1625724933,822416015,63051920,4096
1625724933,822416015,63051928,4096
1625724933,822416015,63051936,4096
1625724933,822417089,63051944,4096
1625724933,822417089,63051952,4096
1625724933,822417089,63051960,4096
1625724933,822417089,63051968,4096
1625724933,822417089,63051976,4096
1625724933,822417089,63051984,4096
1625724933,822417089,63051992,4096
1625724933,822417089,63052000,4096
1625724933,822417089,63052008,4096
1625724933,822418162,63052016,4096
1625724933,822418162,63052024,4096
1625724933,822533027,63052032,4096
1625724933,822533027,63052040,4096
1625724933,822534100,63052048,4096
1625724933,822534100,63052056,4096
1625724933,822534100,63052064,4096
1625724933,822534100,63052072,4096
1625724933,822534100,63052080,4096
1625724933,822534100,63052088,4096
1625724933,822534100,63052096,4096
1625724933,822534100,63052104,4096
1625724933,822534100,63052112,4096
1625724933,822535174,63052120,4096
1625724933,822535174,63052128,4096
1625724933,822535174,63052136,4096
1625724933,822535174,63052144,4096
1625724933,822535174,63052152,4096
1625724933,826864599,63052160,4096
1625724933,826865673,63052168,4096
1625724933,826865673,63052176,4096
1625724933,826865673,63052184,4096
1625724933,826865673,63052192,4096
1625724933,826865673,63052200,4096
1625724933,826865673,63052208,4096
1625724933,826865673,63052216,4096
1625724933,826865673,63052224,4096
1625724933,826866746,63052232,4096
1625724933,826866746,63052240,4096
1625724933,826866746,63052248,4096
1625724933,826866746,63052256,4096
1625724933,826866746,63052264,4096
1625724933,826866746,63052272,4096
1625724933,826866746,63052280,4096
1625724933,826980537,63052288,4096
1625724933,826981611,63052296,4096
1625724933,826981611,63052304,4096
1625724933,826981611,63052312,4096
1625724933,826981611,63052320,4096
1625724933,826981611,63052328,4096
1625724933,826981611,63052336,4096
1625724933,826981611,63052344,4096
1625724933,826981611,63052352,4096
1625724933,826981611,63052360,4096
1625724933,826982684,63052368,4096
1625724933,826982684,63052376,4096
1625724933,826982684,63052384,4096
1625724933,826982684,63052392,4096
1625724933,826982684,63052400,4096
1625724933,826982684,63052408,4096
1625724933,831349682,63052416,4096
1625724933,831349682,63052424,4096
1625724933,831349682,63052432,4096
1625724933,831349682,63052440,4096
1625724933,831350756,63052448,4096
1625724933,831350756,63052456,4096
1625724933,831350756,63052464,4096
1625724933,831350756,63052472,4096
1625724933,831350756,63052480,4096
1625724933,831350756,63052488,4096
1625724933,831350756,63052496,4096
1625724933,831350756,63052504,4096
1625724933,831350756,63052512,4096
1625724933,831351829,63052520,4096
1625724933,831351829,63052528,4096
1625724933,831351829,63052536,4096
1625724933,831475282,63052544,4096
1625724933,831475282,63052552,4096
1625724933,831476355,63052560,4096
1625724933,831476355,63052568,4096
1625724933,831476355,63052576,4096
1625724933,831476355,63052584,4096
1625724933,831476355,63052592,4096
1625724933,831476355,63052600,4096
1625724933,831476355,63052608,4096
1625724933,831476355,63052616,4096
1625724933,831476355,63052624,4096
1625724933,831477429,63052632,4096
1625724933,831477429,63052640,4096
1625724933,831477429,63052648,4096
1625724933,831477429,63052656,4096
1625724933,831477429,63052664,4096
1625724933,836116022,63052672,4096
1625724933,836116022,63052680,4096
1625724933,836116022,63052688,4096
1625724933,836116022,63052696,4096
1625724933,836116022,63052704,4096
1625724933,836116022,63052712,4096
1625724933,836116022,63052720,4096
1625724933,836116022,63052728,4096
1625724933,836117096,63052736,4096
1625724933,836117096,63052744,4096
1625724933,836117096,63052752,4096
1625724933,836117096,63052760,4096
1625724933,836117096,63052768,4096
1625724933,836117096,63052776,4096
1625724933,836117096,63052784,4096
1625724933,836117096,63052792,4096
1625724933,836233034,63052800,4096
1625724933,836233034,63052808,4096
1625724933,836233034,63052816,4096
1625724933,836233034,63052824,4096
1625724933,836233034,63052832,4096
1625724933,836234107,63052840,4096
1625724933,836234107,63052848,4096
1625724933,836234107,63052856,4096
1625724933,836234107,63052864,4096
1625724933,836234107,63052872,4096
1625724933,836234107,63052880,4096
1625724933,836234107,63052888,4096
1625724933,836234107,63052896,4096
1625724933,836234107,63052904,4096
1625724933,836235181,63052912,4096
1625724933,836235181,63052920,4096
1625724933,840507711,63052928,4096
1625724933,840507711,63052936,4096
1625724933,840507711,63052944,4096
1625724933,840507711,63052952,4096
1625724933,840507711,63052960,4096
1625724933,840507711,63052968,4096
1625724933,840508784,63052976,4096
1625724933,840508784,63052984,4096
1625724933,840508784,63052992,4096
1625724933,840508784,63053000,4096
1625724933,840508784,63053008,4096
1625724933,840508784,63053016,4096
1625724933,840508784,63053024,4096
1625724933,840508784,63053032,4096
1625724933,840508784,63053040,4096
1625724933,840509858,63053048,4096
1625724933,840624722,63053056,4096
1625724933,840624722,63053064,4096
1625724933,840624722,63053072,4096
1625724933,840624722,63053080,4096
1625724933,840624722,63053088,4096
1625724933,840624722,63053096,4096
1625724933,840624722,63053104,4096
1625724933,840624722,63053112,4096
1625724933,840624722,63053120,4096
1625724933,840625796,63053128,4096
1625724933,840625796,63053136,4096
1625724933,840625796,63053144,4096
1625724933,840625796,63053152,4096
1625724933,840625796,63053160,4096
1625724933,840625796,63053168,4096
1625724933,840625796,63053176,4096
1625724933,844808152,63053184,4096
1625724933,844808152,63053192,4096
1625724933,844808152,63053200,2048
1625724934,355830762,6847912,4096
1625724934,899606820,66831126,4096
1625724934,899607893,66831134,4096
1625724934,899607893,66831142,4096
1625724934,899607893,66831150,4096
1625724935,1031772633,1894456,4096
1625724935,1031772633,1894464,3072
1625724935,261497737,28434272,4096
1625724935,261497737,28434280,4096
1625724935,261497737,28434288,4096
1625724935,261498810,28434296,4096
1625724935,261498810,28434304,4096
1625724935,261498810,28434312,4096
1625724935,261498810,28434320,4096
1625724935,261498810,28434328,4096
1625724935,261598646,45593440,4096
1625724935,261598646,45593448,4096
1625724935,261598646,45593456,4096
1625724935,261599719,45593464,4096
1625724935,261599719,45593472,4096
1625724935,261599719,45593480,4096
1625724935,261599719,45593488,4096
1625724935,261599719,45593496,4096
1625724935,261599719,45593504,4096
1625724935,261599719,45593512,4096
1625724935,261599719,45593520,4096
1625724935,261599719,45593528,4096
1625724935,261770406,45715232,4096
1625724935,261770406,45715240,4096
1625724935,261770406,45715248,4096
1625724935,261770406,45715256,4096
1625724935,261770406,45715264,4096
1625724935,261771479,45715272,4096
1625724935,261771479,45715280,4096
1625724935,261771479,45715288,4096
1625724935,261771479,45715296,4096
1625724935,261771479,45715304,4096
1625724935,261771479,45715312,4096
1625724935,261771479,45715320,4096
1625724935,261771479,45715328,4096
1625724935,261771479,45715336,4096
1625724935,261772553,45715344,4096
1625724935,261772553,45715352,4096
1625724935,261894932,45715360,4096
1625724935,261894932,45715368,4096
1625724935,261894932,45715376,4096
1625724935,261896005,45715384,4096
1625724935,261896005,45715392,4096
1625724935,261896005,45715400,4096
1625724935,261896005,45715408,4096
1625724935,261896005,45715416,4096
1625724935,261896005,45715424,4096
1625724935,261896005,45715432,4096
1625724935,261896005,45715440,4096
1625724935,261897079,45715448,4096
1625724935,261897079,45715456,4096
1625724935,261897079,45715464,4096
1625724935,261897079,45715472,4096
1625724935,261897079,45715480,4096
1625724935,262018384,60069600,4096
1625724935,262018384,60069608,4096
1625724935,262019458,60069616,4096
1625724935,262019458,60069624,4096
1625724935,262019458,60069632,4096
1625724935,262019458,60069640,4096
1625724935,262019458,60069648,4096
1625724935,262019458,60069656,4096
1625724935,262019458,60069664,4096
1625724935,262019458,60069672,4096
1625724935,262019458,60069680,4096
1625724935,262020531,60069688,4096
1625724935,262020531,60069696,4096
1625724935,262020531,60069704,4096
1625724935,262020531,60069712,4096
1625724935,262020531,60069720,4096
1625724935,262139690,60069728,4096
1625724935,262139690,60069736,4096
1625724935,262139690,60069744,4096
1625724935,262139690,60069752,4096
1625724935,262139690,60069760,4096
1625724935,262139690,60069768,4096
1625724935,262140763,60069776,4096
1625724935,262140763,60069784,4096
1625724935,262140763,60069792,4096
1625724935,262140763,60069800,4096
1625724935,262140763,60069808,4096
1625724935,262140763,60069816,4096
1625724935,262140763,60069824,4096
1625724935,262140763,60069832,4096
1625724935,262141837,60069840,4096
1625724935,262141837,60069848,4096
1625724935,262235231,44981728,4096
1625724935,262236305,44981736,4096
1625724935,262236305,44981744,4096
1625724935,262236305,44981752,4096
1625724935,262236305,44981760,4096
1625724935,262236305,44981768,4096
1625724935,262236305,44981776,4096
1625724935,262236305,44981784,4096
1625724935,262236305,44981792,4096
1625724935,262236305,44981800,4096
1625724935,262313597,44981952,4096
1625724935,262313597,44981960,4096
1625724935,262313597,44981968,4096
1625724935,262313597,44981976,4096
1625724935,262313597,44981984,4096
1625724935,262313597,44981992,4096
1625724935,262313597,44982000,4096
1625724935,262314670,44982008,4096
1625724935,262314670,44982016,4096
1625724935,262314670,44982024,4096
1625724935,262314670,44982032,4096
1625724935,262314670,44982040,4096
1625724935,262400550,44981808,4096
1625724935,262401624,44981816,4096
1625724935,262401624,44981824,4096
1625724935,262401624,44981832,4096
1625724935,262401624,44981840,4096
1625724935,262401624,44981848,4096
1625724935,262401624,44981856,4096
1625724935,262401624,44981864,4096
1625724935,262401624,44981872,4096
1625724935,262401624,44981880,4096
1625724935,262843906,44982048,4096
1625724935,262843906,44982056,4096
1625724935,262844979,44982064,4096
1625724935,262844979,44982072,4096
1625724935,262844979,44982080,4096
1625724935,262844979,44982088,4096
1625724935,262844979,44982096,4096
1625724935,262844979,44982104,4096
1625724935,262844979,44982112,4096
1625724935,262844979,44982120,4096
1625724935,262846053,44982128,4096
1625724935,262846053,44982136,4096
1625724935,277011959,44937600,4096
1625724935,277013032,44937608,4096
1625724935,277013032,44937616,4096
1625724935,277013032,44937624,4096
1625724935,277013032,44937632,4096
1625724935,277013032,44937640,4096
1625724935,277013032,44937648,4096
1625724935,277013032,44937656,4096
1625724935,277013032,44937664,4096
1625724935,277013032,44937672,4096
1625724935,277014106,44937680,4096
1625724935,277014106,44937688,4096
1625724935,277014106,44937696,4096
1625724935,277014106,44937704,4096
1625724935,277014106,44937712,4096
1625724935,277014106,44937720,4096
1625724935,277014106,44937728,4096
1625724935,277014106,44937736,4096
1625724935,277188013,44937744,4096
1625724935,277188013,44937752,4096
1625724935,277188013,44937760,4096
1625724935,277188013,44937768,4096
1625724935,277188013,44937776,4096
1625724935,277188013,44937784,4096
1625724935,277188013,44937792,4096
1625724935,277188013,44937800,4096
1625724935,277189086,44937808,4096
1625724935,277189086,44937816,4096
1625724935,277189086,44937824,4096
1625724935,277189086,44937832,4096
1625724935,277189086,44937840,4096
1625724935,277189086,44937848,4096
1625724935,277189086,44937856,4096
1625724935,277189086,44937864,4096
1625724935,277189086,44937872,4096
1625724935,277190160,44937880,4096
1625724935,277252423,56672320,4096
1625724935,277252423,56672328,4096
1625724935,277252423,56672336,4096
1625724935,277252423,56672344,4096
1625724935,277253496,56672352,4096
1625724935,277253496,56672360,4096
1625724935,277253496,56672368,4096
1625724935,277253496,56672376,4096
1625724935,277316833,44966080,4096
1625724935,277316833,44966088,4096
1625724935,277316833,44966096,4096
1625724935,277316833,44966104,4096
1625724935,277316833,44966112,4096
1625724935,277317906,44966120,4096
1625724935,277317906,44966128,4096
1625724935,277317906,44966136,4096
1625724935,277343670,60472352,4096
1625724935,277343670,60472360,4096
1625724935,277343670,60472368,4096
1625724935,277343670,60472376,4096
1625724935,277390904,60475904,4096
1625724935,277390904,60475912,4096
1625724935,277390904,60475920,4096
1625724935,277390904,60475928,4096
1625724935,277428477,60435168,4096
1625724935,277428477,60435176,4096
1625724935,277428477,60435184,4096
1625724935,277428477,60435192,4096
1625724935,290952430,60478880,4096
1625724935,290953503,60478888,4096
1625724935,290953503,60478896,4096
1625724935,290953503,60478904,4096
1625724935,290990002,61298560,4096
1625724935,290990002,61298568,4096
1625724935,290990002,61298576,4096
1625724935,290990002,61298584,4096
1625724935,291243348,61409984,4096
1625724935,291243348,61409992,4096
1625724935,291243348,61410000,4096
1625724935,291243348,61410008,4096
1625724935,291821965,44966208,4096
1625724935,291821965,44966216,4096
1625724935,291821965,44966224,4096
1625724935,291823038,44966232,4096
1625724935,761622064,48936472,4096
1625724935,762248988,1270592,4096
1625724935,762248988,1270600,4096
1625724935,762248988,1270608,512
1625724935,889661629,9437264,3072
1625724936,1038370077,48936488,4096
1625724936,1039676527,68868608,4096
1625724936,1039677600,68868616,4096
1625724936,1039677600,68868624,4096
1625724936,1039678674,68868632,4096
1625724936,1040670588,68868640,4096
1625724936,1040671661,68868648,4096
1625724936,1040671661,68868656,4096
1625724936,1040672735,68868664,1536
1625724936,132851357,48936480,4096
1625724936,133639306,2565136,4096
1625724936,133639306,2565144,4096
1625724936,133639306,2565152,4096
1625724936,133639306,2565160,4096
1625724936,134390756,2565168,4096
1625724936,134391830,2565176,4096
1625724936,134391830,2565184,4096
1625724936,134391830,2565192,4096
1625724936,134391830,2565200,4096
1625724936,134391830,2565208,4096
1625724936,134391830,2565216,4096
1625724936,263250476,6847920,4096
1625724936,263989044,45662912,4096
1625724936,263990117,45662920,4096
1625724936,263990117,45662928,4096
1625724936,263990117,45662936,4096
1625724936,263990117,45662944,4096
1625724936,263990117,45662952,4096
1625724936,263990117,45662960,4096
1625724936,263991191,45662968,4096
1625724936,263991191,45662976,4096
1625724936,263991191,45662984,4096
1625724936,263991191,45662992,4096
1625724936,263991191,45663000,4096
1625724936,343723256,62484080,4096
1625724936,343723256,62484088,4096
1625724936,343723256,62484096,4096
1625724936,343724330,62484104,4096
1625724936,344494029,62484112,4096
1625724936,344494029,62484120,4096
1625724936,344495103,62484128,4096
1625724936,344495103,62484136,4096
1625724936,344495103,62484144,4096
1625724936,344495103,62484152,4096
1625724936,344495103,62484160,4096
1625724936,344495103,62484168,4096
1625724936,344495103,62484176,4096
1625724936,344496176,62484184,4096
1625724936,344496176,62484192,4096
1625724936,344496176,62484200,4096
1625724936,344496176,62484208,4096
1625724936,344496176,62484216,4096
1625724936,344600306,62484224,4096
1625724936,344600306,62484232,4096
1625724936,344600306,62484240,4096
1625724936,344601379,62484248,4096
1625724936,344601379,62484256,4096
1625724936,344601379,62484264,4096
1625724936,344601379,62484272,4096
1625724936,344601379,62484280,4096
1625724936,344601379,62484288,4096
1625724936,344601379,62484296,4096
1625724936,344601379,62484304,4096
1625724936,344601379,62484312,4096
1625724936,344602453,62484320,4096
1625724936,344602453,62484328,4096
1625724936,345411872,62484336,4096
1625724936,345411872,62484344,4096
1625724936,345411872,62484352,4096
1625724936,345411872,62484360,4096
1625724936,345411872,62484368,4096
1625724936,345411872,62484376,4096
1625724936,345412945,62484384,4096
1625724936,345412945,62484392,4096
1625724936,345412945,62484400,4096
1625724936,345412945,62484408,4096
1625724936,345412945,62484416,4096
1625724936,345412945,62484424,4096
1625724936,345412945,62484432,4096
1625724936,345412945,62484440,4096
1625724936,345412945,62484448,4096
1625724936,345414019,62484456,4096
1625724936,346261010,62484464,4096
1625724936,346261010,62484472,4096
1625724936,346261010,62484480,4096
1625724936,346261010,62484488,4096
1625724936,346262084,62484496,4096
1625724936,346262084,62484504,4096
1625724936,346262084,62484512,4096
1625724936,346262084,62484520,4096
1625724936,346262084,62484528,4096
1625724936,346262084,62484536,4096
1625724936,346262084,62484544,4096
1625724936,346262084,62484552,4096
1625724936,346262084,62484560,4096
1625724936,346263157,62484568,4096
1625724936,346263157,62484576,4096
1625724936,346263157,62484584,4096
1625724936,346389830,62484592,4096
1625724936,346389830,62484600,4096
1625724936,346389830,62484608,4096
1625724936,346390904,62484616,4096
1625724936,346390904,62484624,4096
1625724936,346390904,62484632,4096
1625724936,346390904,62484640,4096
1625724936,346390904,62484648,4096
1625724936,346390904,62484656,4096
1625724936,346390904,62484664,4096
1625724936,346390904,62484672,4096
1625724936,346390904,62484680,4096
1625724936,346391977,62484688,4096
1625724936,346391977,62484696,4096
1625724936,346391977,62484704,4096
1625724936,346391977,62484712,4096
1625724936,350622641,62484720,4096
1625724936,350622641,62484728,4096
1625724936,350622641,62484736,4096
1625724936,350622641,62484744,4096
1625724936,350622641,62484752,4096
1625724936,350623714,62484760,4096
1625724936,350623714,62484768,4096
1625724936,350623714,62484776,4096
1625724936,350623714,62484784,4096
1625724936,350623714,62484792,4096
1625724936,350623714,62484800,4096
1625724936,350623714,62484808,4096
1625724936,350623714,62484816,4096
1625724936,350623714,62484824,4096
1625724936,350624788,62484832,4096
1625724936,350624788,62484840,4096
1625724936,350748240,62484848,4096
1625724936,350748240,62484856,4096
1625724936,350748240,62484864,4096
1625724936,350748240,62484872,4096
1625724936,350748240,62484880,4096
1625724936,350748240,62484888,4096
1625724936,350748240,62484896,4096
1625724936,350749314,62484904,4096
1625724936,350749314,62484912,4096
1625724936,350749314,62484920,4096
1625724936,350749314,62484928,4096
1625724936,350749314,62484936,4096
1625724936,350749314,62484944,4096
1625724936,350749314,62484952,4096
1625724936,350749314,62484960,4096
1625724936,350749314,62484968,4096
1625724936,354992859,62484976,4096
1625724936,354992859,62484984,4096
1625724936,354992859,62484992,4096
1625724936,354992859,62485000,4096
1625724936,354992859,62485008,4096
1625724936,354993933,62485016,4096
1625724936,354993933,62485024,4096
1625724936,354993933,62485032,4096
1625724936,354993933,62485040,4096
1625724936,354993933,62485048,4096
1625724936,354993933,62485056,4096
1625724936,354993933,62485064,4096
1625724936,354993933,62485072,4096
1625724936,354993933,62485080,4096
1625724936,354995006,62485088,4096
1625724936,354995006,62485096,4096
1625724936,355118459,62485104,4096
1625724936,355118459,62485112,4096
1625724936,355118459,62485120,4096
1625724936,355118459,62485128,4096
1625724936,355118459,62485136,4096
1625724936,355118459,62485144,4096
1625724936,355118459,62485152,4096
1625724936,355119532,62485160,4096
1625724936,355119532,62485168,4096
1625724936,355119532,62485176,4096
1625724936,355119532,62485184,4096
1625724936,355119532,62485192,4096
1625724936,355119532,62485200,4096
1625724936,355119532,62485208,4096
1625724936,355119532,62485216,4096
1625724936,355119532,62485224,4096
1625724936,359362004,62485232,4096
1625724936,359363078,62485240,4096
1625724936,359363078,62485248,4096
1625724936,359363078,62485256,4096
1625724936,359363078,62485264,2048
1625724936,921984428,3640288,4096
1625724936,921985501,3640296,4096
1625724936,921985501,3640304,4096
1625724936,921985501,3640312,1024
1625724937,1043602030,48936536,4096
1625724937,1044505917,28125872,4096
1625724937,1044505917,28125880,4096
1625724937,1044505917,28125888,4096
1625724937,1044506990,28125896,4096
1625724937,1045395848,28125904,4096
1625724937,1045395848,28125912,4096
1625724937,1045395848,28125920,4096
1625724937,1045395848,28125928,4096
1625724937,1045395848,28125936,4096
1625724937,1045395848,28125944,4096
1625724937,1045396922,28125952,4096
1625724937,1045396922,28125960,4096
1625724937,1045396922,28125968,4096
1625724937,1045396922,28125976,4096
1625724937,1045396922,28125984,4096
1625724937,1045396922,28125992,4096
1625724937,1045396922,28126000,4096
1625724937,1045396922,28126008,4096
1625724937,1045499978,28126016,4096
1625724937,1045501051,28126024,4096
1625724937,1045501051,28126032,4096
1625724937,1045501051,28126040,4096
1625724937,1045501051,28126048,4096
1625724937,1045501051,28126056,4096
1625724937,1045501051,28126064,4096
1625724937,1045501051,28126072,4096
1625724937,1045501051,28126080,4096
1625724937,1045502125,28126088,4096
1625724937,1045502125,28126096,4096
1625724937,1045502125,28126104,4096
1625724937,1045502125,28126112,4096
1625724937,1045502125,28126120,4096
1625724937,1046282559,28126128,4096
1625724937,1046283633,28126136,4096
1625724937,1046283633,28126144,4096
1625724937,1046283633,28126152,4096
1625724937,1046283633,28126160,4096
1625724937,1046283633,28126168,4096
1625724937,1046283633,28126176,4096
1625724937,1046283633,28126184,4096
1625724937,1046283633,28126192,4096
1625724937,1046283633,28126200,4096
1625724937,1046284706,28126208,4096
1625724937,1046284706,28126216,4096
1625724937,1046284706,28126224,4096
1625724937,1046284706,28126232,4096
1625724937,1046284706,28126240,4096
1625724937,1046284706,28126248,4096
1625724937,1047151021,28126256,4096
1625724937,1047151021,28126264,4096
1625724937,1047151021,28126272,4096
1625724937,1047151021,28126280,4096
1625724937,1047151021,28126288,4096
1625724937,1047151021,28126296,4096
1625724937,1047151021,28126304,4096
1625724937,1047151021,28126312,4096
1625724937,1047151021,28126320,4096
1625724937,1047152094,28126328,4096
1625724937,1047152094,28126336,4096
1625724937,1047152094,28126344,4096
1625724937,1047152094,28126352,4096
1625724937,1047152094,28126360,4096
1625724937,1047152094,28126368,4096
1625724937,1047152094,28126376,4096
1625724937,1047275547,28126384,4096
1625724937,1047276620,28126392,4096
1625724937,1047276620,28126400,4096
1625724937,1047276620,28126408,4096
1625724937,1047276620,28126416,4096
1625724937,1047276620,28126424,4096
1625724937,1047276620,28126432,4096
1625724937,1047276620,28126440,4096
1625724937,1047276620,28126448,4096
1625724937,1047276620,28126456,4096
1625724937,1047277694,28126464,4096
1625724937,1047277694,28126472,4096
1625724937,1047277694,28126480,4096
1625724937,1047277694,28126488,4096
1625724937,1047277694,28126496,4096
1625724937,1047277694,28126504,4096
1625724937,1051639324,28126512,4096
1625724937,1051639324,28126520,4096
1625724937,1051639324,28126528,4096
1625724937,1051639324,28126536,4096
1625724937,1051639324,28126544,4096
1625724937,1051640398,28126552,4096
1625724937,1051640398,28126560,4096
1625724937,1051640398,28126568,4096
1625724937,1051640398,28126576,4096
1625724937,1051640398,28126584,4096
1625724937,1051640398,28126592,4096
1625724937,1051640398,28126600,4096
1625724937,1051640398,28126608,4096
1625724937,1051640398,28126616,4096
1625724937,1051641471,28126624,4096
1625724937,1051641471,28126632,4096
1625724937,1051763850,28126640,4096
1625724937,1051764924,28126648,4096
1625724937,1051764924,28126656,4096
1625724937,1051764924,28126664,4096
1625724937,1051764924,28126672,4096
1625724937,1051764924,28126680,4096
1625724937,1051764924,28126688,4096
1625724937,1051764924,28126696,4096
1625724937,1051764924,28126704,4096
1625724937,1051765997,28126712,4096
1625724937,1051765997,28126720,4096
1625724937,1051765997,28126728,4096
1625724937,1051765997,28126736,4096
1625724937,1051765997,28126744,4096
1625724937,1051765997,28126752,4096
1625724937,1051765997,28126760,4096
1625724937,1055921516,28126768,4096
1625724937,1055922589,28126776,4096
1625724937,1055922589,28126784,4096
1625724937,1055922589,28126792,4096
1625724937,1055922589,28126800,4096
1625724937,1055922589,28126808,4096
1625724937,1055922589,28126816,4096
1625724937,1055922589,28126824,4096
1625724937,1055922589,28126832,4096
1625724937,1055922589,28126840,4096
1625724937,1055923663,28126848,4096
1625724937,1055923663,28126856,4096
1625724937,1055923663,28126864,4096
1625724937,1055923663,28126872,4096
1625724937,1055923663,28126880,4096
1625724937,1055923663,28126888,4096
1625724937,1056050336,28126896,4096
1625724937,1056050336,28126904,4096
1625724937,1056050336,28126912,4096
1625724937,1056050336,28126920,4096
1625724937,1056050336,28126928,4096
1625724937,1056050336,28126936,4096
1625724937,1056051409,28126944,4096
1625724937,1056051409,28126952,4096
1625724937,1056051409,28126960,4096
1625724937,1056051409,28126968,4096
1625724937,1056051409,28126976,4096
1625724937,1056051409,28126984,4096
1625724937,1056051409,28126992,4096
1625724937,1056051409,28127000,4096
1625724937,1056051409,28127008,4096
1625724937,1056052483,28127016,4096
1625724937,1060245574,28127024,4096
1625724937,1060246647,28127032,4096
1625724937,1060246647,28127040,4096
1625724937,1060246647,28127048,4096
1625724937,1060246647,28127056,4096
1625724937,1060246647,28127064,4096
1625724937,1060246647,28127072,4096
1625724937,1060246647,28127080,4096
1625724937,1060246647,28127088,4096
1625724937,1060247721,28127096,4096
1625724937,1060247721,28127104,4096
1625724937,1060247721,28127112,4096
1625724937,1060247721,28127120,4096
1625724937,1060247721,28127128,4096
1625724937,1060247721,28127136,4096
1625724937,1060247721,28127144,4096
1625724937,1060371173,28127152,4096
1625724937,1060371173,28127160,4096
1625724937,1060371173,28127168,4096
1625724937,1060371173,28127176,4096
1625724937,1060372247,28127184,4096
1625724937,1060372247,28127192,4096
1625724937,1060372247,28127200,4096
1625724937,1060372247,28127208,4096
1625724937,1060372247,28127216,4096
1625724937,1060372247,28127224,4096
1625724937,1060372247,28127232,4096
1625724937,1060372247,28127240,4096
1625724937,1060372247,28127248,4096
1625724937,1060373320,28127256,4096
1625724937,1060373320,28127264,4096
1625724937,1060373320,28127272,4096
1625724937,1064449400,28127280,4096
1625724937,1064449400,28127288,4096
1625724937,1064449400,28127296,4096
1625724937,1064449400,28127304,4096
1625724937,1064449400,28127312,4096
1625724937,1064449400,28127320,4096
1625724937,1064449400,28127328,4096
1625724937,1064449400,28127336,4096
1625724937,1064450473,28127344,4096
1625724937,1064450473,28127352,4096
1625724937,1064450473,28127360,4096
1625724937,1064450473,28127368,4096
1625724937,1064450473,28127376,4096
1625724937,1064450473,28127384,4096
1625724937,1064450473,28127392,4096
1625724937,1064450473,28127400,4096
1625724937,1064574999,28127408,4096
1625724937,1064574999,28127416,4096
1625724937,1064574999,28127424,4096
1625724937,1064574999,28127432,4096
1625724937,1064574999,28127440,4096
1625724937,1064574999,28127448,4096
1625724937,1064574999,28127456,4096
1625724937,1064574999,28127464,4096
1625724937,1064576073,28127472,4096
1625724937,1064576073,28127480,4096
1625724937,1064576073,28127488,4096
1625724937,1064576073,28127496,4096
1625724937,1064576073,28127504,4096
1625724937,1064576073,28127512,4096
1625724937,1064576073,28127520,4096
1625724937,1064576073,28127528,4096
1625724937,1068552317,28127536,4096
1625724937,1068553390,28127544,4096
1625724937,1068553390,28127552,4096
1625724937,1068553390,28127560,4096
1625724937,1068553390,28127568,4096
1625724937,1068553390,28127576,4096
1625724937,1068553390,28127584,4096
1625724937,1068553390,28127592,4096
1625724937,1068553390,28127600,4096
1625724937,1068554464,28127608,4096
1625724937,1068554464,28127616,4096
1625724937,1068554464,28127624,4096
1625724937,1068554464,28127632,4096
1625724937,1068554464,28127640,4096
1625724937,1068554464,28127648,4096
1625724937,1068554464,28127656,4096
1625724937,1068677916,28127664,4096
1625724937,1068677916,28127672,4096
1625724937,1068677916,28127680,4096
1625724937,1068677916,28127688,4096
1625724937,1068677916,28127696,4096
1625724937,1068677916,28127704,4096
1625724937,1068677916,28127712,4096
1625724937,1068678990,28127720,4096
1625724937,1068678990,28127728,4096
1625724937,1068678990,28127736,4096
1625724937,1068678990,28127744,4096
1625724937,1068678990,28127752,4096
1625724937,1068678990,28127760,4096
1625724937,1068678990,28127768,4096
1625724937,1068678990,28127776,4096
1625724937,1068678990,28127784,4096
1625724937,1072652013,28127792,4096
1625724937,1072652013,28127800,4096
1625724937,1072652013,28127808,4096
1625724937,1072652013,28127816,4096
1625724937,1072653087,28127824,4096
1625724937,1072653087,28127832,4096
1625724937,1072653087,28127840,4096
1625724937,1072653087,28127848,4096
1625724937,1072653087,28127856,4096
1625724937,1072653087,28127864,4096
1625724937,1072653087,28127872,4096
1625724937,1072653087,28127880,4096
1625724937,1072653087,28127888,4096
1625724937,1072654160,28127896,4096
1625724937,1072654160,28127904,4096
1625724937,1072654160,28127912,4096
1625724937,1072776539,28127920,4096
1625724937,1072777613,28127928,4096
1625724937,1072777613,28127936,4096
1625724937,1072777613,28127944,4096
1625724937,1072777613,28127952,4096
1625724937,1072777613,28127960,4096
1625724937,1072777613,28127968,4096
1625724937,1072777613,28127976,4096
1625724937,1072777613,28127984,4096
1625724937,1072777613,28127992,4096
1625724937,1072778686,28128000,4096
1625724937,1072778686,28128008,4096
1625724937,1072778686,28128016,4096
1625724937,1072778686,28128024,4096
1625724937,1072778686,28128032,4096
1625724937,1072778686,28128040,4096
1625724937,215916354,6847928,4096
1625724937,227890173,48936496,4096
1625724937,228459128,9478200,4096
1625724937,264025256,61359744,4096
1625724937,264026330,61359752,4096
1625724937,264026330,61359760,4096
1625724937,264026330,61359768,4096
1625724937,264089666,61398976,4096
1625724937,264089666,61398984,4096
1625724937,264089666,61398992,4096
1625724937,264089666,61399000,4096
1625724937,264275382,61490560,4096
1625724937,264275382,61490568,4096
1625724937,264275382,61490576,4096
1625724937,264275382,61490584,4096
1625724937,264800323,61523424,4096
1625724937,264800323,61523432,4096
1625724937,264800323,61523440,4096
1625724937,264800323,61523448,4096
1625724937,265013950,44966272,4096
1625724937,265013950,44966280,4096
1625724937,265013950,44966288,4096
1625724937,265013950,44966296,4096
1625724937,267963928,832168,4096
1625724937,267963928,832176,4096
1625724937,267965001,832184,4096
1625724937,268634865,843184,4096
1625724937,268635939,843192,4096
1625724937,268635939,843200,4096
1625724937,268635939,843208,4096
1625724937,268635939,843216,4096
1625724937,268635939,843224,4096
1625724937,268635939,843232,4096
1625724937,268635939,843240,4096
1625724937,269747011,61524704,4096
1625724937,269748085,61524712,4096
1625724937,269748085,61524720,4096
1625724937,269748085,61524728,4096
1625724937,269921992,61874720,4096
1625724937,269921992,61874728,4096
1625724937,269921992,61874736,4096
1625724937,269923065,61874744,4096
1625724937,270158162,61913024,4096
1625724937,270158162,61913032,4096
1625724937,270158162,61913040,4096
1625724937,270158162,61913048,4096
1625724937,270158162,61913056,4096
1625724937,270158162,61913064,4096
1625724937,270158162,61913072,4096
1625724937,270159235,61913080,4096
1625724937,270368568,44966304,4096
1625724937,270368568,44966312,4096
1625724937,270368568,44966320,4096
1625724937,270368568,44966328,4096
1625724937,270698132,61908640,4096
1625724937,270698132,61908648,4096
1625724937,270698132,61908656,4096
1625724937,270698132,61908664,4096
1625724937,278346820,62154272,4096
1625724937,278347893,62154280,4096
1625724937,278347893,62154288,4096
1625724937,278347893,62154296,4096
1625724937,278535756,62193728,4096
1625724937,278536829,62193736,4096
1625724937,278536829,62193744,4096
1625724937,278536829,62193752,4096
1625724937,278796616,62198432,4096
1625724937,278796616,62198440,4096
1625724937,278797690,62198448,4096
1625724937,278797690,62198456,4096
1625724937,279156239,62239520,4096
1625724937,279156239,62239528,4096
1625724937,279156239,62239536,4096
1625724937,279157312,62239544,4096
1625724937,279377380,62414720,4096
1625724937,279377380,62414728,4096
1625724937,279377380,62414736,4096
1625724937,279377380,62414744,4096
1625724937,283825964,62240992,4096
1625724937,283825964,62241000,4096
1625724937,283827037,62241008,4096
1625724937,283827037,62241016,4096
1625724937,284066428,62689696,4096
1625724937,284067501,62689704,4096
1625724937,284067501,62689712,4096
1625724937,284067501,62689720,4096
1625724937,285149589,62036896,4096
1625724937,285149589,62036904,4096
1625724937,285149589,62036912,4096
1625724937,285149589,62036920,4096
1625724937,285150663,62036928,4096
1625724937,285150663,62036936,4096
1625724937,285150663,62036944,4096
1625724937,285150663,62036952,4096
1625724937,286683621,62823680,4096
1625724937,286683621,62823688,4096
1625724937,286683621,62823696,4096
1625724937,286683621,62823704,4096
1625724937,287044317,6659712,4096
1625724937,287045390,6659720,4096
1625724937,287045390,6659728,4096
1625724937,287045390,6659736,4096
1625724937,287045390,6659744,4096
1625724937,287045390,6659752,4096
1625724937,287045390,6659760,4096
1625724937,287045390,6659768,4096
1625724937,288964808,63434496,4096
1625724937,288964808,63434504,4096
1625724937,288965882,63434512,4096
1625724937,288965882,63434520,4096
1625724937,289466133,63468800,4096
1625724937,289466133,63468808,4096
1625724937,289467206,63468816,4096
1625724937,289467206,63468824,4096
1625724937,292434360,8116192,4096
1625724937,292434360,8116200,4096
1625724937,292434360,8116208,4096
1625724937,292434360,8116216,4096
1625724937,292434360,8116224,4096
1625724937,292435434,8116232,4096
1625724937,292435434,8116240,4096
1625724937,292435434,8116248,4096
1625724937,292435434,8116256,4096
1625724937,292435434,8116264,4096
1625724937,292507358,8116272,4096
1625724937,292507358,8116280,4096
1625724937,292507358,8116288,4096
1625724937,292507358,8116296,4096
1625724937,292507358,8116304,4096
1625724937,292507358,8116312,4096
1625724937,292507358,8116320,4096
1625724937,292508432,8116328,4096
1625724937,292508432,8116336,4096
1625724937,292508432,8116344,4096
1625724937,293399437,63526144,4096
1625724937,293399437,63526152,4096
1625724937,293399437,63526160,4096
1625724937,293399437,63526168,4096
1625724937,296429927,63533344,4096
1625724937,296429927,63533352,4096
1625724937,296429927,63533360,4096
1625724937,296429927,63533368,4096
1625724937,296501852,63528000,4096
1625724937,296501852,63528008,4096
1625724937,296501852,63528016,4096
1625724937,296501852,63528024,4096
1625724937,296692935,62822656,4096
1625724937,296692935,62822664,4096
1625724937,296692935,62822672,4096
1625724937,296692935,62822680,4096
1625724937,296749830,63534112,4096
1625724937,296749830,63534120,4096
1625724937,296749830,63534128,4096
1625724937,296749830,63534136,4096
1625724937,296943060,63551392,4096
1625724937,296943060,63551400,4096
1625724937,296943060,63551408,4096
1625724937,296943060,63551416,4096
1625724937,296968824,62776000,4096
1625724937,296969898,62776008,4096
1625724937,296969898,62776016,4096
1625724937,296969898,62776024,4096
1625724937,297350990,27662592,4096
1625724937,297350990,27662600,4096
1625724937,297350990,27662608,4096
1625724937,297350990,27662616,4096
1625724937,297804007,44966368,4096
1625724937,297805081,44966376,4096
1625724937,297805081,44966384,4096
1625724937,297805081,44966392,4096
1625724937,297805081,44966400,4096
1625724937,297805081,44966408,4096
1625724937,297805081,44966416,4096
1625724937,297805081,44966424,4096
1625724937,297805081,44966432,4096
1625724937,297806154,44966440,4096
1625724937,298155042,44966448,4096
1625724937,298155042,44966456,4096
1625724937,298155042,44966464,4096
1625724937,298155042,44966472,4096
1625724937,298155042,44966480,4096
1625724937,298155042,44966488,4096
1625724937,298155042,44966496,4096
1625724937,298155042,44966504,4096
1625724937,298156115,44966512,4096
1625724937,298156115,44966520,4096
1625724937,298559751,8116448,4096
1625724937,298559751,8116456,4096
1625724937,298560825,8116464,4096
1625724937,298560825,8116472,4096
1625724937,298560825,8116480,4096
1625724937,298560825,8116488,4096
1625724937,298560825,8116496,4096
1625724937,298560825,8116504,4096
1625724937,298560825,8116512,4096
1625724937,298560825,8116520,4096
1625724937,298561898,8116528,4096
1625724937,298561898,8116536,4096
1625724937,298561898,8116544,4096
1625724937,298561898,8116552,4096
1625724937,298561898,8116560,4096
1625724937,298561898,8116568,4096
1625724937,298561898,8116576,4096
1625724937,298561898,8116584,4096
1625724937,298561898,8116592,4096
1625724937,298562972,8116600,4096
1625724937,298562972,8116608,4096
1625724937,298562972,8116616,4096
1625724937,298770157,8116624,4096
1625724937,298770157,8116632,4096
1625724937,298771231,8116640,4096
1625724937,298771231,8116648,4096
1625724937,298771231,8116656,4096
1625724937,298771231,8116664,4096
1625724937,298771231,8116672,4096
1625724937,298771231,8116680,4096
1625724937,298771231,8116688,4096
1625724937,298771231,8116696,4096
1625724937,298771231,8116704,4096
1625724937,298772304,8116712,4096
1625724937,298772304,8116720,4096
1625724937,298772304,8116728,4096
1625724937,298772304,8116736,4096
1625724937,298772304,8116744,4096
1625724937,298772304,8116752,4096
1625724937,298772304,8116760,4096
1625724937,298772304,8116768,4096
1625724937,298772304,8116776,4096
1625724937,298773378,8116784,4096
1625724937,298773378,8116792,4096
1625724937,325168596,44935936,4096
1625724937,325169669,44935944,4096
1625724937,325169669,44935952,4096
1625724937,325169669,44935960,4096
1625724937,325169669,44935968,4096
1625724937,325169669,44935976,4096
1625724937,325169669,44935984,4096
1625724937,325169669,44935992,4096
1625724937,325169669,44936000,4096
1625724937,325170743,44936008,4096
1625724937,325170743,44936016,4096
1625724937,325170743,44936024,4096
1625724937,325170743,44936032,4096
1625724937,325170743,44936040,4096
1625724937,325170743,44936048,4096
1625724937,325170743,44936056,4096
1625724937,325170743,44936064,4096
1625724937,325170743,44936072,4096
1625724937,325171816,44936080,4096
1625724937,325171816,44936088,4096
1625724937,325386516,44936096,4096
1625724937,325386516,44936104,4096
1625724937,325387590,44936112,4096
1625724937,325387590,44936120,4096
1625724937,325387590,44936128,4096
1625724937,325387590,44936136,4096
1625724937,325387590,44936144,4096
1625724937,325387590,44936152,4096
1625724937,325387590,44936160,4096
1625724937,325387590,44936168,4096
1625724937,325387590,44936176,4096
1625724937,325388663,44936184,4096
1625724937,325388663,44936192,4096
1625724937,325388663,44936200,4096
1625724937,325388663,44936208,4096
1625724937,325388663,44936216,4096
1625724937,325388663,44936224,4096
1625724937,325388663,44936232,4096
1625724937,325388663,44936240,4096
1625724937,325388663,44936248,4096
1625724937,325556129,44936256,4096
1625724937,325557203,44936264,4096
1625724937,325557203,44936272,4096
1625724937,325557203,44936280,4096
1625724937,325557203,44936288,4096
1625724937,325557203,44936296,4096
1625724937,325557203,44936304,4096
1625724937,325557203,44936312,4096
1625724937,325557203,44936320,4096
1625724937,325557203,44936328,4096
1625724937,325558276,44936336,4096
1625724937,325558276,44936344,4096
1625724937,325558276,44936352,4096
1625724937,325558276,44936360,4096
1625724937,325558276,44936368,4096
1625724937,325558276,44936376,4096
1625724937,325558276,44936384,4096
1625724937,325558276,44936392,4096
1625724937,325558276,44936400,4096
1625724937,325559350,44936408,4096
1625724937,325574379,27662112,4096
1625724937,325575452,27662120,4096
1625724937,325575452,27662128,4096
1625724937,325575452,27662136,4096
1625724937,325935075,44988704,4096
1625724937,325935075,44988712,4096
1625724937,325935075,44988720,4096
1625724937,325935075,44988728,4096
1625724937,325935075,44988736,4096
1625724937,325935075,44988744,4096
1625724937,325935075,44988752,4096
1625724937,325935075,44988760,4096
1625724937,325936148,44988768,4096
1625724937,325936148,44988776,4096
1625724937,325936148,44988784,4096
1625724937,325936148,44988792,4096
1625724937,325936148,44988800,4096
1625724937,325936148,44988808,4096
1625724937,325936148,44988816,4096
1625724937,325936148,44988824,4096
1625724937,325937222,44988832,4096
1625724937,325937222,44988840,4096
1625724937,325937222,44988848,4096
1625724937,325937222,44988856,4096
1625724937,326408488,44988864,4096
1625724937,326409562,44988872,4096
1625724937,326409562,44988880,4096
1625724937,326409562,44988888,4096
1625724937,326409562,44988896,4096
1625724937,326409562,44988904,4096
1625724937,326409562,44988912,4096
1625724937,326409562,44988920,4096
1625724937,326409562,44988928,4096
1625724937,326409562,44988936,4096
1625724937,326409562,44988944,4096
1625724937,326410635,44988952,4096
1625724937,326410635,44988960,4096
1625724937,326410635,44988968,4096
1625724937,326410635,44988976,4096
1625724937,326410635,44988984,4096
1625724937,326410635,44988992,4096
1625724937,326410635,44989000,4096
1625724937,326410635,44989008,4096
1625724937,326410635,44989016,4096
1625724937,326571660,44989024,4096
1625724937,326572734,44989032,4096
1625724937,326572734,44989040,4096
1625724937,326572734,44989048,4096
1625724937,326572734,44989056,4096
1625724937,326572734,44989064,4096
1625724937,326572734,44989072,4096
1625724937,326572734,44989080,4096
1625724937,326572734,44989088,4096
1625724937,326572734,44989096,4096
1625724937,326573807,44989104,4096
1625724937,326573807,44989112,4096
1625724937,326573807,44989120,4096
1625724937,326573807,44989128,4096
1625724937,326573807,44989136,4096
1625724937,326573807,44989144,4096
1625724937,326573807,44989152,4096
1625724937,326573807,44989160,4096
1625724937,326574881,44989168,4096
1625724937,326574881,44989176,4096
1625724937,326910886,45343072,4096
1625724937,326910886,45343080,4096
1625724937,326910886,45343088,4096
1625724937,326910886,45343096,4096
1625724937,327359609,45340864,4096
1625724937,327359609,45340872,4096
1625724937,327359609,45340880,4096
1625724937,327359609,45340888,4096
1625724937,327359609,45340896,4096
1625724937,327359609,45340904,4096
1625724937,327359609,45340912,4096
1625724937,327359609,45340920,4096
1625724937,327359609,45340928,4096
1625724937,327360683,45340936,4096
1625724937,327694541,45340944,4096
1625724937,327694541,45340952,4096
1625724937,327694541,45340960,4096
1625724937,327694541,45340968,4096
1625724937,327694541,45340976,4096
1625724937,327694541,45340984,4096
1625724937,327694541,45340992,4096
1625724937,327694541,45341000,4096
1625724937,327695615,45341008,4096
1625724937,327695615,45341016,4096
1625724937,327976872,45368416,4096
1625724937,327977945,45368424,4096
1625724937,327977945,45368432,4096
1625724937,327977945,45368440,4096
1625724937,327977945,45368448,4096
1625724937,327977945,45368456,4096
1625724937,327977945,45368464,4096
1625724937,327977945,45368472,4096
1625724937,327977945,45368480,4096
1625724937,327977945,45368488,4096
1625724937,328087442,45368496,4096
1625724937,328088516,45368504,4096
1625724937,328088516,45368512,4096
1625724937,328088516,45368520,4096
1625724937,328088516,45368528,4096
1625724937,328088516,45368536,4096
1625724937,328088516,45368544,4096
1625724937,328088516,45368552,4096
1625724937,328088516,45368560,4096
1625724937,328089589,45368568,4096
1625724937,347487734,48936512,4096
1625724937,348048101,9540104,1536
1625724937,446200353,48936520,4096
1625724937,446943215,9559120,1536
1625724937,581439883,48936528,4096
1625724937,582117262,3265352,4096
1625724937,582117262,3265360,4096
1625724937,582117262,3265368,4096
1625724937,582117262,3265376,4096
1625724937,582616439,3265384,4096
1625724937,582616439,3265392,3072
1625724937,697219005,6847936,4096
1625724937,723379127,657296,4096
1625724937,723379127,657304,4096
1625724937,723380200,657312,4096
1625724937,723380200,657320,4096
1625724937,723380200,657328,4096
1625724937,723380200,657336,4096
1625724937,723380200,657344,4096
1625724937,723380200,657352,4096
1625724937,752653472,3059184,4096
1625724937,752653472,3059192,4096
1625724937,752653472,3059200,4096
1625724937,752654545,3059208,4096
1625724937,753510125,3059216,4096
1625724937,753510125,3059224,4096
1625724937,753510125,3059232,4096
1625724937,753511198,3059240,4096
1625724937,753511198,3059248,4096
1625724937,753511198,3059256,4096
1625724937,753511198,3059264,4096
1625724937,753511198,3059272,4096
1625724937,753511198,3059280,4096
1625724937,753511198,3059288,4096
1625724937,753511198,3059296,4096
1625724937,753512272,3059304,4096
1625724937,753512272,3059312,4096
1625724937,753512272,3059320,4096
1625724937,753617475,3059328,4096
1625724937,753617475,3059336,4096
1625724937,753618548,3059344,4096
1625724937,753618548,3059352,4096
1625724937,753618548,3059360,4096
1625724937,753618548,3059368,4096
1625724937,753618548,3059376,4096
1625724937,753618548,3059384,4096
1625724937,753618548,3059392,4096
1625724937,753618548,3059400,4096
1625724937,753618548,3059408,4096
1625724937,753619622,3059416,4096
1625724937,753619622,3059424,4096
1625724937,753619622,3059432,4096
1625724937,754166033,3059440,4096
1625724937,86710967,1894736,4096
1625724937,86710967,1894744,1536
1625724938,11890951,28128560,4096
1625724938,11892025,28128568,4096
1625724938,11892025,28128576,4096
1625724938,11892025,28128584,4096
1625724938,11892025,28128592,4096
1625724938,11892025,28128600,4096
1625724938,11892025,28128608,4096
1625724938,11892025,28128616,4096
1625724938,11892025,28128624,4096
1625724938,11892025,28128632,4096
1625724938,11893098,28128640,4096
1625724938,11893098,28128648,4096
1625724938,11893098,28128656,4096
1625724938,11893098,28128664,4096
1625724938,11893098,28128672,4096
1625724938,11893098,28128680,4096
1625724938,12009036,28128688,4096
1625724938,12009036,28128696,4096
1625724938,12009036,28128704,4096
1625724938,12009036,28128712,4096
1625724938,12009036,28128720,4096
1625724938,12009036,28128728,4096
1625724938,12009036,28128736,4096
1625724938,12010110,28128744,4096
1625724938,12010110,28128752,4096
1625724938,12010110,28128760,4096
1625724938,12010110,28128768,4096
1625724938,12010110,28128776,4096
1625724938,12010110,28128784,4096
1625724938,12010110,28128792,4096
1625724938,12010110,28128800,4096
1625724938,12010110,28128808,4096
1625724938,16035735,28128816,4096
1625724938,16035735,28128824,4096
1625724938,16036808,28128832,4096
1625724938,16036808,28128840,4096
1625724938,16036808,28128848,4096
1625724938,16036808,28128856,4096
1625724938,16036808,28128864,4096
1625724938,16036808,28128872,4096
1625724938,16036808,28128880,4096
1625724938,16036808,28128888,4096
1625724938,16036808,28128896,4096
1625724938,16037882,28128904,4096
1625724938,16037882,28128912,4096
1625724938,16037882,28128920,4096
1625724938,16037882,28128928,4096
1625724938,16037882,28128936,4096
1625724938,16161334,28128944,4096
1625724938,16161334,28128952,4096
1625724938,16161334,28128960,4096
1625724938,16162408,28128968,4096
1625724938,16162408,28128976,4096
1625724938,16162408,28128984,4096
1625724938,16162408,28128992,4096
1625724938,16162408,28129000,4096
1625724938,16162408,28129008,4096
1625724938,16162408,28129016,4096
1625724938,16162408,28129024,4096
1625724938,16162408,28129032,4096
1625724938,16163481,28129040,4096
1625724938,16163481,28129048,4096
1625724938,16163481,28129056,4096
1625724938,16163481,28129064,4096
1625724938,20486466,28129072,4096
1625724938,20486466,28129080,4096
1625724938,20486466,28129088,4096
1625724938,20486466,28129096,4096
1625724938,20486466,28129104,4096
1625724938,20486466,28129112,4096
1625724938,20486466,28129120,4096
1625724938,20487539,28129128,4096
1625724938,20487539,28129136,4096
1625724938,20487539,28129144,4096
1625724938,20487539,28129152,4096
1625724938,20487539,28129160,4096
1625724938,20487539,28129168,4096
1625724938,20487539,28129176,4096
1625724938,20487539,28129184,4096
1625724938,20487539,28129192,4096
1625724938,20602404,28129200,4096
1625724938,20602404,28129208,4096
1625724938,20602404,28129216,4096
1625724938,20602404,28129224,4096
1625724938,20602404,28129232,4096
1625724938,20602404,28129240,4096
1625724938,20602404,28129248,4096
1625724938,20602404,28129256,4096
1625724938,20603477,28129264,4096
1625724938,20603477,28129272,4096
1625724938,20603477,28129280,4096
1625724938,20603477,28129288,4096
1625724938,20603477,28129296,4096
1625724938,20603477,28129304,4096
1625724938,20603477,28129312,4096
1625724938,20603477,28129320,4096
1625724938,25180881,28129328,4096
1625724938,25180881,28129336,4096
1625724938,25181955,28129344,4096
1625724938,25181955,28129352,4096
1625724938,25181955,28129360,4096
1625724938,25181955,28129368,4096
1625724938,25181955,28129376,4096
1625724938,25181955,28129384,4096
1625724938,25181955,28129392,4096
1625724938,25181955,28129400,4096
1625724938,25181955,28129408,4096
1625724938,25183028,28129416,4096
1625724938,25183028,28129424,4096
1625724938,25183028,28129432,4096
1625724938,25183028,28129440,4096
1625724938,25183028,28129448,4096
1625724938,25308628,28129456,4096
1625724938,25308628,28129464,4096
1625724938,25308628,28129472,4096
1625724938,25308628,28129480,4096
1625724938,25309701,28129488,4096
1625724938,25309701,28129496,4096
1625724938,25309701,28129504,4096
1625724938,25309701,28129512,4096
1625724938,25309701,28129520,4096
1625724938,25309701,28129528,4096
1625724938,25309701,28129536,4096
1625724938,25309701,28129544,4096
1625724938,25309701,28129552,4096
1625724938,25310775,28129560,4096
1625724938,25310775,28129568,4096
1625724938,25310775,28129576,4096
1625724938,29649862,28129584,4096
1625724938,29650935,28129592,4096
1625724938,29650935,28129600,4096
1625724938,29650935,28129608,4096
1625724938,29650935,28129616,4096
1625724938,29650935,28129624,4096
1625724938,29650935,28129632,4096
1625724938,29650935,28129640,4096
1625724938,29650935,28129648,4096
1625724938,29652009,28129656,4096
1625724938,29652009,28129664,4096
1625724938,29652009,28129672,4096
1625724938,29652009,28129680,4096
1625724938,29652009,28129688,4096
1625724938,29652009,28129696,4096
1625724938,29652009,28129704,4096
1625724938,29765800,28129712,4096
1625724938,29765800,28129720,4096
1625724938,29765800,28129728,4096
1625724938,29765800,28129736,4096
1625724938,29765800,28129744,4096
1625724938,29765800,28129752,4096
1625724938,29766873,28129760,4096
1625724938,29766873,28129768,4096
1625724938,29766873,28129776,4096
1625724938,29766873,28129784,4096
1625724938,29766873,28129792,4096
1625724938,29766873,28129800,4096
1625724938,29766873,28129808,4096
1625724938,29766873,28129816,4096
1625724938,29766873,28129824,4096
1625724938,29767947,28129832,4096
1625724938,3003445,28128048,4096
1625724938,3003445,28128056,4096
1625724938,3003445,28128064,4096
1625724938,3003445,28128072,4096
1625724938,3004518,28128080,4096
1625724938,3004518,28128088,4096
1625724938,3004518,28128096,4096
1625724938,3004518,28128104,4096
1625724938,3004518,28128112,4096
1625724938,3004518,28128120,4096
1625724938,3004518,28128128,4096
1625724938,3004518,28128136,4096
1625724938,3005592,28128144,4096
1625724938,3005592,28128152,4096
1625724938,3005592,28128160,4096
1625724938,3005592,28128168,4096
1625724938,3147294,28128176,4096
1625724938,3147294,28128184,4096
1625724938,3147294,28128192,4096
1625724938,3147294,28128200,4096
1625724938,3147294,28128208,4096
1625724938,3147294,28128216,4096
1625724938,3148367,28128224,4096
1625724938,3148367,28128232,4096
1625724938,3148367,28128240,4096
1625724938,3148367,28128248,4096
1625724938,3148367,28128256,4096
1625724938,3148367,28128264,4096
1625724938,3148367,28128272,4096
1625724938,3148367,28128280,4096
1625724938,3148367,28128288,4096
1625724938,3149441,28128296,4096
1625724938,34070535,28129840,4096
1625724938,34070535,28129848,4096
1625724938,34071608,28129856,4096
1625724938,34071608,28129864,4096
1625724938,34071608,28129872,4096
1625724938,34071608,28129880,4096
1625724938,34071608,28129888,4096
1625724938,34071608,28129896,4096
1625724938,34071608,28129904,4096
1625724938,34071608,28129912,4096
1625724938,34071608,28129920,4096
1625724938,34072682,28129928,2560
1625724938,7885723,28128304,4096
1625724938,7885723,28128312,4096
1625724938,7885723,28128320,4096
1625724938,7885723,28128328,4096
1625724938,7885723,28128336,4096
1625724938,7885723,28128344,4096
1625724938,7885723,28128352,4096
1625724938,7886796,28128360,4096
1625724938,7886796,28128368,4096
1625724938,7886796,28128376,4096
1625724938,7886796,28128384,4096
1625724938,7886796,28128392,4096
1625724938,7886796,28128400,4096
1625724938,7886796,28128408,4096
1625724938,7886796,28128416,4096
1625724938,7886796,28128424,4096
1625724938,8004881,28128432,4096
1625724938,8004881,28128440,4096
1625724938,8004881,28128448,4096
1625724938,8004881,28128456,4096
1625724938,8004881,28128464,4096
1625724938,8004881,28128472,4096
1625724938,8005955,28128480,4096
1625724938,8005955,28128488,4096
1625724938,8005955,28128496,4096
1625724938,8005955,28128504,4096
1625724938,8005955,28128512,4096
1625724938,8005955,28128520,4096
1625724938,8005955,28128528,4096
1625724938,8005955,28128536,4096
1625724938,8005955,28128544,4096
1625724938,8007028,28128552,4096
1625724939,1050368801,48936544,4096
1625724939,1051016121,3228168,4096
1625724939,1051017195,3228176,4096
1625724939,1051017195,3228184,4096
1625724939,1051017195,3228192,4096
1625724939,1051775086,3228200,4096
1625724939,1051775086,3228208,4096
1625724939,1051775086,3228216,4096
1625724939,1051775086,3228224,4096
1625724939,1051776159,3228232,4096
1625724939,1051776159,3228240,4096
1625724939,1051776159,3228248,4096
1625724939,1051776159,3228256,4096
1625724939,1051776159,3228264,4096
1625724939,1051776159,3228272,4096
1625724939,1051776159,3228280,4096
1625724939,1051776159,3228288,4096
1625724939,1051777233,3228296,4096
1625724939,1051777233,3228304,4096
1625724939,1051866333,3228312,4096
1625724939,1051866333,3228320,4096
1625724939,1051866333,3228328,4096
1625724939,1051866333,3228336,4096
1625724939,1051867407,3228344,4096
1625724939,1051867407,3228352,4096
1625724939,1051867407,3228360,4096
1625724939,1051867407,3228368,4096
1625724939,1051867407,3228376,4096
1625724939,1051867407,3228384,4096
1625724939,1051867407,3228392,4096
1625724939,1051867407,3228400,4096
1625724939,1051867407,3228408,4096
1625724939,1051868480,3228416,4096
1625724939,1052335453,3228424,4096
1625724939,1052335453,3228432,4096
1625724939,1052335453,3228440,1024
1625724939,253589190,45458656,4096
1625724939,253589190,45458664,4096
1625724939,253589190,45458672,4096
1625724939,253589190,45458680,4096
1625724939,253589190,45458688,4096
1625724939,253589190,45458696,4096
1625724939,253590263,45458704,4096
1625724939,253590263,45458712,4096
1625724939,253590263,45458720,4096
1625724939,253590263,45458728,4096
1625724939,253590263,45458736,4096
1625724939,253590263,45458744,4096
1625724939,253590263,45458752,4096
1625724939,253590263,45458760,4096
1625724939,253590263,45458768,4096
1625724939,253591337,45458776,4096
1625724939,253656820,45531264,4096
1625724939,253656820,45531272,4096
1625724939,253656820,45531280,4096
1625724939,253656820,45531288,4096
1625724939,253656820,45531296,4096
1625724939,253657894,45531304,4096
1625724939,253657894,45531312,4096
1625724939,253657894,45531320,4096
1625724939,253657894,45531328,4096
1625724939,253657894,45531336,4096
1625724939,253744847,45531344,4096
1625724939,253744847,45531352,4096
1625724939,253744847,45531360,4096
1625724939,253744847,45531368,4096
1625724939,253744847,45531376,4096
1625724939,253744847,45531384,4096
1625724939,253745921,45531392,4096
1625724939,253745921,45531400,4096
1625724939,253745921,45531408,4096
1625724939,253745921,45531416,4096
1625724939,253819992,45538144,4096
1625724939,253819992,45538152,4096
1625724939,253819992,45538160,4096
1625724939,253819992,45538168,4096
1625724939,253819992,45538176,4096
1625724939,253819992,45538184,4096
1625724939,253819992,45538192,4096
1625724939,253821066,45538200,4096
1625724939,253821066,45538208,4096
1625724939,253821066,45538216,4096
1625724939,253897284,45538224,4096
1625724939,253897284,45538232,4096
1625724939,253897284,45538240,4096
1625724939,253897284,45538248,4096
1625724939,253897284,45538256,4096
1625724939,253897284,45538264,4096
1625724939,253897284,45538272,4096
1625724939,253897284,45538280,4096
1625724939,253897284,45538288,4096
1625724939,253898358,45538296,4096
1625724939,253983164,45504000,4096
1625724939,253983164,45504008,4096
1625724939,253983164,45504016,4096
1625724939,253983164,45504024,4096
1625724939,253983164,45504032,4096
1625724939,253983164,45504040,4096
1625724939,253983164,45504048,4096
1625724939,253984238,45504056,4096
1625724939,253984238,45504064,4096
1625724939,253984238,45504072,4096
1625724939,254057236,45504080,4096
1625724939,254057236,45504088,4096
1625724939,254057236,45504096,4096
1625724939,254057236,45504104,4096
1625724939,254057236,45504112,4096
1625724939,254057236,45504120,4096
1625724939,254058309,45504128,4096
1625724939,254058309,45504136,4096
1625724939,254058309,45504144,4096
1625724939,254058309,45504152,4096
1625724939,254301994,45544384,4096
1625724939,254301994,45544392,4096
1625724939,254301994,45544400,4096
1625724939,254303067,45544408,4096
1625724939,254303067,45544416,4096
1625724939,254303067,45544424,4096
1625724939,254303067,45544432,4096
1625724939,254303067,45544440,4096
1625724939,254303067,45544448,4096
1625724939,254303067,45544456,4096
1625724939,254385727,45544464,4096
1625724939,254385727,45544472,4096
1625724939,254385727,45544480,4096
1625724939,254386800,45544488,4096
1625724939,254386800,45544496,4096
1625724939,254386800,45544504,4096
1625724939,254386800,45544512,4096
1625724939,254386800,45544520,4096
1625724939,254386800,45544528,4096
1625724939,254386800,45544536,4096
1625724939,254630485,45523360,4096
1625724939,254631558,45523368,4096
1625724939,254631558,45523376,4096
1625724939,254631558,45523384,4096
1625724939,254631558,45523392,4096
1625724939,254631558,45523400,4096
1625724939,254631558,45523408,4096
1625724939,254631558,45523416,4096
1625724939,254631558,45523424,4096
1625724939,254632632,45523432,4096
1625724939,254632632,45523440,4096
1625724939,254632632,45523448,4096
1625724939,254632632,45523456,4096
1625724939,254632632,45523464,4096
1625724939,254632632,45523472,4096
1625724939,254632632,45523480,4096
1625724939,255445271,44965472,4096
1625724939,255446345,44965480,4096
1625724939,255446345,44965488,4096
1625724939,255446345,44965496,4096
1625724939,255446345,44965504,4096
1625724939,255446345,44965512,4096
1625724939,255446345,44965520,4096
1625724939,255446345,44965528,4096
1625724939,255446345,44965536,4096
1625724939,255446345,44965544,4096
1625724939,255447418,44965552,4096
1625724939,255447418,44965560,4096
1625724939,255447418,44965568,4096
1625724939,255447418,44965576,4096
1625724939,255447418,44965584,4096
1625724939,255447418,44965592,4096
1625724939,255447418,44965600,4096
1625724939,255447418,44965608,4096
1625724939,255447418,44965616,4096
1625724939,255448492,44965624,4096
1625724939,255448492,44965632,4096
1625724939,255448492,44965640,1536
1625724939,255608443,44965643,4096
1625724939,255608443,44965651,4096
1625724939,255608443,44965659,4096
1625724939,255608443,44965667,4096
1625724939,255608443,44965675,4096
1625724939,255608443,44965683,4096
1625724939,255608443,44965691,4096
1625724939,255608443,44965699,4096
1625724939,255609517,44965707,4096
1625724939,255609517,44965715,4096
1625724939,255609517,44965723,4096
1625724939,255609517,44965731,4096
1625724939,255609517,44965739,4096
1625724939,255609517,44965747,4096
1625724939,255609517,44965755,4096
1625724939,255609517,44965763,4096
1625724939,255609517,44965771,4096
1625724939,255610590,44965779,4096
1625724939,255610590,44965787,4096
1625724939,255610590,44965795,4096
1625724939,255610590,44965803,4096
1625724939,255610590,44965811,1536
1625724939,255781277,44965814,4096
1625724939,255781277,44965822,4096
1625724939,255781277,44965830,4096
1625724939,255782350,44965838,4096
1625724939,255782350,44965846,4096
1625724939,255782350,44965854,4096
1625724939,255782350,44965862,4096
1625724939,255782350,44965870,4096
1625724939,255782350,44965878,4096
1625724939,255782350,44965886,4096
1625724939,255782350,44965894,4096
1625724939,255782350,44965902,4096
1625724939,255783424,44965910,4096
1625724939,255783424,44965918,4096
1625724939,255783424,44965926,4096
1625724939,255783424,44965934,4096
1625724939,255783424,44965942,4096
1625724939,255783424,44965950,4096
1625724939,255783424,44965958,4096
1625724939,255783424,44965966,4096
1625724939,255783424,44965974,4096
1625724939,255784497,44965982,1024
1625724939,255871451,44965984,4096
1625724939,255871451,44965992,4096
1625724939,255871451,44966000,4096
1625724939,255871451,44966008,4096
1625724939,255871451,44966016,4096
1625724939,255871451,44966024,4096
1625724939,255872524,44966032,4096
1625724939,255872524,44966040,4096
1625724939,255872524,44966048,4096
1625724939,255872524,44966056,4096
1625724939,255872524,44966064,4096
1625724939,255872524,44966072,4096
1625724939,256270793,45687072,4096
1625724939,256270793,45687080,4096
1625724939,256270793,45687088,4096
1625724939,256270793,45687096,4096
1625724939,256271866,45687104,4096
1625724939,256271866,45687112,4096
1625724939,256271866,45687120,4096
1625724939,256271866,45687128,4096
1625724939,275794537,45700160,4096
1625724939,275795611,45700168,4096
1625724939,275795611,45700176,4096
1625724939,275795611,45700184,4096
1625724939,275795611,45700192,4096
1625724939,275795611,45700200,4096
1625724939,275795611,45700208,4096
1625724939,275795611,45700216,4096
1625724939,275795611,45700224,4096
1625724939,275796684,45700232,4096
1625724939,275851433,45700240,4096
1625724939,275851433,45700248,4096
1625724939,275852506,45700256,4096
1625724939,275852506,45700264,4096
1625724939,275852506,45700272,4096
1625724939,275852506,45700280,4096
1625724939,275852506,45700288,4096
1625724939,275852506,45700296,4096
1625724939,275852506,45700304,4096
1625724939,275852506,45700312,4096
1625724939,276062912,45721232,4096
1625724939,276062912,45721240,4096
1625724939,276063986,45721248,4096
1625724939,276063986,45721256,4096
1625724939,276063986,45721264,4096
1625724939,276063986,45721272,4096
1625724939,276063986,45721280,4096
1625724939,276063986,45721288,4096
1625724939,276063986,45721296,4096
1625724939,276063986,45721304,4096
1625724939,276197100,45721152,4096
1625724939,276197100,45721160,4096
1625724939,276197100,45721168,4096
1625724939,276197100,45721176,4096
1625724939,276198173,45721184,4096
1625724939,276198173,45721192,4096
1625724939,276198173,45721200,4096
1625724939,276198173,45721208,4096
1625724939,276198173,45721216,4096
1625724939,276198173,45721224,4096
1625724939,276457960,45591392,4096
1625724939,276457960,45591400,4096
1625724939,276457960,45591408,4096
1625724939,276457960,45591416,4096
1625724939,276459034,45591424,4096
1625724939,276459034,45591432,4096
1625724939,276459034,45591440,4096
1625724939,276459034,45591448,4096
1625724939,276459034,45591456,4096
1625724939,276459034,45591464,4096
1625724939,276545987,45591472,4096
1625724939,276547061,45591480,4096
1625724939,276547061,45591488,4096
1625724939,276547061,45591496,4096
1625724939,276547061,45591504,4096
1625724939,276547061,45591512,4096
1625724939,276547061,45591520,4096
1625724939,276547061,45591528,4096
1625724939,276547061,45591536,4096
1625724939,276547061,45591544,4096
1625724939,276669440,45592416,4096
1625724939,276669440,45592424,4096
1625724939,276670513,45592432,4096
1625724939,276670513,45592440,4096
1625724939,276670513,45592448,4096
1625724939,276670513,45592456,4096
1625724939,276670513,45592464,4096
1625724939,276670513,45592472,4096
1625724939,276670513,45592480,4096
1625724939,276670513,45592488,4096
1625724939,276671587,45592496,4096
1625724939,276671587,45592504,4096
1625724939,276671587,45592512,4096
1625724939,276671587,45592520,4096
1625724939,276671587,45592528,4096
1625724939,276671587,45592536,4096
1625724940,219053335,68860120,4096
1625724940,219053335,68860128,4096
1625724940,219053335,68860136,4096
1625724940,219053335,68860144,4096
1625724940,219812299,68860152,4096
1625724940,219812299,68860160,4096
1625724940,219813373,68860168,4096
1625724940,219813373,68860176,4096
1625724940,219813373,68860184,4096
1625724940,219813373,68860192,4096
1625724940,219813373,68860200,4096
1625724940,219813373,68860208,4096
1625724940,219813373,68860216,4096
1625724940,219813373,68860224,4096
1625724940,219813373,68860232,4096
1625724940,219814446,68860240,4096
1625724940,219814446,68860248,4096
1625724940,219814446,68860256,4096
1625724940,219926090,68860264,4096
1625724940,219926090,68860272,4096
1625724940,219926090,68860280,4096
1625724940,219926090,68860288,4096
1625724940,219926090,68860296,4096
1625724940,219927164,68860304,4096
1625724940,219927164,68860312,4096
1625724940,219927164,68860320,4096
1625724940,219927164,68860328,4096
1625724940,219927164,68860336,4096
1625724940,219927164,68860344,4096
1625724940,219927164,68860352,4096
1625724940,219927164,68860360,4096
1625724940,219927164,68860368,4096
1625724940,220609910,68860376,4096
1625724940,220609910,68860384,4096
1625724940,220609910,68860392,4096
1625724940,220609910,68860400,4096
1625724940,220609910,68860408,4096
1625724940,220609910,68860416,4096
1625724940,220609910,68860424,4096
1625724940,220610983,68860432,4096
1625724940,220610983,68860440,4096
1625724940,220610983,68860448,4096
1625724940,220610983,68860456,4096
1625724940,220610983,68860464,4096
1625724940,220610983,68860472,4096
1625724940,220610983,68860480,4096
1625724940,220610983,68860488,4096
1625724940,220610983,68860496,4096
1625724940,221218584,68860504,4096
1625724940,221218584,68860512,4096
1625724940,221218584,68860520,4096
1625724940,221218584,68860528,4096
1625724940,221218584,68860536,4096
1625724940,221219658,68860544,4096
1625724940,221219658,68860552,4096
1625724940,221219658,68860560,4096
1625724940,221219658,68860568,4096
1625724940,221219658,68860576,4096
1625724940,221219658,68860584,4096
1625724940,221219658,68860592,4096
1625724940,221219658,68860600,4096
1625724940,221219658,68860608,4096
1625724940,221219658,68860616,4096
1625724940,221220731,68860624,4096
1625724940,221332375,68860632,4096
1625724940,221332375,68860640,4096
1625724940,221332375,68860648,4096
1625724940,221332375,68860656,4096
1625724940,221333449,68860664,4096
1625724940,221333449,68860672,4096
1625724940,221333449,68860680,4096
1625724940,221333449,68860688,4096
1625724940,221333449,68860696,4096
1625724940,221333449,68860704,4096
1625724940,221333449,68860712,4096
1625724940,221333449,68860720,4096
1625724940,221333449,68860728,4096
1625724940,221334522,68860736,4096
1625724940,221334522,68860744,4096
1625724940,221334522,68860752,4096
1625724940,225393426,68860760,4096
1625724940,225393426,68860768,4096
1625724940,225393426,68860776,4096
1625724940,225394499,68860784,4096
1625724940,225394499,68860792,4096
1625724940,225394499,68860800,4096
1625724940,225394499,68860808,4096
1625724940,225394499,68860816,4096
1625724940,225394499,68860824,4096
1625724940,225394499,68860832,4096
1625724940,225394499,68860840,4096
1625724940,225394499,68860848,4096
1625724940,225395573,68860856,4096
1625724940,225395573,68860864,4096
1625724940,225395573,68860872,4096
1625724940,225395573,68860880,4096
1625724940,225506143,68860888,4096
1625724940,225506143,68860896,4096
1625724940,225507217,68860904,4096
1625724940,225507217,68860912,4096
1625724940,225507217,68860920,4096
1625724940,225507217,68860928,4096
1625724940,225507217,68860936,4096
1625724940,225507217,68860944,4096
1625724940,225507217,68860952,4096
1625724940,225507217,68860960,4096
1625724940,225507217,68860968,4096
1625724940,225508290,68860976,4096
1625724940,225508290,68860984,4096
1625724940,225508290,68860992,4096
1625724940,225508290,68861000,4096
1625724940,225508290,68861008,4096
1625724940,229380405,68861016,4096
1625724940,229380405,68861024,4096
1625724940,229380405,68861032,4096
1625724940,229380405,68861040,4096
1625724940,229381478,68861048,4096
1625724940,229381478,68861056,4096
1625724940,229381478,68861064,4096
1625724940,229381478,68861072,4096
1625724940,229381478,68861080,4096
1625724940,229381478,68861088,4096
1625724940,229381478,68861096,4096
1625724940,229381478,68861104,4096
1625724940,229381478,68861112,4096
1625724940,229381478,68861120,4096
1625724940,229382552,68861128,4096
1625724940,229382552,68861136,4096
1625724940,229494196,68861144,4096
1625724940,229494196,68861152,4096
1625724940,229494196,68861160,4096
1625724940,229494196,68861168,4096
1625724940,229494196,68861176,4096
1625724940,229494196,68861184,4096
1625724940,229494196,68861192,4096
1625724940,229494196,68861200,4096
1625724940,229494196,68861208,4096
1625724940,229495269,68861216,4096
1625724940,229495269,68861224,4096
1625724940,229495269,68861232,4096
1625724940,229495269,68861240,4096
1625724940,229495269,68861248,4096
1625724940,229495269,68861256,4096
1625724940,229495269,68861264,4096
1625724940,233398515,68861272,4096
1625724940,233398515,68861280,4096
1625724940,233398515,68861288,4096
1625724940,233398515,68861296,4096
1625724940,233399589,68861304,4096
1625724940,233399589,68861312,4096
1625724940,233399589,68861320,4096
1625724940,233399589,68861328,4096
1625724940,233399589,68861336,4096
1625724940,233399589,68861344,4096
1625724940,233399589,68861352,4096
1625724940,233399589,68861360,4096
1625724940,233399589,68861368,4096
1625724940,233400662,68861376,4096
1625724940,233400662,68861384,4096
1625724940,233400662,68861392,4096
1625724940,233530556,68861400,4096
1625724940,233530556,68861408,4096
1625724940,233530556,68861416,4096
1625724940,233530556,68861424,4096
1625724940,233531629,68861432,4096
1625724940,233531629,68861440,4096
1625724940,233531629,68861448,4096
1625724940,233531629,68861456,4096
1625724940,233531629,68861464,4096
1625724940,233531629,68861472,4096
1625724940,233531629,68861480,4096
1625724940,233531629,68861488,4096
1625724940,233531629,68861496,4096
1625724940,233531629,68861504,4096
1625724940,233532703,68861512,4096
1625724940,233532703,68861520,4096
1625724940,237542225,68861528,4096
1625724940,237542225,68861536,4096
1625724940,237542225,68861544,4096
1625724940,237542225,68861552,4096
1625724940,237543299,68861560,4096
1625724940,237543299,68861568,4096
1625724940,237543299,68861576,4096
1625724940,237543299,68861584,4096
1625724940,237543299,68861592,4096
1625724940,237543299,68861600,4096
1625724940,237543299,68861608,4096
1625724940,237543299,68861616,4096
1625724940,237543299,68861624,4096
1625724940,237544372,68861632,4096
1625724940,237544372,68861640,4096
1625724940,237544372,68861648,4096
1625724940,237654943,68861656,4096
1625724940,237656016,68861664,4096
1625724940,237656016,68861672,4096
1625724940,237656016,68861680,4096
1625724940,237656016,68861688,4096
1625724940,237656016,68861696,4096
1625724940,237656016,68861704,4096
1625724940,237656016,68861712,4096
1625724940,237656016,68861720,4096
1625724940,237656016,68861728,4096
1625724940,237657090,68861736,4096
1625724940,237657090,68861744,4096
1625724940,237657090,68861752,4096
1625724940,237657090,68861760,4096
1625724940,237657090,68861768,4096
1625724940,237657090,68861776,4096
1625724940,241610790,68861784,4096
1625724940,241610790,68861792,4096
1625724940,241610790,68861800,4096
1625724940,241610790,68861808,4096
1625724940,241610790,68861816,4096
1625724940,241610790,68861824,4096
1625724940,241610790,68861832,4096
1625724940,241610790,68861840,4096
1625724940,241610790,68861848,4096
1625724940,241611864,68861856,4096
1625724940,241611864,68861864,4096
1625724940,241611864,68861872,4096
1625724940,241611864,68861880,4096
1625724940,241611864,68861888,4096
1625724940,241611864,68861896,4096
1625724940,241611864,68861904,4096
1625724940,241723508,68861912,4096
1625724940,241723508,68861920,4096
1625724940,241723508,68861928,4096
1625724940,241723508,68861936,4096
1625724940,241723508,68861944,4096
1625724940,241723508,68861952,4096
1625724940,241723508,68861960,4096
1625724940,241723508,68861968,4096
1625724940,241724581,68861976,4096
1625724940,241724581,68861984,4096
1625724940,241724581,68861992,4096
1625724940,241724581,68862000,4096
1625724940,241724581,68862008,4096
1625724940,241724581,68862016,4096
1625724940,241724581,68862024,4096
1625724940,241724581,68862032,4096
1625724940,245626754,68862040,4096
1625724940,245626754,68862048,4096
1625724940,245626754,68862056,4096
1625724940,245626754,68862064,4096
1625724940,245626754,68862072,4096
1625724940,245626754,68862080,4096
1625724940,245627827,68862088,4096
1625724940,245627827,68862096,4096
1625724940,245627827,68862104,4096
1625724940,245627827,68862112,4096
1625724940,245627827,68862120,4096
1625724940,245627827,68862128,4096
1625724940,245627827,68862136,4096
1625724940,245627827,68862144,4096
1625724940,245627827,68862152,4096
1625724940,245627827,68862160,4096
1625724940,245740545,68862168,4096
1625724940,245740545,68862176,4096
1625724940,245740545,68862184,4096
1625724940,245740545,68862192,4096
1625724940,245740545,68862200,4096
1625724940,245740545,68862208,4096
1625724940,245740545,68862216,4096
1625724940,245741618,68862224,4096
1625724940,245741618,68862232,4096
1625724940,245741618,68862240,4096
1625724940,245741618,68862248,4096
1625724940,245741618,68862256,4096
1625724940,245741618,68862264,4096
1625724940,245741618,68862272,4096
1625724940,245741618,68862280,4096
1625724940,245741618,68862288,4096
1625724940,249631982,68862296,4096
1625724940,249631982,68862304,4096
1625724940,249631982,68862312,4096
1625724940,249631982,68862320,4096
1625724940,249633056,68862328,4096
1625724940,249633056,68862336,4096
1625724940,249633056,68862344,4096
1625724940,249633056,68862352,4096
1625724940,249633056,68862360,4096
1625724940,249633056,68862368,4096
1625724940,249633056,68862376,4096
1625724940,249633056,68862384,4096
1625724940,249633056,68862392,4096
1625724940,249633056,68862400,4096
1625724940,249634129,68862408,4096
1625724940,249634129,68862416,4096
1625724940,249745773,68862424,4096
1625724940,249745773,68862432,4096
1625724940,249745773,68862440,4096
1625724940,249745773,68862448,4096
1625724940,249745773,68862456,4096
1625724940,249745773,68862464,4096
1625724940,249745773,68862472,4096
1625724940,249745773,68862480,4096
1625724940,249746847,68862488,4096
1625724940,249746847,68862496,4096
1625724940,249746847,68862504,4096
1625724940,249746847,68862512,4096
1625724940,249746847,68862520,4096
1625724940,249746847,68862528,4096
1625724940,249746847,68862536,4096
1625724940,249746847,68862544,4096
1625724940,253990392,68862552,4096
1625724940,253990392,68862560,4096
1625724940,253990392,68862568,4096
1625724940,253990392,68862576,4096
1625724940,253990392,68862584,4096
1625724940,253990392,68862592,4096
1625724940,253991466,68862600,4096
1625724940,253991466,68862608,4096
1625724940,253991466,68862616,4096
1625724940,253991466,68862624,4096
1625724940,253991466,68862632,4096
1625724940,253991466,68862640,4096
1625724940,253991466,68862648,4096
1625724940,253991466,68862656,4096
1625724940,253991466,68862664,4096
1625724940,253992539,68862672,4096
1625724940,254119212,68862680,4096
1625724940,254119212,68862688,4096
1625724940,254119212,68862696,4096
1625724940,254119212,68862704,4096
1625724940,254119212,68862712,4096
1625724940,254119212,68862720,4096
1625724940,254120286,68862728,4096
1625724940,254120286,68862736,4096
1625724940,254120286,68862744,4096
1625724940,254120286,68862752,4096
1625724940,254120286,68862760,4096
1625724940,254120286,68862768,4096
1625724940,254120286,68862776,4096
1625724940,254120286,68862784,4096
1625724940,254120286,68862792,4096
1625724940,254121359,68862800,4096
1625724940,258095456,68862808,4096
1625724940,258095456,68862816,4096
1625724940,258095456,68862824,4096
1625724940,258095456,68862832,4096
1625724940,258095456,68862840,4096
1625724940,258095456,68862848,4096
1625724940,258095456,68862856,4096
1625724940,258095456,68862864,4096
1625724940,258096530,68862872,4096
1625724940,258096530,68862880,4096
1625724940,258096530,68862888,4096
1625724940,258096530,68862896,4096
1625724940,258096530,68862904,4096
1625724940,258096530,68862912,4096
1625724940,258096530,68862920,4096
1625724940,258096530,68862928,4096
1625724940,258219982,68862936,4096
1625724940,258219982,68862944,4096
1625724940,258221056,68862952,4096
1625724940,258221056,68862960,4096
1625724940,258221056,68862968,4096
1625724940,258221056,68862976,4096
1625724940,258221056,68862984,4096
1625724940,258221056,68862992,4096
1625724940,258221056,68863000,4096
1625724940,258221056,68863008,4096
1625724940,258221056,68863016,4096
1625724940,258222129,68863024,4096
1625724940,258222129,68863032,4096
1625724940,258222129,68863040,4096
1625724940,258222129,68863048,4096
1625724940,258222129,68863056,4096
1625724940,261962203,68863064,4096
1625724940,261962203,68863072,4096
1625724940,261962203,68863080,4096
1625724940,261962203,68863088,4096
1625724940,261962203,68863096,4096
1625724940,261962203,68863104,4096
1625724940,261963277,68863112,4096
1625724940,261963277,68863120,4096
1625724940,261963277,68863128,4096
1625724940,261963277,68863136,4096
1625724940,261963277,68863144,4096
1625724940,261963277,68863152,4096
1625724940,261963277,68863160,4096
1625724940,261963277,68863168,4096
1625724940,261964350,68863176,4096
1625724940,261964350,68863184,4096
1625724940,262086729,68863192,4096
1625724940,262086729,68863200,4096
1625724940,262087803,68863208,4096
1625724940,262087803,68863216,4096
1625724940,262087803,68863224,4096
1625724940,262087803,68863232,4096
1625724940,262087803,68863240,4096
1625724940,262087803,68863248,4096
1625724940,262087803,68863256,4096
1625724940,262087803,68863264,4096
1625724940,262087803,68863272,4096
1625724940,262088876,68863280,4096
1625724940,262088876,68863288,4096
1625724940,262088876,68863296,4096
1625724940,262088876,68863304,4096
1625724940,262088876,68863312,4096
1625724940,265959917,68863320,4096
1625724940,265959917,68863328,4096
1625724940,265959917,68863336,4096
1625724940,265959917,68863344,4096
1625724940,265959917,68863352,4096
1625724940,265959917,68863360,4096
1625724940,265959917,68863368,4096
1625724940,265960991,68863376,4096
1625724940,265960991,68863384,4096
1625724940,265960991,68863392,4096
1625724940,265960991,68863400,4096
1625724940,265960991,68863408,4096
1625724940,265960991,68863416,4096
1625724940,265960991,68863424,4096
1625724940,265960991,68863432,4096
1625724940,265960991,68863440,4096
1625724940,266084443,68863448,4096
1625724940,266084443,68863456,4096
1625724940,266084443,68863464,4096
1625724940,266084443,68863472,4096
1625724940,266085517,68863480,4096
1625724940,266085517,68863488,4096
1625724940,266085517,68863496,4096
1625724940,266085517,68863504,4096
1625724940,266085517,68863512,4096
1625724940,266085517,68863520,4096
1625724940,266085517,68863528,4096
1625724940,266085517,68863536,4096
1625724940,266085517,68863544,4096
1625724940,266086590,68863552,4096
1625724940,266086590,68863560,4096
1625724940,266086590,68863568,4096
1625724940,270179846,68863576,4096
1625724940,270179846,68863584,4096
1625724940,270179846,68863592,4096
1625724940,270179846,68863600,4096
1625724940,270179846,68863608,4096
1625724940,270179846,68863616,4096
1625724940,270179846,68863624,4096
1625724940,270179846,68863632,4096
1625724940,270180919,68863640,4096
1625724940,270180919,68863648,4096
1625724940,270180919,68863656,4096
1625724940,270180919,68863664,4096
1625724940,270180919,68863672,4096
1625724940,270180919,68863680,4096
1625724940,270180919,68863688,4096
1625724940,270180919,68863696,4096
1625724940,270297931,68863704,4096
1625724940,270297931,68863712,4096
1625724940,270297931,68863720,4096
1625724940,270297931,68863728,4096
1625724940,270297931,68863736,4096
1625724940,270299004,68863744,4096
1625724940,270299004,68863752,4096
1625724940,270299004,68863760,4096
1625724940,270299004,68863768,4096
1625724940,270299004,68863776,4096
1625724940,270299004,68863784,4096
1625724940,270299004,68863792,4096
1625724940,270299004,68863800,4096
1625724940,270299004,68863808,4096
1625724940,270299004,68863816,4096
1625724940,270300078,68863824,4096
1625724940,274539329,68863832,4096
1625724940,274539329,68863840,4096
1625724940,274540403,68863848,4096
1625724940,274540403,68863856,4096
1625724940,274540403,68863864,4096
1625724940,274540403,68863872,4096
1625724940,274540403,68863880,4096
1625724940,274540403,68863888,4096
1625724940,274540403,68863896,4096
1625724940,274540403,68863904,4096
1625724940,274541476,68863912,4096
1625724940,274541476,68863920,4096
1625724940,274541476,68863928,4096
1625724940,274541476,68863936,4096
1625724940,274541476,68863944,4096
1625724940,274541476,68863952,4096
1625724940,274659561,68863960,4096
1625724940,274659561,68863968,4096
1625724940,274659561,68863976,4096
1625724940,274659561,68863984,4096
1625724940,274659561,68863992,4096
1625724940,274659561,68864000,4096
1625724940,274659561,68864008,4096
1625724940,274659561,68864016,4096
1625724940,274660635,68864024,4096
1625724940,274660635,68864032,4096
1625724940,274660635,68864040,4096
1625724940,274660635,68864048,4096
1625724940,274660635,68864056,4096
1625724940,274660635,68864064,4096
1625724940,274660635,68864072,4096
1625724940,274660635,68864080,4096
1625724940,278545631,68864088,4096
1625724940,278545631,68864096,4096
1625724940,278546705,68864104,4096
1625724940,278546705,68864112,4096
1625724940,278546705,68864120,4096
1625724940,278546705,68864128,4096
1625724940,278546705,68864136,4096
1625724940,278546705,68864144,4096
1625724940,278546705,68864152,4096
1625724940,278546705,68864160,4096
1625724940,278547778,68864168,4096
1625724940,278547778,68864176,4096
1625724940,278547778,68864184,4096
1625724940,278547778,68864192,4096
1625724940,278547778,68864200,4096
1625724940,278547778,68864208,4096
1625724940,278660496,68864216,4096
1625724940,278660496,68864224,4096
1625724940,278660496,68864232,4096
1625724940,278660496,68864240,4096
1625724940,278660496,68864248,4096
1625724940,278660496,68864256,4096
1625724940,278660496,68864264,4096
1625724940,278661569,68864272,4096
1625724940,278661569,68864280,4096
1625724940,278661569,68864288,4096
1625724940,278661569,68864296,4096
1625724940,278661569,68864304,4096
1625724940,278661569,68864312,4096
1625724940,278661569,68864320,4096
1625724940,278661569,68864328,4096
1625724940,278661569,68864336,4096
1625724940,282498258,68864344,4096
1625724940,282498258,68864352,4096
1625724940,282498258,68864360,4096
1625724940,282498258,68864368,2048
1625724940,849789333,6847944,4096
1625724941,249368688,45592544,4096
1625724941,249369762,45592552,4096
1625724941,249369762,45592560,4096
1625724941,249369762,45592568,4096
1625724941,249452421,63553344,4096
1625724941,249453495,63553352,4096
1625724941,249453495,63553360,4096
1625724941,249453495,63553368,4096
1625724941,249608079,63601856,4096
1625724941,249608079,63601864,4096
1625724941,249608079,63601872,4096
1625724941,249608079,63601880,4096
1625724941,249750854,62738048,4096
1625724941,249750854,62738056,4096
1625724941,249750854,62738064,4096
1625724941,249750854,62738072,4096
1625724941,249992392,28364320,4096
1625724941,249992392,28364328,4096
1625724941,249992392,28364336,4096
1625724941,249992392,28364344,4096
1625724941,249992392,28364352,4096
1625724941,249992392,28364360,4096
1625724941,249992392,28364368,4096
1625724941,249993465,28364376,4096
1625724941,251275224,45664736,4096
1625724941,251275224,45664744,4096
1625724941,251275224,45664752,4096
1625724941,251276298,45664760,4096
1625724941,251276298,45664768,4096
1625724941,251276298,45664776,4096
1625724941,251276298,45664784,4096
1625724941,251276298,45664792,4096
1625724941,251276298,45664800,4096
1625724941,251276298,45664808,4096
1625724941,251276298,45664816,4096
1625724941,251276298,45664824,4096
1625724941,251444837,45664832,4096
1625724941,251444837,45664840,4096
1625724941,251444837,45664848,4096
1625724941,251444837,45664856,4096
1625724941,251444837,45664864,4096
1625724941,251444837,45664872,4096
1625724941,251444837,45664880,4096
1625724941,251445911,45664888,4096
1625724941,251445911,45664896,4096
1625724941,251445911,45664904,4096
1625724941,251445911,45664912,4096
1625724941,251445911,45664920,4096
1625724941,251595127,45648672,4096
1625724941,251595127,45648680,4096
1625724941,251595127,45648688,4096
1625724941,251595127,45648696,4096
1625724941,251595127,45648704,4096
1625724941,251596201,45648712,4096
1625724941,251596201,45648720,4096
1625724941,251596201,45648728,4096
1625724941,251631626,64710112,4096
1625724941,251631626,64710120,4096
1625724941,251631626,64710128,4096
1625724941,251631626,64710136,4096
1625724941,252771683,63552800,4096
1625724941,252771683,63552808,4096
1625724941,252771683,63552816,4096
1625724941,252771683,63552824,4096
1625724941,253557485,62754880,4096
1625724941,253557485,62754888,4096
1625724941,253557485,62754896,4096
1625724941,253557485,62754904,4096
1625724941,253557485,62754912,4096
1625724941,253558559,62754920,4096
1625724941,253558559,62754928,4096
1625724941,253558559,62754936,4096
1625724941,253937504,28332960,4096
1625724941,253937504,28332968,4096
1625724941,253937504,28332976,4096
1625724941,253937504,28332984,4096
1625724941,253937504,28332992,4096
1625724941,253937504,28333000,4096
1625724941,253937504,28333008,4096
1625724941,253938578,28333016,4096
1625724941,263773985,66141440,4096
1625724941,263773985,66141448,4096
1625724941,263773985,66141456,4096
1625724941,263773985,66141464,4096
1625724941,263958627,67224832,4096
1625724941,263959700,67224840,4096
1625724941,263959700,67224848,4096
1625724941,263959700,67224856,4096
1625724941,264157224,67380096,4096
1625724941,264157224,67380104,4096
1625724941,264158298,67380112,4096
1625724941,264158298,67380120,4096
1625724941,264680019,56757856,4096
1625724941,264680019,56757864,4096
1625724941,264680019,56757872,4096
1625724941,264680019,56757880,4096
1625724941,264818500,67468320,4096
1625724941,264818500,67468328,4096
1625724941,264818500,67468336,4096
1625724941,264819574,67468344,4096
1625724941,264935512,67469088,4096
1625724941,264935512,67469096,4096
1625724941,264936585,67469104,4096
1625724941,264936585,67469112,4096
1625724941,265720240,67500832,4096
1625724941,265720240,67500840,4096
1625724941,265720240,67500848,4096
1625724941,265721314,67500856,4096
1625724941,265896294,56667968,4096
1625724941,265897368,56667976,4096
1625724941,265897368,56667984,4096
1625724941,265897368,56667992,4096
1625724941,274169759,68058656,4096
1625724941,274169759,68058664,4096
1625724941,274169759,68058672,4096
1625724941,274169759,68058680,4096
1625724941,275269023,68058784,4096
1625724941,275269023,68058792,4096
1625724941,275269023,68058800,4096
1625724941,275269023,68058808,4096
1625724941,277002725,67885184,4096
1625724941,277002725,67885192,4096
1625724941,277002725,67885200,4096
1625724941,277002725,67885208,4096
1625724941,277002725,67885216,4096
1625724941,277003799,67885224,4096
1625724941,277003799,67885232,4096
1625724941,277003799,67885240,4096
1625724941,277633943,56668032,4096
1625724941,277633943,56668040,4096
1625724941,277633943,56668048,4096
1625724941,277633943,56668056,4096
1625724941,277681177,68062112,4096
1625724941,277681177,68062120,4096
1625724941,277681177,68062128,4096
1625724941,277681177,68062136,4096
1625724941,279177636,67189984,4096
1625724941,279177636,67189992,4096
1625724941,279177636,67190000,4096
1625724941,279177636,67190008,4096
1625724941,279739077,45717120,4096
1625724941,279739077,45717128,4096
1625724941,279739077,45717136,4096
1625724941,279739077,45717144,4096
1625724941,279739077,45717152,4096
1625724941,279740150,45717160,4096
1625724941,279740150,45717168,4096
1625724941,279740150,45717176,4096
1625724941,280065421,44981088,4096
1625724941,280065421,44981096,4096
1625724941,280066494,44981104,4096
1625724941,280066494,44981112,4096
1625724941,280066494,44981120,4096
1625724941,280066494,44981128,4096
1625724941,280066494,44981136,4096
1625724941,280066494,44981144,4096
1625724941,280066494,44981152,4096
1625724941,280066494,44981160,4096
1625724941,280067568,44981168,4096
1625724941,280067568,44981176,4096
1625724941,280067568,44981184,4096
1625724941,280067568,44981192,4096
1625724941,280067568,44981200,4096
1625724941,280067568,44981208,4096
1625724941,280067568,44981216,4096
1625724941,280067568,44981224,4096
1625724941,280067568,44981232,3072
1625724941,280248989,44981238,4096
1625724941,280250063,44981246,4096
1625724941,280250063,44981254,4096
1625724941,280250063,44981262,4096
1625724941,280250063,44981270,4096
1625724941,280250063,44981278,4096
1625724941,280250063,44981286,4096
1625724941,280250063,44981294,4096
1625724941,280250063,44981302,4096
1625724941,280250063,44981310,4096
1625724941,280251136,44981318,4096
1625724941,280251136,44981326,4096
1625724941,280251136,44981334,4096
1625724941,280251136,44981342,4096
1625724941,280251136,44981350,4096
1625724941,280251136,44981358,4096
1625724941,280251136,44981366,4096
1625724941,280251136,44981374,4096
1625724941,280251136,44981382,3072
1625724941,280443293,44981388,4096
1625724941,280443293,44981396,4096
1625724941,280443293,44981404,4096
1625724941,280443293,44981412,4096
1625724941,280443293,44981420,4096
1625724941,280443293,44981428,4096
1625724941,280443293,44981436,4096
1625724941,280443293,44981444,4096
1625724941,280444366,44981452,4096
1625724941,280444366,44981460,4096
1625724941,280444366,44981468,4096
1625724941,280444366,44981476,4096
1625724941,280444366,44981484,4096
1625724941,280444366,44981492,4096
1625724941,280444366,44981500,4096
1625724941,280444366,44981508,4096
1625724941,280444366,44981516,4096
1625724941,280445440,44981524,4096
1625724941,280445440,44981532,2048
1625724941,290980769,67190048,4096
1625724941,290980769,67190056,4096
1625724941,290980769,67190064,4096
1625724941,290980769,67190072,4096
1625724941,291316774,67190112,4096
1625724941,291316774,67190120,4096
1625724941,291316774,67190128,4096
1625724941,291316774,67190136,4096
1625724941,291928669,68890880,4096
1625724941,291928669,68890888,4096
1625724941,291928669,68890896,4096
1625724941,291928669,68890904,4096
1625724941,292104723,56667904,4096
1625724941,292104723,56667912,4096
1625724941,292104723,56667920,4096
1625724941,292104723,56667928,4096
1625724941,303255168,61525024,4096
1625724941,303256241,61525032,4096
1625724941,303256241,61525040,4096
1625724941,303256241,61525048,4096
1625724941,303391502,67883808,4096
1625724941,303391502,67883816,4096
1625724941,303391502,67883824,4096
1625724941,303392576,67883832,4096
1625724941,303392576,67883840,4096
1625724941,303392576,67883848,4096
1625724941,303392576,67883856,4096
1625724941,303392576,67883864,4096
1625724941,303583659,68059712,4096
1625724941,303583659,68059720,4096
1625724941,303583659,68059728,4096
1625724941,303584732,68059736,4096
1625724941,303584732,68059744,4096
1625724941,303584732,68059752,4096
1625724941,303584732,68059760,4096
1625724941,303584732,68059768,4096
1625724941,306722573,69495072,4096
1625724941,306722573,69495080,4096
1625724941,306722573,69495088,4096
1625724941,306722573,69495096,4096
1625724941,307105812,69495104,4096
1625724941,307105812,69495112,4096
1625724941,307105812,69495120,4096
1625724941,307105812,69495128,4096
1625724941,307577079,70479392,4096
1625724941,307577079,70479400,4096
1625724941,307577079,70479408,4096
1625724941,307577079,70479416,4096
1625724941,307635048,69499296,4096
1625724941,307635048,69499304,4096
1625724941,307636121,69499312,4096
1625724941,307636121,69499320,4096
1625724941,307825057,69553120,4096
1625724941,307825057,69553128,4096
1625724941,307825057,69553136,4096
1625724941,307825057,69553144,4096
1625724941,308428364,70479424,4096
1625724941,308428364,70479432,4096
1625724941,308428364,70479440,4096
1625724941,308428364,70479448,4096
1625724941,308579728,56672288,4096
1625724941,308579728,56672296,4096
1625724941,308579728,56672304,4096
1625724941,308580801,56672312,4096
1625724941,314970273,70478464,4096
1625724941,314970273,70478472,4096
1625724941,314970273,70478480,4096
1625724941,314970273,70478488,4096
1625724941,315584315,70615200,4096
1625724941,315584315,70615208,4096
1625724941,315584315,70615216,4096
1625724941,315584315,70615224,4096
1625724941,315688445,70610944,4096
1625724941,315688445,70610952,4096
1625724941,315689518,70610960,4096
1625724941,315689518,70610968,4096
1625724941,315829073,70617824,4096
1625724941,315829073,70617832,4096
1625724941,315829073,70617840,4096
1625724941,315829073,70617848,4096
1625724941,316510746,70634496,4096
1625724941,316510746,70634504,4096
1625724941,316510746,70634512,4096
1625724941,316510746,70634520,4096
1625724941,316617022,70657632,4096
1625724941,316617022,70657640,4096
1625724941,316617022,70657648,4096
1625724941,316617022,70657656,4096
1625724942,1023433826,6848032,4096
1625724942,1071056433,1274664,4096
1625724942,1071056433,1274672,4096
1625724942,1071057507,1274680,3584
1625724942,268625918,48936552,4096
1625724942,269316179,1932472,4096
1625724942,269316179,1932480,4096
1625724942,468798243,48936576,4096
1625724942,469664557,3274232,4096
1625724942,469664557,3274240,4096
1625724942,469665631,3274248,4096
1625724942,469665631,3274256,4096
1625724942,470496520,3274264,4096
1625724942,470496520,3274272,4096
1625724942,470496520,3274280,4096
1625724942,470496520,3274288,4096
1625724942,470496520,3274296,4096
1625724942,470497593,3274304,4096
1625724942,470497593,3274312,4096
1625724942,470497593,3274320,4096
1625724942,470497593,3274328,4096
1625724942,470497593,3274336,4096
1625724942,470497593,3274344,4096
1625724942,470497593,3274352,4096
1625724942,470497593,3274360,4096
1625724942,470497593,3274368,4096
1625724942,470603870,3274376,4096
1625724942,470603870,3274384,4096
1625724942,470603870,3274392,4096
1625724942,470603870,3274400,4096
1625724942,470603870,3274408,4096
1625724942,470603870,3274416,4096
1625724942,470603870,3274424,4096
1625724942,470603870,3274432,4096
1625724942,470604943,3274440,4096
1625724942,470604943,3274448,4096
1625724942,470604943,3274456,4096
1625724942,470604943,3274464,4096
1625724942,470604943,3274472,4096
1625724942,470604943,3274480,4096
1625724942,471266219,3274488,4096
1625724942,471266219,3274496,4096
1625724942,471266219,3274504,4096
1625724942,471266219,3274512,4096
1625724942,471266219,3274520,4096
1625724942,471266219,3274528,3584
1625724942,567177003,6848024,4096
1625724942,642466926,7016808,4096
1625724942,643295668,48936592,4096
1625724942,644060000,44519496,4096
1625724942,644060000,44519504,4096
1625724942,644061073,44519512,4096
1625724942,644061073,44519520,4096
1625724942,644686924,44519528,4096
1625724942,644687997,44519536,4096
1625724942,644687997,44519544,4096
1625724942,644687997,44519552,4096
1625724942,644687997,44519560,2560
1625724942,809651669,9585112,2048
1625724942,811781493,850224,4096
1625724942,811781493,850232,4096
1625724942,811782566,850240,4096
1625724942,811782566,850248,4096
1625724942,912429632,48936600,4096
1625724942,913622291,1955016,4096
1625724942,913622291,1955024,3072
1625724943,134969514,48936608,4096
1625724943,135844417,44786544,4096
1625724943,135844417,44786552,4096
1625724943,135844417,44786560,4096
1625724943,135844417,44786568,4096
1625724943,136634513,44786576,4096
1625724943,136635586,44786584,4096
1625724943,136635586,44786592,4096
1625724943,136635586,44786600,4096
1625724943,136635586,44786608,4096
1625724943,136635586,44786616,1024
1625724943,263281749,45675104,4096
1625724943,263282822,45675112,4096
1625724943,263282822,45675120,4096
1625724943,263282822,45675128,4096
1625724943,263282822,45675136,4096
1625724943,263282822,45675144,4096
1625724943,263282822,45675152,4096
1625724943,263283896,45675160,4096
1625724943,263594137,45695456,4096
1625724943,263594137,45695464,4096
1625724943,263594137,45695472,4096
1625724943,263594137,45695480,4096
1625724943,263595211,45695488,4096
1625724943,263595211,45695496,4096
1625724943,263595211,45695504,4096
1625724943,263595211,45695512,4096
1625724943,263595211,45695520,4096
1625724943,263595211,45695528,4096
1625724943,263595211,45695536,4096
1625724943,263596284,45695544,4096
1625724943,266112568,45699168,4096
1625724943,266112568,45699176,4096
1625724943,266113642,45699184,4096
1625724943,266113642,45699192,4096
1625724943,266113642,45699200,4096
1625724943,266113642,45699208,4096
1625724943,266113642,45699216,4096
1625724943,266113642,45699224,4096
1625724943,269446859,45593280,4096
1625724943,269446859,45593288,4096
1625724943,269447933,45593296,4096
1625724943,269447933,45593304,4096
1625724943,270334644,45695936,4096
1625724943,270334644,45695944,4096
1625724943,270335717,45695952,4096
1625724943,270335717,45695960,4096
1625724943,270335717,45695968,4096
1625724943,270335717,45695976,4096
1625724943,270335717,45695984,4096
1625724943,270335717,45695992,4096
1625724943,276506195,45734080,4096
1625724943,276506195,45734088,4096
1625724943,276507269,45734096,4096
1625724943,276507269,45734104,4096
1625724943,276507269,45734112,4096
1625724943,276507269,45734120,4096
1625724943,276507269,45734128,4096
1625724943,276507269,45734136,4096
1625724943,276507269,45734144,4096
1625724943,276508342,45734152,4096
1625724943,276508342,45734160,4096
1625724943,276508342,45734168,4096
1625724943,276508342,45734176,4096
1625724943,276508342,45734184,4096
1625724943,276508342,45734192,4096
1625724943,276508342,45734200,4096
1625724943,276764909,13038336,4096
1625724943,276764909,13038344,4096
1625724943,276764909,13038352,4096
1625724943,276764909,13038360,4096
1625724943,276764909,13038368,4096
1625724943,276765982,13038376,4096
1625724943,276765982,13038384,4096
1625724943,276765982,13038392,4096
1625724943,276765982,13038400,4096
1625724943,276765982,13038408,4096
1625724943,276765982,13038416,4096
1625724943,276765982,13038424,4096
1625724943,276767056,13038432,4096
1625724943,276767056,13038440,4096
1625724943,276767056,13038448,4096
1625724943,276767056,13038456,4096
1625724943,276767056,13038464,4096
1625724943,276767056,13038472,4096
1625724943,276767056,13038480,4096
1625724943,276768129,13038488,4096
1625724943,276768129,13038496,4096
1625724943,276768129,13038504,1536
1625724943,276932375,13038507,4096
1625724943,276932375,13038515,4096
1625724943,276932375,13038523,4096
1625724943,276932375,13038531,4096
1625724943,276932375,13038539,4096
1625724943,276933448,13038547,4096
1625724943,276933448,13038555,4096
1625724943,276933448,13038563,4096
1625724943,276933448,13038571,4096
1625724943,276933448,13038579,4096
1625724943,276933448,13038587,4096
1625724943,276933448,13038595,4096
1625724943,276934522,13038603,4096
1625724943,276934522,13038611,4096
1625724943,276934522,13038619,4096
1625724943,276934522,13038627,4096
1625724943,276934522,13038635,4096
1625724943,276934522,13038643,4096
1625724943,276934522,13038651,4096
1625724943,276935595,13038659,4096
1625724943,276935595,13038667,4096
1625724943,276935595,13038675,1536
1625724943,277100914,13038678,4096
1625724943,277101988,13038686,4096
1625724943,277101988,13038694,4096
1625724943,277101988,13038702,4096
1625724943,277101988,13038710,4096
1625724943,277101988,13038718,4096
1625724943,277101988,13038726,4096
1625724943,277101988,13038734,4096
1625724943,277103061,13038742,4096
1625724943,277103061,13038750,4096
1625724943,277103061,13038758,4096
1625724943,277103061,13038766,4096
1625724943,277103061,13038774,4096
1625724943,277103061,13038782,4096
1625724943,277103061,13038790,4096
1625724943,277104135,13038798,4096
1625724943,277104135,13038806,4096
1625724943,277104135,13038814,4096
1625724943,277104135,13038822,4096
1625724943,277104135,13038830,4096
1625724943,277104135,13038838,4096
1625724943,277104135,13038846,1024
1625724943,277224367,13038848,4096
1625724943,277225440,13038856,4096
1625724943,277225440,13038864,4096
1625724943,277225440,13038872,4096
1625724943,277225440,13038880,4096
1625724943,277225440,13038888,4096
1625724943,277225440,13038896,4096
1625724943,277225440,13038904,4096
1625724943,277226514,13038912,4096
1625724943,277226514,13038920,4096
1625724943,277226514,13038928,4096
1625724943,277226514,13038936,4096
1625724943,277226514,13038944,4096
1625724943,277226514,13038952,4096
1625724943,277226514,13038960,4096
1625724943,277227587,13038968,4096
1625724943,277624782,45299072,4096
1625724943,277625856,45299080,4096
1625724943,277625856,45299088,4096
1625724943,277625856,45299096,4096
1625724943,277625856,45299104,4096
1625724943,277625856,45299112,4096
1625724943,277625856,45299120,4096
1625724943,277626929,45299128,4096
1625724943,277626929,45299136,4096
1625724943,277626929,45299144,4096
1625724943,277626929,45299152,4096
1625724943,277626929,45299160,4096
1625724943,277626929,45299168,4096
1625724943,277626929,45299176,4096
1625724943,277626929,45299184,4096
1625724943,277628003,45299192,4096
1625724943,291982845,45364256,4096
1625724943,291982845,45364264,4096
1625724943,291982845,45364272,4096
1625724943,291982845,45364280,4096
1625724943,291982845,45364288,4096
1625724943,291982845,45364296,4096
1625724943,291983918,45364304,4096
1625724943,291983918,45364312,4096
1625724943,291983918,45364320,4096
1625724943,291983918,45364328,4096
1625724943,291983918,45364336,4096
1625724943,291983918,45364344,4096
1625724943,291983918,45364352,4096
1625724943,291983918,45364360,4096
1625724943,291984992,45364368,4096
1625724943,291984992,45364376,4096
1625724943,292030079,859616,4096
1625724943,292030079,859624,4096
1625724943,292031152,859632,4096
1625724943,292031152,859640,4096
1625724943,292031152,859648,4096
1625724943,292031152,859656,4096
1625724943,292031152,859664,4096
1625724943,292031152,859672,4096
1625724943,292031152,859680,4096
1625724943,292032226,859688,4096
1625724943,292032226,859696,4096
1625724943,292032226,859704,4096
1625724943,292032226,859712,4096
1625724943,292032226,859720,4096
1625724943,292032226,859728,4096
1625724943,292032226,859736,4096
1625724943,292163193,859744,4096
1625724943,292164266,859752,4096
1625724943,292164266,859760,4096
1625724943,292164266,859768,4096
1625724943,292164266,859776,4096
1625724943,292164266,859784,4096
1625724943,292164266,859792,4096
1625724943,292164266,859800,4096
1625724943,292165340,859808,4096
1625724943,292165340,859816,4096
1625724943,292165340,859824,4096
1625724943,292165340,859832,4096
1625724943,292165340,859840,4096
1625724943,292165340,859848,4096
1625724943,292165340,859856,4096
1625724943,292166413,859864,4096
1625724943,323119712,1278496,4096
1625724943,323119712,1278504,4096
1625724943,323119712,1278512,2048
1625724943,470823651,48936616,4096
1625724943,471581542,60512320,4096
1625724943,471581542,60512328,4096
1625724943,471581542,60512336,4096
1625724943,471581542,60512344,4096
1625724943,472408137,60512352,4096
1625724943,472408137,60512360,4096
1625724943,472408137,60512368,4096
1625724943,472408137,60512376,4096
1625724943,472408137,60512384,4096
1625724943,472408137,60512392,4096
1625724943,472408137,60512400,4096
1625724943,472408137,60512408,4096
1625724943,472409210,60512416,4096
1625724943,472409210,60512424,4096
1625724943,472409210,60512432,4096
1625724943,472409210,60512440,4096
1625724943,472409210,60512448,4096
1625724943,472409210,60512456,4096
1625724943,472515487,60512464,4096
1625724943,472515487,60512472,4096
1625724943,472515487,60512480,4096
1625724943,472515487,60512488,4096
1625724943,472515487,60512496,4096
1625724943,472515487,60512504,4096
1625724943,472515487,60512512,4096
1625724943,472515487,60512520,4096
1625724943,472515487,60512528,4096
1625724943,472516560,60512536,4096
1625724943,472516560,60512544,4096
1625724943,472516560,60512552,4096
1625724943,472516560,60512560,4096
1625724943,472516560,60512568,4096
1625724943,473298068,60512576,4096
1625724943,473298068,60512584,4096
1625724943,473299142,60512592,4096
1625724943,473299142,60512600,4096
1625724943,473299142,60512608,4096
1625724943,473299142,60512616,4096
1625724943,473299142,60512624,4096
1625724943,473299142,60512632,4096
1625724943,473299142,60512640,4096
1625724943,473299142,60512648,2048
1625724943,577868777,6848040,4096
1625724943,792432442,3415744,4096
1625724943,792432442,3415752,4096
1625724943,792432442,3415760,4096
1625724943,792432442,3415768,4096
1625724943,793255817,3415776,4096
1625724943,793255817,3415784,4096
1625724943,793255817,3415792,4096
1625724943,793256890,3415800,4096
1625724943,793256890,3415808,4096
1625724943,793256890,3415816,4096
1625724943,793256890,3415824,4096
1625724943,793256890,3415832,4096
1625724943,793256890,3415840,4096
1625724943,793256890,3415848,4096
1625724943,793256890,3415856,4096
1625724943,793256890,3415864,4096
1625724943,793257964,3415872,4096
1625724943,793257964,3415880,4096
1625724943,793351358,3415888,4096
1625724943,793351358,3415896,4096
1625724943,793351358,3415904,4096
1625724943,793351358,3415912,4096
1625724943,793351358,3415920,4096
1625724943,793351358,3415928,4096
1625724943,793351358,3415936,4096
1625724943,793352432,3415944,4096
1625724943,793352432,3415952,4096
1625724943,793352432,3415960,4096
1625724943,793352432,3415968,4096
1625724943,793352432,3415976,4096
1625724943,793352432,3415984,4096
1625724943,793352432,3415992,4096
1625724943,793808669,3416000,2560
1625724944,123788725,61539392,4096
1625724944,123789799,61539400,4096
1625724944,123789799,61539408,4096
1625724944,123789799,61539416,4096
1625724944,124623908,61539424,4096
1625724944,124624982,61539432,4096
1625724944,124624982,61539440,4096
1625724944,124624982,61539448,4096
1625724944,124624982,61539456,4096
1625724944,124624982,61539464,4096
1625724944,124624982,61539472,4096
1625724944,124624982,61539480,4096
1625724944,124624982,61539488,4096
1625724944,124626055,61539496,4096
1625724944,124626055,61539504,4096
1625724944,124626055,61539512,4096
1625724944,124626055,61539520,4096
1625724944,124626055,61539528,4096
1625724944,124715156,61539536,4096
1625724944,124716229,61539544,4096
1625724944,124716229,61539552,4096
1625724944,124716229,61539560,4096
1625724944,124716229,61539568,4096
1625724944,124716229,61539576,4096
1625724944,124716229,61539584,4096
1625724944,124716229,61539592,4096
1625724944,124716229,61539600,4096
1625724944,124716229,61539608,4096
1625724944,124717303,61539616,4096
1625724944,124717303,61539624,4096
1625724944,124717303,61539632,4096
1625724944,124717303,61539640,4096
1625724944,125301287,61539648,4096
1625724944,125301287,61539656,4096
1625724944,125301287,61539664,4096
1625724944,125302360,61539672,4096
1625724944,125302360,61539680,4096
1625724944,125302360,61539688,4096
1625724944,125302360,61539696,4096
1625724944,125302360,61539704,4096
1625724944,125302360,61539712,4096
1625724944,125302360,61539720,4096
1625724944,125302360,61539728,4096
1625724944,125302360,61539736,4096
1625724944,125303434,61539744,4096
1625724944,125303434,61539752,4096
1625724944,125303434,61539760,4096
1625724944,125303434,61539768,4096
1625724944,126410212,61539776,4096
1625724944,126410212,61539784,4096
1625724944,126411286,61539792,4096
1625724944,126411286,61539800,4096
1625724944,126411286,61539808,4096
1625724944,126411286,61539816,4096
1625724944,126411286,61539824,4096
1625724944,126411286,61539832,4096
1625724944,126411286,61539840,4096
1625724944,126411286,61539848,4096
1625724944,126411286,61539856,4096
1625724944,126412359,61539864,4096
1625724944,126412359,61539872,4096
1625724944,126412359,61539880,4096
1625724944,126412359,61539888,4096
1625724944,126412359,61539896,4096
1625724944,126526150,61539904,4096
1625724944,126526150,61539912,4096
1625724944,126526150,61539920,4096
1625724944,126526150,61539928,4096
1625724944,126526150,61539936,4096
1625724944,126526150,61539944,4096
1625724944,126526150,61539952,4096
1625724944,126526150,61539960,4096
1625724944,126527224,61539968,4096
1625724944,126527224,61539976,4096
1625724944,126527224,61539984,4096
1625724944,126527224,61539992,4096
1625724944,126527224,61540000,4096
1625724944,126527224,61540008,4096
1625724944,126527224,61540016,4096
1625724944,126527224,61540024,4096
1625724944,130265151,61540032,4096
1625724944,130265151,61540040,4096
1625724944,130265151,61540048,4096
1625724944,130266224,61540056,4096
1625724944,130266224,61540064,4096
1625724944,130266224,61540072,4096
1625724944,130266224,61540080,4096
1625724944,130266224,61540088,4096
1625724944,130266224,61540096,4096
1625724944,130266224,61540104,4096
1625724944,130266224,61540112,4096
1625724944,130266224,61540120,4096
1625724944,130267298,61540128,4096
1625724944,130267298,61540136,4096
1625724944,130267298,61540144,4096
1625724944,130267298,61540152,4096
1625724944,130378942,61540160,4096
1625724944,130378942,61540168,4096
1625724944,130378942,61540176,4096
1625724944,130378942,61540184,4096
1625724944,130378942,61540192,4096
1625724944,130378942,61540200,4096
1625724944,130378942,61540208,4096
1625724944,130380015,61540216,4096
1625724944,130380015,61540224,4096
1625724944,130380015,61540232,4096
1625724944,130380015,61540240,4096
1625724944,130380015,61540248,4096
1625724944,130380015,61540256,4096
1625724944,130380015,61540264,4096
1625724944,130380015,61540272,4096
1625724944,130381089,61540280,4096
1625724944,134604238,61540288,4096
1625724944,134604238,61540296,4096
1625724944,134604238,61540304,4096
1625724944,134604238,61540312,4096
1625724944,134604238,61540320,4096
1625724944,134604238,61540328,4096
1625724944,134604238,61540336,4096
1625724944,134604238,61540344,4096
1625724944,134604238,61540352,4096
1625724944,134605311,61540360,4096
1625724944,134605311,61540368,4096
1625724944,134605311,61540376,4096
1625724944,134605311,61540384,4096
1625724944,134605311,61540392,4096
1625724944,134605311,61540400,4096
1625724944,134605311,61540408,4096
1625724944,134716955,61540416,4096
1625724944,134716955,61540424,4096
1625724944,134716955,61540432,4096
1625724944,134716955,61540440,4096
1625724944,134716955,61540448,4096
1625724944,134716955,61540456,4096
1625724944,134716955,61540464,4096
1625724944,134716955,61540472,4096
1625724944,134716955,61540480,4096
1625724944,134718029,61540488,4096
1625724944,134718029,61540496,4096
1625724944,134718029,61540504,4096
1625724944,134718029,61540512,4096
1625724944,134718029,61540520,4096
1625724944,134718029,61540528,4096
1625724944,134718029,61540536,4096
1625724944,138818799,61540544,4096
1625724944,138818799,61540552,4096
1625724944,138818799,61540560,4096
1625724944,138818799,61540568,4096
1625724944,138818799,61540576,4096
1625724944,138818799,61540584,4096
1625724944,138819872,61540592,4096
1625724944,138819872,61540600,4096
1625724944,138819872,61540608,4096
1625724944,138819872,61540616,4096
1625724944,138819872,61540624,4096
1625724944,138819872,61540632,4096
1625724944,138819872,61540640,4096
1625724944,138819872,61540648,4096
1625724944,138819872,61540656,4096
1625724944,138819872,61540664,4096
1625724944,138931516,61540672,4096
1625724944,138931516,61540680,4096
1625724944,138931516,61540688,4096
1625724944,138931516,61540696,4096
1625724944,138931516,61540704,4096
1625724944,138931516,61540712,4096
1625724944,138932590,61540720,4096
1625724944,138932590,61540728,4096
1625724944,138932590,61540736,4096
1625724944,138932590,61540744,4096
1625724944,138932590,61540752,4096
1625724944,138932590,61540760,4096
1625724944,138932590,61540768,4096
1625724944,138932590,61540776,4096
1625724944,138932590,61540784,4096
1625724944,138933663,61540792,4096
1625724944,142718824,61540800,4096
1625724944,142718824,61540808,4096
1625724944,142719898,61540816,4096
1625724944,142719898,61540824,4096
1625724944,142719898,61540832,4096
1625724944,142719898,61540840,4096
1625724944,142719898,61540848,4096
1625724944,142719898,61540856,4096
1625724944,142719898,61540864,4096
1625724944,142719898,61540872,4096
1625724944,142719898,61540880,4096
1625724944,142720971,61540888,4096
1625724944,142720971,61540896,4096
1625724944,142720971,61540904,4096
1625724944,142720971,61540912,4096
1625724944,142720971,61540920,4096
1625724944,142831542,61540928,4096
1625724944,142832615,61540936,4096
1625724944,142832615,61540944,4096
1625724944,142832615,61540952,4096
1625724944,142832615,61540960,4096
1625724944,142832615,61540968,4096
1625724944,142832615,61540976,4096
1625724944,142832615,61540984,4096
1625724944,142832615,61540992,4096
1625724944,142832615,61541000,4096
1625724944,142833689,61541008,4096
1625724944,142833689,61541016,4096
1625724944,142833689,61541024,4096
1625724944,142833689,61541032,4096
1625724944,142833689,61541040,4096
1625724944,142833689,61541048,4096
1625724944,146698289,61541056,4096
1625724944,146698289,61541064,4096
1625724944,146698289,61541072,4096
1625724944,146698289,61541080,4096
1625724944,146699362,61541088,4096
1625724944,146699362,61541096,4096
1625724944,146699362,61541104,4096
1625724944,146699362,61541112,4096
1625724944,146699362,61541120,4096
1625724944,146699362,61541128,4096
1625724944,146699362,61541136,4096
1625724944,146699362,61541144,4096
1625724944,146699362,61541152,4096
1625724944,146700436,61541160,4096
1625724944,146700436,61541168,4096
1625724944,146700436,61541176,4096
1625724944,146814227,61541184,4096
1625724944,146814227,61541192,4096
1625724944,146814227,61541200,4096
1625724944,146814227,61541208,4096
1625724944,146815300,61541216,4096
1625724944,146815300,61541224,4096
1625724944,146815300,61541232,4096
1625724944,146815300,61541240,4096
1625724944,146815300,61541248,4096
1625724944,146815300,61541256,4096
1625724944,146815300,61541264,4096
1625724944,146815300,61541272,4096
1625724944,146815300,61541280,4096
1625724944,146815300,61541288,4096
1625724944,146816374,61541296,4096
1625724944,146816374,61541304,4096
1625724944,150556448,61541312,4096
1625724944,150556448,61541320,4096
1625724944,150556448,61541328,4096
1625724944,150556448,61541336,4096
1625724944,150557521,61541344,4096
1625724944,150557521,61541352,4096
1625724944,150557521,61541360,4096
1625724944,150557521,61541368,4096
1625724944,150557521,61541376,4096
1625724944,150557521,61541384,4096
1625724944,150557521,61541392,4096
1625724944,150557521,61541400,4096
1625724944,150557521,61541408,4096
1625724944,150558595,61541416,4096
1625724944,150558595,61541424,4096
1625724944,150558595,61541432,4096
1625724944,150670239,61541440,4096
1625724944,150670239,61541448,4096
1625724944,150670239,61541456,4096
1625724944,150670239,61541464,4096
1625724944,150670239,61541472,4096
1625724944,150670239,61541480,4096
1625724944,150670239,61541488,4096
1625724944,150670239,61541496,4096
1625724944,150671312,61541504,4096
1625724944,150671312,61541512,4096
1625724944,150671312,61541520,4096
1625724944,150671312,61541528,4096
1625724944,150671312,61541536,4096
1625724944,150671312,61541544,4096
1625724944,150671312,61541552,4096
1625724944,150671312,61541560,4096
1625724944,154531618,61541568,4096
1625724944,154532692,61541576,4096
1625724944,154532692,61541584,4096
1625724944,154532692,61541592,4096
1625724944,154532692,61541600,4096
1625724944,154532692,61541608,4096
1625724944,154532692,61541616,4096
1625724944,154532692,61541624,4096
1625724944,154532692,61541632,4096
1625724944,154532692,61541640,4096
1625724944,154533765,61541648,4096
1625724944,154533765,61541656,4096
1625724944,154533765,61541664,4096
1625724944,154533765,61541672,4096
1625724944,154533765,61541680,4096
1625724944,154533765,61541688,4096
1625724944,154645409,61541696,4096
1625724944,154645409,61541704,4096
1625724944,154645409,61541712,4096
1625724944,154645409,61541720,4096
1625724944,154645409,61541728,4096
1625724944,154645409,61541736,4096
1625724944,154645409,61541744,4096
1625724944,154646483,61541752,4096
1625724944,154646483,61541760,4096
1625724944,154646483,61541768,4096
1625724944,154646483,61541776,4096
1625724944,154646483,61541784,4096
1625724944,154646483,61541792,4096
1625724944,154646483,61541800,4096
1625724944,154646483,61541808,4096
1625724944,154646483,61541816,4096
1625724944,158657079,61541824,4096
1625724944,158657079,61541832,4096
1625724944,158657079,61541840,4096
1625724944,158658152,61541848,4096
1625724944,158658152,61541856,4096
1625724944,158658152,61541864,4096
1625724944,158658152,61541872,4096
1625724944,158658152,61541880,4096
1625724944,158658152,61541888,4096
1625724944,158658152,61541896,4096
1625724944,158658152,61541904,4096
1625724944,158658152,61541912,4096
1625724944,158659226,61541920,4096
1625724944,158659226,61541928,4096
1625724944,158659226,61541936,4096
1625724944,158659226,61541944,4096
1625724944,158784825,61541952,4096
1625724944,158784825,61541960,4096
1625724944,158784825,61541968,4096
1625724944,158784825,61541976,4096
1625724944,158784825,61541984,4096
1625724944,158785899,61541992,4096
1625724944,158785899,61542000,4096
1625724944,158785899,61542008,4096
1625724944,158785899,61542016,4096
1625724944,158785899,61542024,4096
1625724944,158785899,61542032,4096
1625724944,158785899,61542040,4096
1625724944,158785899,61542048,4096
1625724944,158785899,61542056,4096
1625724944,158786972,61542064,4096
1625724944,158786972,61542072,4096
1625724944,172427937,61542080,4096
1625724944,172429010,61542088,4096
1625724944,172429010,61542096,4096
1625724944,172429010,61542104,4096
1625724944,172429010,61542112,4096
1625724944,172429010,61542120,4096
1625724944,172429010,61542128,4096
1625724944,172429010,61542136,4096
1625724944,172430084,61542144,4096
1625724944,172430084,61542152,4096
1625724944,172430084,61542160,4096
1625724944,172430084,61542168,4096
1625724944,172430084,61542176,4096
1625724944,172430084,61542184,4096
1625724944,172430084,61542192,4096
1625724944,172430084,61542200,4096
1625724944,172547095,61542208,4096
1625724944,172547095,61542216,4096
1625724944,172547095,61542224,4096
1625724944,172547095,61542232,4096
1625724944,172547095,61542240,4096
1625724944,172548169,61542248,4096
1625724944,172548169,61542256,4096
1625724944,172548169,61542264,4096
1625724944,172548169,61542272,4096
1625724944,172548169,61542280,4096
1625724944,172548169,61542288,4096
1625724944,172548169,61542296,4096
1625724944,172548169,61542304,4096
1625724944,172549242,61542312,4096
1625724944,172549242,61542320,4096
1625724944,172549242,61542328,4096
1625724944,176500796,61542336,4096
1625724944,176500796,61542344,4096
1625724944,176500796,61542352,4096
1625724944,176500796,61542360,4096
1625724944,176501869,61542368,4096
1625724944,176501869,61542376,4096
1625724944,176501869,61542384,4096
1625724944,176501869,61542392,4096
1625724944,176501869,61542400,4096
1625724944,176501869,61542408,4096
1625724944,176501869,61542416,4096
1625724944,176501869,61542424,4096
1625724944,176501869,61542432,4096
1625724944,176502943,61542440,4096
1625724944,176502943,61542448,4096
1625724944,176502943,61542456,4096
1625724944,176619954,61542464,4096
1625724944,176619954,61542472,4096
1625724944,176619954,61542480,4096
1625724944,176619954,61542488,4096
1625724944,176619954,61542496,4096
1625724944,176619954,61542504,4096
1625724944,176619954,61542512,4096
1625724944,176621028,61542520,4096
1625724944,176621028,61542528,4096
1625724944,176621028,61542536,4096
1625724944,176621028,61542544,4096
1625724944,176621028,61542552,4096
1625724944,176621028,61542560,4096
1625724944,176621028,61542568,4096
1625724944,176621028,61542576,4096
1625724944,176621028,61542584,4096
1625724944,180879602,61542592,4096
1625724944,180879602,61542600,4096
1625724944,180879602,61542608,4096
1625724944,180879602,61542616,4096
1625724944,180879602,61542624,4096
1625724944,180880676,61542632,4096
1625724944,180880676,61542640,4096
1625724944,180880676,61542648,4096
1625724944,180880676,61542656,4096
1625724944,180880676,61542664,4096
1625724944,180880676,61542672,4096
1625724944,180880676,61542680,4096
1625724944,180880676,61542688,4096
1625724944,180880676,61542696,4096
1625724944,180881749,61542704,4096
1625724944,180881749,61542712,4096
1625724944,181005202,61542720,4096
1625724944,181005202,61542728,4096
1625724944,181005202,61542736,4096
1625724944,181005202,61542744,4096
1625724944,181005202,61542752,4096
1625724944,181005202,61542760,4096
1625724944,181006275,61542768,4096
1625724944,181006275,61542776,4096
1625724944,181006275,61542784,4096
1625724944,181006275,61542792,4096
1625724944,181006275,61542800,4096
1625724944,181006275,61542808,4096
1625724944,181006275,61542816,4096
1625724944,181006275,61542824,4096
1625724944,181006275,61542832,4096
1625724944,181007349,61542840,4096
1625724944,185205807,61542848,4096
1625724944,185205807,61542856,4096
1625724944,185205807,61542864,4096
1625724944,185205807,61542872,4096
1625724944,185205807,61542880,4096
1625724944,185205807,61542888,4096
1625724944,185205807,61542896,4096
1625724944,185206881,61542904,4096
1625724944,185206881,61542912,4096
1625724944,185206881,61542920,4096
1625724944,185206881,61542928,4096
1625724944,185206881,61542936,4096
1625724944,185206881,61542944,4096
1625724944,185206881,61542952,4096
1625724944,185206881,61542960,4096
1625724944,185206881,61542968,4096
1625724944,185319598,61542976,4096
1625724944,185319598,61542984,4096
1625724944,185319598,61542992,4096
1625724944,185319598,61543000,4096
1625724944,185319598,61543008,4096
1625724944,185320672,61543016,4096
1625724944,185320672,61543024,4096
1625724944,185320672,61543032,4096
1625724944,185320672,61543040,4096
1625724944,185320672,61543048,4096
1625724944,185320672,61543056,4096
1625724944,185320672,61543064,4096
1625724944,185320672,61543072,4096
1625724944,185320672,61543080,4096
1625724944,185321745,61543088,4096
1625724944,185321745,61543096,4096
1625724944,189179904,61543104,4096
1625724944,189179904,61543112,4096
1625724944,189179904,61543120,4096
1625724944,189179904,61543128,4096
1625724944,189179904,61543136,4096
1625724944,189179904,61543144,4096
1625724944,189179904,61543152,4096
1625724944,189179904,61543160,4096
1625724944,189180978,61543168,4096
1625724944,189180978,61543176,4096
1625724944,189180978,61543184,4096
1625724944,189180978,61543192,4096
1625724944,189180978,61543200,4096
1625724944,189180978,61543208,4096
1625724944,189180978,61543216,4096
1625724944,189180978,61543224,4096
1625724944,189292622,61543232,4096
1625724944,189292622,61543240,4096
1625724944,189292622,61543248,4096
1625724944,189292622,61543256,4096
1625724944,189292622,61543264,4096
1625724944,189293695,61543272,4096
1625724944,189293695,61543280,4096
1625724944,189293695,61543288,4096
1625724944,189293695,61543296,4096
1625724944,189293695,61543304,4096
1625724944,189293695,61543312,4096
1625724944,189293695,61543320,4096
1625724944,189293695,61543328,4096
1625724944,189293695,61543336,4096
1625724944,189294769,61543344,4096
1625724944,189294769,61543352,4096
1625724944,193134678,61543360,4096
1625724944,193134678,61543368,4096
1625724944,193134678,61543376,4096
1625724944,193135752,61543384,4096
1625724944,193135752,61543392,4096
1625724944,193135752,61543400,4096
1625724944,193135752,61543408,4096
1625724944,193135752,61543416,4096
1625724944,193135752,61543424,4096
1625724944,193135752,61543432,4096
1625724944,193135752,61543440,4096
1625724944,193135752,61543448,4096
1625724944,193135752,61543456,4096
1625724944,193136825,61543464,4096
1625724944,193136825,61543472,4096
1625724944,193136825,61543480,4096
1625724944,193250616,61543488,4096
1625724944,193250616,61543496,4096
1625724944,193250616,61543504,4096
1625724944,193250616,61543512,4096
1625724944,193250616,61543520,4096
1625724944,193250616,61543528,4096
1625724944,193251690,61543536,4096
1625724944,193251690,61543544,4096
1625724944,193251690,61543552,4096
1625724944,193251690,61543560,4096
1625724944,193251690,61543568,4096
1625724944,193251690,61543576,4096
1625724944,193251690,61543584,4096
1625724944,193251690,61543592,4096
1625724944,193251690,61543600,4096
1625724944,193251690,61543608,4096
1625724944,197066909,61543616,4096
1625724944,197066909,61543624,4096
1625724944,197066909,61543632,4096
1625724944,197066909,61543640,4096
1625724944,197066909,61543648,4096
1625724944,197067982,61543656,4096
1625724944,197067982,61543664,4096
1625724944,197067982,61543672,4096
1625724944,197067982,61543680,4096
1625724944,197067982,61543688,4096
1625724944,197067982,61543696,4096
1625724944,197067982,61543704,4096
1625724944,197067982,61543712,4096
1625724944,197067982,61543720,4096
1625724944,197069056,61543728,4096
1625724944,197069056,61543736,4096
1625724944,197179626,61543744,4096
1625724944,197180700,61543752,4096
1625724944,197180700,61543760,4096
1625724944,197180700,61543768,4096
1625724944,197180700,61543776,4096
1625724944,197180700,61543784,4096
1625724944,197180700,61543792,4096
1625724944,197180700,61543800,4096
1625724944,197180700,61543808,4096
1625724944,197180700,61543816,4096
1625724944,197181773,61543824,4096
1625724944,197181773,61543832,4096
1625724944,197181773,61543840,4096
1625724944,197181773,61543848,4096
1625724944,197181773,61543856,4096
1625724944,197181773,61543864,4096
1625724944,201197737,61543872,4096
1625724944,201197737,61543880,4096
1625724944,201197737,61543888,4096
1625724944,201197737,61543896,4096
1625724944,201197737,61543904,4096
1625724944,201197737,61543912,4096
1625724944,201197737,61543920,4096
1625724944,201198810,61543928,4096
1625724944,201198810,61543936,4096
1625724944,201198810,61543944,4096
1625724944,201198810,61543952,4096
1625724944,201198810,61543960,4096
1625724944,201198810,61543968,4096
1625724944,201198810,61543976,4096
1625724944,201198810,61543984,4096
1625724944,201198810,61543992,4096
1625724944,201312601,61544000,4096
1625724944,201313675,61544008,4096
1625724944,201313675,61544016,4096
1625724944,201313675,61544024,4096
1625724944,201313675,61544032,4096
1625724944,201313675,61544040,4096
1625724944,201313675,61544048,4096
1625724944,201313675,61544056,4096
1625724944,201313675,61544064,4096
1625724944,201313675,61544072,4096
1625724944,201314748,61544080,4096
1625724944,201314748,61544088,4096
1625724944,201314748,61544096,4096
1625724944,201314748,61544104,4096
1625724944,201314748,61544112,4096
1625724944,201314748,61544120,4096
1625724944,205617336,61544128,4096
1625724944,205617336,61544136,4096
1625724944,205617336,61544144,4096
1625724944,205617336,61544152,4096
1625724944,205617336,61544160,4096
1625724944,205617336,61544168,4096
1625724944,205617336,61544176,4096
1625724944,205617336,61544184,4096
1625724944,205618410,61544192,4096
1625724944,205618410,61544200,4096
1625724944,205618410,61544208,4096
1625724944,205618410,61544216,4096
1625724944,205618410,61544224,4096
1625724944,205618410,61544232,4096
1625724944,205618410,61544240,4096
1625724944,205618410,61544248,4096
1625724944,205730054,61544256,4096
1625724944,205730054,61544264,4096
1625724944,205730054,61544272,4096
1625724944,205730054,61544280,4096
1625724944,205730054,61544288,4096
1625724944,205730054,61544296,4096
1625724944,205731127,61544304,4096
1625724944,205731127,61544312,4096
1625724944,205731127,61544320,4096
1625724944,205731127,61544328,4096
1625724944,205731127,61544336,4096
1625724944,205731127,61544344,4096
1625724944,205731127,61544352,4096
1625724944,205731127,61544360,4096
1625724944,205731127,61544368,4096
1625724944,205731127,61544376,4096
1625724944,209819015,61544384,4096
1625724944,209819015,61544392,4096
1625724944,209819015,61544400,4096
1625724944,209820089,61544408,4096
1625724944,209820089,61544416,4096
1625724944,209820089,61544424,4096
1625724944,209820089,61544432,4096
1625724944,209820089,61544440,4096
1625724944,209820089,61544448,4096
1625724944,209820089,61544456,4096
1625724944,209820089,61544464,4096
1625724944,209820089,61544472,4096
1625724944,209821162,61544480,4096
1625724944,209821162,61544488,4096
1625724944,209821162,61544496,4096
1625724944,209821162,61544504,4096
1625724944,209945688,61544512,4096
1625724944,209945688,61544520,4096
1625724944,209945688,61544528,4096
1625724944,209945688,61544536,4096
1625724944,209945688,61544544,4096
1625724944,209945688,61544552,4096
1625724944,209945688,61544560,4096
1625724944,209945688,61544568,4096
1625724944,209945688,61544576,4096
1625724944,209946762,61544584,4096
1625724944,209946762,61544592,4096
1625724944,209946762,61544600,4096
1625724944,209946762,61544608,4096
1625724944,209946762,61544616,4096
1625724944,209946762,61544624,4096
1625724944,209946762,61544632,4096
1625724944,213927300,61544640,4096
1625724944,213927300,61544648,4096
1625724944,213927300,61544656,4096
1625724944,213927300,61544664,4096
1625724944,213927300,61544672,4096
1625724944,213928373,61544680,4096
1625724944,213928373,61544688,4096
1625724944,213928373,61544696,4096
1625724944,213928373,61544704,4096
1625724944,213928373,61544712,4096
1625724944,213928373,61544720,4096
1625724944,213928373,61544728,4096
1625724944,213928373,61544736,4096
1625724944,213928373,61544744,4096
1625724944,213928373,61544752,4096
1625724944,213929447,61544760,4096
1625724944,214040017,61544768,4096
1625724944,214040017,61544776,4096
1625724944,214041091,61544784,4096
1625724944,214041091,61544792,4096
1625724944,214041091,61544800,4096
1625724944,214041091,61544808,4096
1625724944,214041091,61544816,4096
1625724944,214041091,61544824,4096
1625724944,214041091,61544832,4096
1625724944,214041091,61544840,4096
1625724944,214041091,61544848,4096
1625724944,214042164,61544856,4096
1625724944,214042164,61544864,4096
1625724944,214042164,61544872,4096
1625724944,214042164,61544880,4096
1625724944,214042164,61544888,4096
1625724944,217928234,61544896,4096
1625724944,217928234,61544904,4096
1625724944,217928234,61544912,4096
1625724944,217928234,61544920,4096
1625724944,217928234,61544928,4096
1625724944,217928234,61544936,4096
1625724944,217928234,61544944,4096
1625724944,217929308,61544952,4096
1625724944,217929308,61544960,4096
1625724944,217929308,61544968,4096
1625724944,217929308,61544976,4096
1625724944,217929308,61544984,4096
1625724944,217929308,61544992,4096
1625724944,217929308,61545000,4096
1625724944,217929308,61545008,4096
1625724944,217929308,61545016,4096
1625724944,218042025,61545024,4096
1625724944,218042025,61545032,4096
1625724944,218042025,61545040,4096
1625724944,218042025,61545048,4096
1625724944,218042025,61545056,4096
1625724944,218042025,61545064,4096
1625724944,218042025,61545072,4096
1625724944,218042025,61545080,4096
1625724944,218043099,61545088,4096
1625724944,218043099,61545096,4096
1625724944,218043099,61545104,4096
1625724944,218043099,61545112,4096
1625724944,218043099,61545120,4096
1625724944,218043099,61545128,4096
1625724944,218043099,61545136,4096
1625724944,218043099,61545144,4096
1625724944,221914140,61545152,4096
1625724944,221914140,61545160,4096
1625724944,221914140,61545168,4096
1625724944,221914140,61545176,4096
1625724944,221914140,61545184,4096
1625724944,221914140,61545192,4096
1625724944,221915213,61545200,4096
1625724944,221915213,61545208,4096
1625724944,221915213,61545216,4096
1625724944,221915213,61545224,4096
1625724944,221915213,61545232,4096
1625724944,221915213,61545240,4096
1625724944,221915213,61545248,4096
1625724944,221915213,61545256,4096
1625724944,221915213,61545264,4096
1625724944,221915213,61545272,4096
1625724944,222026857,61545280,4096
1625724944,222026857,61545288,4096
1625724944,222026857,61545296,4096
1625724944,222026857,61545304,4096
1625724944,222026857,61545312,4096
1625724944,222026857,61545320,4096
1625724944,222027931,61545328,4096
1625724944,222027931,61545336,4096
1625724944,222027931,61545344,4096
1625724944,222027931,61545352,4096
1625724944,222027931,61545360,4096
1625724944,222027931,61545368,4096
1625724944,222027931,61545376,4096
1625724944,222027931,61545384,4096
1625724944,222027931,61545392,4096
1625724944,222027931,61545400,4096
1625724944,225905413,61545408,4096
1625724944,225905413,61545416,4096
1625724944,225905413,61545424,4096
1625724944,225905413,61545432,4096
1625724944,225905413,61545440,4096
1625724944,225905413,61545448,4096
1625724944,225906486,61545456,4096
1625724944,225906486,61545464,4096
1625724944,225906486,61545472,4096
1625724944,225906486,61545480,4096
1625724944,225906486,61545488,4096
1625724944,225906486,61545496,4096
1625724944,225906486,61545504,4096
1625724944,225906486,61545512,3584
1625724944,226007395,61545519,4096
1625724944,226007395,61545527,4096
1625724944,226007395,61545535,4096
1625724944,226007395,61545543,4096
1625724944,226007395,61545551,4096
1625724944,226007395,61545559,4096
1625724944,226007395,61545567,4096
1625724944,226007395,61545575,4096
1625724944,226008469,61545583,4096
1625724944,226008469,61545591,4096
1625724944,226008469,61545599,4096
1625724944,226008469,61545607,4096
1625724944,226008469,61545615,4096
1625724944,226008469,61545623,3072
1625724944,36860989,48936624,4096
1625724944,37471811,9661056,4096
1625724945,258430029,859872,4096
1625724945,258431103,859880,4096
1625724945,258431103,859888,4096
1625724945,258431103,859896,4096
1625724945,258431103,859904,4096
1625724945,258431103,859912,4096
1625724945,258431103,859920,4096
1625724945,258431103,859928,4096
1625724945,258431103,859936,4096
1625724945,258431103,859944,4096
1625724945,258432176,859952,4096
1625724945,258432176,859960,4096
1625724945,258432176,859968,4096
1625724945,258432176,859976,4096
1625724945,258432176,859984,4096
1625724945,258432176,859992,4096
1625724945,258432176,860000,4096
1625724945,258432176,860008,1536
1625724945,258566364,860011,4096
1625724945,258566364,860019,4096
1625724945,258566364,860027,4096
1625724945,258566364,860035,4096
1625724945,258566364,860043,4096
1625724945,258566364,860051,4096
1625724945,258566364,860059,4096
1625724945,258566364,860067,4096
1625724945,258567437,860075,4096
1625724945,258567437,860083,4096
1625724945,258567437,860091,4096
1625724945,258567437,860099,4096
1625724945,258567437,860107,4096
1625724945,258567437,860115,4096
1625724945,258567437,860123,4096
1625724945,258567437,860131,4096
1625724945,258568511,860139,4096
1625724945,258568511,860147,1536
1625724945,258701625,860150,4096
1625724945,258701625,860158,4096
1625724945,258701625,860166,4096
1625724945,258701625,860174,4096
1625724945,258701625,860182,4096
1625724945,258702698,860190,4096
1625724945,258702698,860198,4096
1625724945,258702698,860206,4096
1625724945,258702698,860214,4096
1625724945,258702698,860222,4096
1625724945,258702698,860230,4096
1625724945,258702698,860238,4096
1625724945,258702698,860246,4096
1625724945,258702698,860254,4096
1625724945,258703772,860262,4096
1625724945,258703772,860270,4096
1625724945,258703772,860278,4096
1625724945,258703772,860286,1024
1625724945,259050512,44981600,4096
1625724945,259050512,44981608,4096
1625724945,259050512,44981616,4096
1625724945,259050512,44981624,4096
1625724945,259051586,44981632,4096
1625724945,259051586,44981640,4096
1625724945,259051586,44981648,4096
1625724945,259051586,44981656,4096
1625724945,259051586,44981664,4096
1625724945,259051586,44981672,4096
1625724945,259051586,44981680,4096
1625724945,259051586,44981688,4096
1625724945,259051586,44981696,4096
1625724945,259052659,44981704,4096
1625724945,259052659,44981712,4096
1625724945,259052659,44981720,4096
1625724945,259822359,44785344,4096
1625724945,259822359,44785352,4096
1625724945,259822359,44785360,4096
1625724945,259822359,44785368,4096
1625724945,259822359,44785376,4096
1625724945,259822359,44785384,4096
1625724945,259822359,44785392,4096
1625724945,259823432,44785400,4096
1625724945,259823432,44785408,4096
1625724945,259823432,44785416,4096
1625724945,259823432,44785424,4096
1625724945,259823432,44785432,4096
1625724945,259918974,44785440,4096
1625724945,259918974,44785448,4096
1625724945,259918974,44785456,4096
1625724945,259918974,44785464,4096
1625724945,259918974,44785472,4096
1625724945,259918974,44785480,4096
1625724945,259918974,44785488,4096
1625724945,259920047,44785496,4096
1625724945,259920047,44785504,4096
1625724945,259920047,44785512,4096
1625724945,259920047,44785520,4096
1625724945,259920047,44785528,4096
1625724945,260111130,56672064,4096
1625724945,260111130,56672072,4096
1625724945,260112204,56672080,4096
1625724945,260112204,56672088,4096
1625724945,260112204,56672096,4096
1625724945,260112204,56672104,4096
1625724945,260112204,56672112,4096
1625724945,260112204,56672120,4096
1625724945,260223848,44944064,4096
1625724945,260223848,44944072,4096
1625724945,260224921,44944080,4096
1625724945,260224921,44944088,4096
1625724945,260224921,44944096,4096
1625724945,260224921,44944104,4096
1625724945,260224921,44944112,4096
1625724945,260224921,44944120,4096
1625724945,260224921,44944128,4096
1625724945,260224921,44944136,4096
1625724945,260224921,44944144,4096
1625724945,260225995,44944152,4096
1625724945,260322610,44944160,4096
1625724945,260322610,44944168,4096
1625724945,260322610,44944176,4096
1625724945,260322610,44944184,4096
1625724945,260322610,44944192,4096
1625724945,260322610,44944200,4096
1625724945,260322610,44944208,4096
1625724945,260322610,44944216,4096
1625724945,260323683,44944224,4096
1625724945,260323683,44944232,4096
1625724945,260323683,44944240,4096
1625724945,260323683,44944248,4096
1625724945,260919476,45698720,4096
1625724945,260919476,45698728,4096
1625724945,260919476,45698736,4096
1625724945,260919476,45698744,4096
1625724945,261261922,45320928,4096
1625724945,261261922,45320936,4096
1625724945,261261922,45320944,4096
1625724945,261261922,45320952,4096
1625724945,261261922,45320960,4096
1625724945,261261922,45320968,4096
1625724945,261261922,45320976,4096
1625724945,261261922,45320984,4096
1625724945,261262996,45320992,4096
1625724945,261262996,45321000,4096
1625724945,261262996,45321008,4096
1625724945,261262996,45321016,4096
1625724945,261262996,45321024,4096
1625724945,261262996,45321032,4096
1625724945,261262996,45321040,4096
1625724945,261262996,45321048,4096
1625724945,261407918,44943840,4096
1625724945,261407918,44943848,4096
1625724945,261407918,44943856,4096
1625724945,261407918,44943864,4096
1625724945,261407918,44943872,4096
1625724945,261408992,44943880,4096
1625724945,261408992,44943888,4096
1625724945,261408992,44943896,4096
1625724945,261408992,44943904,4096
1625724945,261408992,44943912,4096
1625724945,261408992,44943920,4096
1625724945,261408992,44943928,4096
1625724945,261408992,44943936,4096
1625724945,261408992,44943944,4096
1625724945,261845906,44943952,4096
1625724945,261845906,44943960,4096
1625724945,261845906,44943968,4096
1625724945,261845906,44943976,4096
1625724945,261846980,44943984,4096
1625724945,261846980,44943992,4096
1625724945,261846980,44944000,4096
1625724945,261846980,44944008,4096
1625724945,261846980,44944016,4096
1625724945,261846980,44944024,4096
1625724945,261846980,44944032,4096
1625724945,261846980,44944040,4096
1625724945,261846980,44944048,4096
1625724945,261848053,44944056,4096
1625724945,262128237,45593408,4096
1625724945,262128237,45593416,4096
1625724945,262128237,45593424,4096
1625724945,262128237,45593432,4096
1625724945,262841041,45675328,4096
1625724945,262841041,45675336,4096
1625724945,262841041,45675344,4096
1625724945,262841041,45675352,4096
1625724945,262842114,45675360,4096
1625724945,262842114,45675368,4096
1625724945,262842114,45675376,4096
1625724945,262842114,45675384,4096
1625724945,262842114,45675392,4096
1625724945,262842114,45675400,4096
1625724945,262842114,45675408,4096
1625724945,262842114,45675416,4096
1625724945,262973081,44659968,4096
1625724945,262973081,44659976,4096
1625724945,262973081,44659984,4096
1625724945,262973081,44659992,4096
1625724945,262973081,44660000,4096
1625724945,262973081,44660008,4096
1625724945,262973081,44660016,4096
1625724945,262973081,44660024,4096
1625724945,262974155,44660032,4096
1625724945,262974155,44660040,4096
1625724945,263069696,44660048,4096
1625724945,263070770,44660056,4096
1625724945,263070770,44660064,4096
1625724945,263070770,44660072,4096
1625724945,263070770,44660080,4096
1625724945,263070770,44660088,4096
1625724945,263070770,44660096,4096
1625724945,263070770,44660104,4096
1625724945,263070770,44660112,4096
1625724945,263070770,44660120,4096
1625724945,263457230,44534368,4096
1625724945,263457230,44534376,4096
1625724945,263457230,44534384,4096
1625724945,263457230,44534392,4096
1625724945,263457230,44534400,4096
1625724945,263457230,44534408,4096
1625724945,263458303,44534416,4096
1625724945,263458303,44534424,4096
1625724945,263458303,44534432,4096
1625724945,263458303,44534440,4096
1625724945,263458303,44534448,4096
1625724945,263458303,44534456,4096
1625724945,263458303,44534464,4096
1625724945,263458303,44534472,4096
1625724945,263458303,44534480,4096
1625724945,263459377,44534488,4096
1625724945,263553845,44522432,4096
1625724945,263553845,44522440,4096
1625724945,263554918,44522448,4096
1625724945,263554918,44522456,4096
1625724945,263554918,44522464,4096
1625724945,263554918,44522472,4096
1625724945,263554918,44522480,4096
1625724945,263554918,44522488,4096
1625724945,263554918,44522496,4096
1625724945,263554918,44522504,4096
1625724945,263554918,44522512,4096
1625724945,263555992,44522520,4096
1625724945,263977877,44522528,4096
1625724945,263977877,44522536,4096
1625724945,263977877,44522544,4096
1625724945,263977877,44522552,4096
1625724945,263977877,44522560,4096
1625724945,263977877,44522568,4096
1625724945,263977877,44522576,4096
1625724945,263977877,44522584,4096
1625724945,263978951,44522592,4096
1625724945,263978951,44522600,4096
1625724945,263978951,44522608,4096
1625724945,263978951,44522616,4096
1625724945,264290266,44756640,4096
1625724945,264290266,44756648,4096
1625724945,264290266,44756656,4096
1625724945,264290266,44756664,4096
1625724945,264290266,44756672,4096
1625724945,264290266,44756680,4096
1625724945,264290266,44756688,4096
1625724945,264291339,44756696,4096
1625724945,264291339,44756704,4096
1625724945,264291339,44756712,4096
1625724945,264291339,44756720,4096
1625724945,264291339,44756728,4096
1625724945,291178220,45593344,4096
1625724945,291178220,45593352,4096
1625724945,291178220,45593360,4096
1625724945,291179294,45593368,4096
1625724945,291260880,44953168,4096
1625724945,291260880,44953176,4096
1625724945,291260880,44953184,4096
1625724945,291260880,44953192,4096
1625724945,291260880,44953200,4096
1625724945,291260880,44953208,4096
1625724945,291260880,44953216,4096
1625724945,291260880,44953224,4096
1625724945,291261953,44953232,4096
1625724945,291261953,44953240,4096
1625724945,291261953,44953248,4096
1625724945,291261953,44953256,4096
1625724945,291261953,44953264,4096
1625724945,291261953,44953272,4096
1625724945,291372524,44953056,4096
1625724945,291372524,44953064,4096
1625724945,291373597,44953072,4096
1625724945,291373597,44953080,4096
1625724945,291373597,44953088,4096
1625724945,291373597,44953096,4096
1625724945,291373597,44953104,4096
1625724945,291373597,44953112,4096
1625724945,291373597,44953120,4096
1625724945,291373597,44953128,4096
1625724945,291373597,44953136,4096
1625724945,291374671,44953144,4096
1625724945,291374671,44953152,4096
1625724945,291374671,44953160,4096
1625724945,291536769,44605792,4096
1625724945,291536769,44605800,4096
1625724945,291536769,44605808,4096
1625724945,291536769,44605816,4096
1625724945,295111524,44519040,4096
1625724945,295111524,44519048,4096
1625724945,295111524,44519056,4096
1625724945,295112598,44519064,4096
1625724945,295112598,44519072,4096
1625724945,295112598,44519080,4096
1625724945,295112598,44519088,4096
1625724945,295112598,44519096,4096
1625724945,295112598,44519104,4096
1625724945,295112598,44519112,4096
1625724945,295112598,44519120,4096
1625724945,295112598,44519128,4096
1625724945,295113671,44519136,4096
1625724945,295113671,44519144,4096
1625724945,295236050,44519152,4096
1625724945,295236050,44519160,4096
1625724945,295236050,44519168,4096
1625724945,295236050,44519176,4096
1625724945,295236050,44519184,4096
1625724945,295236050,44519192,4096
1625724945,295236050,44519200,4096
1625724945,295236050,44519208,4096
1625724945,295236050,44519216,4096
1625724945,295237124,44519224,4096
1625724945,295237124,44519232,4096
1625724945,295237124,44519240,4096
1625724945,295237124,44519248,4096
1625724945,295237124,44519256,4096
1625724945,295489396,45351328,4096
1625724945,295489396,45351336,4096
1625724945,295489396,45351344,4096
1625724945,295489396,45351352,4096
1625724945,295489396,45351360,4096
1625724945,295489396,45351368,4096
1625724945,295490470,45351376,4096
1625724945,295490470,45351384,4096
1625724947,253598706,67190176,4096
1625724947,253598706,67190184,4096
1625724947,253598706,67190192,4096
1625724947,253598706,67190200,4096
1625724947,259120790,45590272,4096
1625724947,259120790,45590280,4096
1625724947,259120790,45590288,4096
1625724947,259121864,45590296,4096
1625724947,259377357,44514784,4096
1625724947,259377357,44514792,4096
1625724947,259377357,44514800,4096
1625724947,259377357,44514808,4096
1625724947,259378430,44514816,4096
1625724947,259378430,44514824,4096
1625724947,259378430,44514832,4096
1625724947,259378430,44514840,4096
1625724947,259378430,44514848,4096
1625724947,259378430,44514856,4096
1625724947,259378430,44514864,4096
1625724947,259378430,44514872,4096
1625724947,259447134,2053408,4096
1625724947,259447134,2053416,4096
1625724947,259448208,2053424,4096
1625724947,259448208,2053432,4096
1625724947,259657540,44617920,4096
1625724947,259657540,44617928,4096
1625724947,259657540,44617936,4096
1625724947,259657540,44617944,4096
1625724947,259657540,44617952,4096
1625724947,259657540,44617960,4096
1625724947,259658614,44617968,4096
1625724947,259658614,44617976,4096
1625724947,259658614,44617984,4096
1625724947,259658614,44617992,4096
1625724947,259658614,44618000,4096
1625724947,259658614,44618008,4096
1625724947,259658614,44618016,4096
1625724947,259658614,44618024,4096
1625724947,259658614,44618032,4096
1625724947,259659687,44618040,4096
1625724947,260456224,2076768,4096
1625724947,260456224,2076776,4096
1625724947,260456224,2076784,4096
1625724947,260456224,2076792,4096
1625724947,260654822,45591808,4096
1625724947,260654822,45591816,4096
1625724947,260654822,45591824,4096
1625724947,260654822,45591832,4096
1625724947,260654822,45591840,4096
1625724947,260655895,45591848,4096
1625724947,260655895,45591856,4096
1625724947,260655895,45591864,4096
1625724947,260820141,45733632,4096
1625724947,260820141,45733640,4096
1625724947,260820141,45733648,4096
1625724947,260820141,45733656,4096
1625724947,260820141,45733664,4096
1625724947,260820141,45733672,4096
1625724947,260821214,45733680,4096
1625724947,260821214,45733688,4096
1625724947,261736910,44531584,4096
1625724947,261736910,44531592,4096
1625724947,261736910,44531600,4096
1625724947,261736910,44531608,4096
1625724947,261736910,44531616,4096
1625724947,261736910,44531624,4096
1625724947,261736910,44531632,4096
1625724947,261736910,44531640,4096
1625724947,261736910,44531648,4096
1625724947,261737983,44531656,4096
1625724947,261737983,44531664,4096
1625724947,261737983,44531672,4096
1625724947,261737983,44531680,4096
1625724947,261737983,44531688,4096
1625724947,261737983,44531696,4096
1625724947,261737983,44531704,4096
1625724947,261882906,44531712,4096
1625724947,261882906,44531720,4096
1625724947,261882906,44531728,4096
1625724947,261882906,44531736,4096
1625724947,261882906,44531744,4096
1625724947,261882906,44531752,4096
1625724947,261882906,44531760,4096
1625724947,261882906,44531768,4096
1625724947,261883979,44531776,4096
1625724947,261883979,44531784,4096
1625724947,261883979,44531792,4096
1625724947,261883979,44531800,4096
1625724947,261883979,44531808,4096
1625724947,261883979,44531816,4096
1625724947,261883979,44531824,4096
1625724947,261883979,44531832,4096
1625724947,262012799,45351392,4096
1625724947,262012799,45351400,4096
1625724947,262012799,45351408,4096
1625724947,262013873,45351416,4096
1625724947,262239308,44936832,4096
1625724947,262239308,44936840,4096
1625724947,262239308,44936848,4096
1625724947,262240381,44936856,4096
1625724947,262240381,44936864,4096
1625724947,262240381,44936872,4096
1625724947,262240381,44936880,4096
1625724947,262240381,44936888,4096
1625724947,262240381,44936896,4096
1625724947,262240381,44936904,4096
1625724947,262240381,44936912,4096
1625724947,262240381,44936920,4096
1625724947,262241455,44936928,4096
1625724947,262241455,44936936,4096
1625724947,262241455,44936944,4096
1625724947,262241455,44936952,4096
1625724947,262241455,44936960,4096
1625724947,262241455,44936968,4096
1625724947,262384230,44936976,4096
1625724947,262384230,44936984,4096
1625724947,262384230,44936992,4096
1625724947,262384230,44937000,4096
1625724947,262384230,44937008,4096
1625724947,262385304,44937016,4096
1625724947,262385304,44937024,4096
1625724947,262385304,44937032,4096
1625724947,262385304,44937040,4096
1625724947,262385304,44937048,4096
1625724947,262385304,44937056,4096
1625724947,262385304,44937064,4096
1625724947,262385304,44937072,4096
1625724947,262385304,44937080,4096
1625724947,262386377,44937088,4096
1625724947,262386377,44937096,4096
1625724947,262386377,44937104,4096
1625724947,262386377,44937112,4096
1625724947,279795327,44604480,4096
1625724947,279796400,44604488,4096
1625724947,279796400,44604496,4096
1625724947,279796400,44604504,4096
1625724947,279796400,44604512,4096
1625724947,279796400,44604520,4096
1625724947,279796400,44604528,4096
1625724947,279796400,44604536,4096
1625724947,279796400,44604544,4096
1625724947,279796400,44604552,4096
1625724947,279797474,44604560,4096
1625724947,279797474,44604568,4096
1625724947,279797474,44604576,4096
1625724947,279797474,44604584,4096
1625724947,279797474,44604592,4096
1625724947,279797474,44604600,4096
1625724947,279797474,44604608,4096
1625724947,279797474,44604616,4096
1625724947,279915559,44604624,4096
1625724947,279915559,44604632,4096
1625724947,279915559,44604640,4096
1625724947,279915559,44604648,4096
1625724947,279915559,44604656,4096
1625724947,279915559,44604664,4096
1625724947,279915559,44604672,4096
1625724947,279916632,44604680,4096
1625724947,279916632,44604688,4096
1625724947,279916632,44604696,4096
1625724947,279916632,44604704,4096
1625724947,279916632,44604712,4096
1625724947,279916632,44604720,4096
1625724947,279916632,44604728,4096
1625724947,279916632,44604736,4096
1625724947,279916632,44604744,4096
1625724947,279917706,44604752,4096
1625724947,279917706,44604760,4096
1625724947,280040085,44807584,4096
1625724947,280040085,44807592,4096
1625724947,280040085,44807600,4096
1625724947,280040085,44807608,4096
1625724947,280041158,44807616,4096
1625724947,280041158,44807624,4096
1625724947,280041158,44807632,4096
1625724947,280041158,44807640,4096
1625724947,280041158,44807648,4096
1625724947,280041158,44807656,4096
1625724947,280041158,44807664,4096
1625724947,280041158,44807672,4096
1625724947,280041158,44807680,4096
1625724947,280042232,44807688,4096
1625724947,280042232,44807696,4096
1625724947,280042232,44807704,4096
1625724947,280105568,45321344,4096
1625724947,280105568,45321352,4096
1625724947,280105568,45321360,4096
1625724947,280106642,45321368,4096
1625724947,280106642,45321376,4096
1625724947,280106642,45321384,4096
1625724947,280106642,45321392,4096
1625724947,280106642,45321400,4096
1625724947,280239756,44807712,4096
1625724947,280239756,44807720,4096
1625724947,280239756,44807728,4096
1625724947,280239756,44807736,4096
1625724947,280239756,44807744,4096
1625724947,280240829,44807752,4096
1625724947,280240829,44807760,4096
1625724947,280240829,44807768,4096
1625724947,280240829,44807776,4096
1625724947,280240829,44807784,4096
1625724947,280240829,44807792,4096
1625724947,280240829,44807800,4096
1625724947,280240829,44807808,4096
1625724947,280240829,44807816,4096
1625724947,280241903,44807824,4096
1625724947,280241903,44807832,4096
1625724947,280355694,45325984,4096
1625724947,280355694,45325992,4096
1625724947,280355694,45326000,4096
1625724947,280355694,45326008,4096
1625724947,280355694,45326016,4096
1625724947,280355694,45326024,4096
1625724947,280356767,45326032,4096
1625724947,280356767,45326040,4096
1625724947,280356767,45326048,4096
1625724947,280356767,45326056,4096
1625724947,280356767,45326064,4096
1625724947,280356767,45326072,4096
1625724947,280356767,45326080,4096
1625724947,280356767,45326088,4096
1625724947,280356767,45326096,4096
1625724947,280357841,45326104,4096
1625724947,280541409,44937120,4096
1625724947,280541409,44937128,4096
1625724947,280542483,44937136,4096
1625724947,280542483,44937144,4096
1625724947,280542483,44937152,4096
1625724947,280542483,44937160,4096
1625724947,280542483,44937168,4096
1625724947,280542483,44937176,4096
1625724947,280542483,44937184,4096
1625724947,280542483,44937192,4096
1625724947,280542483,44937200,4096
1625724947,280543556,44937208,4096
1625724947,280543556,44937216,4096
1625724947,280543556,44937224,4096
1625724947,280543556,44937232,4096
1625724947,280543556,44937240,4096
1625724947,280543556,44937248,4096
1625724947,280543556,44937256,4096
1625724947,280543556,44937264,4096
1625724947,280544630,44937272,4096
1625724947,280544630,44937280,4096
1625724947,280544630,44937288,4096
1625724947,280706728,44937296,4096
1625724947,280706728,44937304,4096
1625724947,280706728,44937312,4096
1625724947,280706728,44937320,4096
1625724947,280706728,44937328,4096
1625724947,280706728,44937336,4096
1625724947,280706728,44937344,4096
1625724947,280707802,44937352,4096
1625724947,280707802,44937360,4096
1625724947,280707802,44937368,4096
1625724947,280707802,44937376,4096
1625724947,280707802,44937384,4096
1625724947,280707802,44937392,4096
1625724947,280707802,44937400,4096
1625724947,280707802,44937408,4096
1625724947,280708875,44937416,4096
1625724947,280708875,44937424,4096
1625724947,280708875,44937432,4096
1625724947,280708875,44937440,4096
1625724947,280708875,44937448,4096
1625724947,280708875,44937456,4096
1625724947,280708875,44937464,4096
1625724947,280832328,44606048,4096
1625724947,280832328,44606056,4096
1625724947,280832328,44606064,4096
1625724947,280832328,44606072,4096
1625724947,280832328,44606080,4096
1625724947,280833401,44606088,4096
1625724947,280833401,44606096,4096
1625724947,280833401,44606104,4096
1625724947,280833401,44606112,4096
1625724947,280833401,44606120,4096
1625724947,280833401,44606128,4096
1625724947,280833401,44606136,4096
1625724947,280833401,44606144,4096
1625724947,280834475,44606152,4096
1625724947,280834475,44606160,4096
1625724947,280834475,44606168,4096
1625724947,280952560,44605920,4096
1625724947,280952560,44605928,4096
1625724947,280952560,44605936,4096
1625724947,280952560,44605944,4096
1625724947,280952560,44605952,4096
1625724947,280952560,44605960,4096
1625724947,280952560,44605968,4096
1625724947,280952560,44605976,4096
1625724947,280952560,44605984,4096
1625724947,280953633,44605992,4096
1625724947,280953633,44606000,4096
1625724947,280953633,44606008,4096
1625724947,280953633,44606016,4096
1625724947,280953633,44606024,4096
1625724947,280953633,44606032,4096
1625724947,280953633,44606040,4096
1625724947,281013749,45723168,4096
1625724947,281013749,45723176,4096
1625724947,281014823,45723184,4096
1625724947,281014823,45723192,4096
1625724947,281014823,45723200,4096
1625724947,281014823,45723208,4096
1625724947,281014823,45723216,4096
1625724947,281014823,45723224,4096
1625724948,933989161,48936632,4096
1625724948,934693377,3759968,4096
1625724948,934693377,3759976,4096
1625724948,934693377,3759984,4096
1625724948,934693377,3759992,4096
1625724948,935451268,3760000,4096
1625724948,935451268,3760008,4096
1625724948,935451268,3760016,4096
1625724948,935451268,3760024,4096
1625724948,935451268,3760032,4096
1625724948,935452341,3760040,4096
1625724948,935452341,3760048,4096
1625724948,935452341,3760056,4096
1625724948,935452341,3760064,4096
1625724948,935452341,3760072,4096
1625724948,935452341,3760080,4096
1625724948,935452341,3760088,4096
1625724948,935452341,3760096,4096
1625724948,935452341,3760104,4096
1625724948,935542515,3760112,4096
1625724948,935542515,3760120,4096
1625724948,935543589,3760128,4096
1625724948,935543589,3760136,4096
1625724948,935543589,3760144,4096
1625724948,935543589,3760152,4096
1625724948,935543589,3760160,4096
1625724948,935543589,3760168,4096
1625724948,935543589,3760176,4096
1625724948,935543589,3760184,4096
1625724948,935544662,3760192,4096
1625724948,935544662,3760200,4096
1625724948,935544662,3760208,4096
1625724948,935544662,3760216,4096
1625724948,936125426,3760224,4096
1625724948,936125426,3760232,4096
1625724948,936125426,3760240,4096
1625724948,936125426,3760248,4096
1625724948,936125426,3760256,4096
1625724948,936125426,3760264,4096
1625724948,936125426,3760272,4096
1625724948,936126499,3760280,4096
1625724948,936126499,3760288,4096
1625724948,936126499,3760296,4096
1625724948,936126499,3760304,4096
1625724948,936126499,3760312,4096
1625724948,936126499,3760320,4096
1625724948,936126499,3760328,4096
1625724948,936126499,3760336,4096
1625724948,936126499,3760344,4096
1625724948,936723365,3760352,4096
1625724948,936723365,3760360,4096
1625724948,936724439,3760368,4096
1625724948,936724439,3760376,4096
1625724948,936724439,3760384,4096
1625724948,936724439,3760392,4096
1625724948,936724439,3760400,4096
1625724948,936724439,3760408,4096
1625724948,936724439,3760416,4096
1625724948,936724439,3760424,4096
1625724948,936725512,3760432,4096
1625724948,936725512,3760440,4096
1625724948,936725512,3760448,4096
1625724948,936725512,3760456,4096
1625724948,936725512,3760464,4096
1625724948,936725512,3760472,4096
1625724948,936836083,3760480,4096
1625724948,936837156,3760488,4096
1625724948,936837156,3760496,4096
1625724948,936837156,3760504,4096
1625724948,936837156,3760512,4096
1625724948,936837156,3760520,4096
1625724948,936837156,3760528,4096
1625724948,936837156,3760536,4096
1625724948,936837156,3760544,4096
1625724948,936838230,3760552,4096
1625724948,936838230,3760560,4096
1625724948,936838230,3760568,4096
1625724948,936838230,3760576,4096
1625724948,936838230,3760584,4096
1625724948,936838230,3760592,4096
1625724948,936838230,3760600,4096
1625724948,940943294,3760608,4096
1625724948,940943294,3760616,4096
1625724948,940943294,3760624,4096
1625724948,940943294,3760632,4096
1625724948,940943294,3760640,4096
1625724948,940944367,3760648,4096
1625724948,940944367,3760656,4096
1625724948,940944367,3760664,4096
1625724948,940944367,3760672,4096
1625724948,940944367,3760680,4096
1625724948,940944367,3760688,4096
1625724948,940944367,3760696,4096
1625724948,940944367,3760704,4096
1625724948,940944367,3760712,4096
1625724948,940945441,3760720,4096
1625724948,940945441,3760728,4096
1625724948,941059232,3760736,4096
1625724948,941059232,3760744,4096
1625724948,941059232,3760752,4096
1625724948,941060305,3760760,4096
1625724948,941060305,3760768,4096
1625724948,941060305,3760776,4096
1625724948,941060305,3760784,4096
1625724948,941060305,3760792,4096
1625724948,941060305,3760800,4096
1625724948,941060305,3760808,4096
1625724948,941060305,3760816,4096
1625724948,941060305,3760824,4096
1625724948,941061379,3760832,4096
1625724948,941061379,3760840,4096
1625724948,941061379,3760848,4096
1625724948,941061379,3760856,4096
1625724948,944919538,3760864,4096
1625724948,944919538,3760872,4096
1625724948,944920611,3760880,4096
1625724948,944920611,3760888,4096
1625724948,944920611,3760896,4096
1625724948,944920611,3760904,4096
1625724948,944920611,3760912,4096
1625724948,944920611,3760920,4096
1625724948,944920611,3760928,4096
1625724948,944920611,3760936,4096
1625724948,944920611,3760944,4096
1625724948,944921685,3760952,4096
1625724948,944921685,3760960,4096
1625724948,944921685,3760968,4096
1625724948,944921685,3760976,4096
1625724948,944921685,3760984,4096
1625724948,945033329,3760992,4096
1625724948,945033329,3761000,4096
1625724948,945033329,3761008,4096
1625724948,945033329,3761016,4096
1625724948,945033329,3761024,4096
1625724948,945033329,3761032,4096
1625724948,945033329,3761040,4096
1625724948,945034402,3761048,4096
1625724948,945034402,3761056,4096
1625724948,945034402,3761064,4096
1625724948,945034402,3761072,4096
1625724948,945034402,3761080,4096
1625724948,945034402,3761088,4096
1625724948,945034402,3761096,4096
1625724948,945034402,3761104,4096
1625724948,945034402,3761112,4096
1625724948,948904370,3761120,4096
1625724948,948904370,3761128,4096
1625724948,948904370,3761136,4096
1625724948,948904370,3761144,4096
1625724948,948905443,3761152,4096
1625724948,948905443,3761160,4096
1625724948,948905443,3761168,4096
1625724948,948905443,3761176,4096
1625724948,948905443,3761184,4096
1625724948,948905443,3761192,4096
1625724948,948905443,3761200,4096
1625724948,948905443,3761208,4096
1625724948,948905443,3761216,4096
1625724948,948906517,3761224,4096
1625724948,948906517,3761232,4096
1625724948,948906517,3761240,4096
1625724948,949017087,3761248,4096
1625724948,949018161,3761256,4096
1625724948,949018161,3761264,4096
1625724948,949018161,3761272,4096
1625724948,949018161,3761280,4096
1625724948,949018161,3761288,4096
1625724948,949018161,3761296,4096
1625724948,949018161,3761304,4096
1625724948,949018161,3761312,4096
1625724948,949018161,3761320,4096
1625724948,949018161,3761328,4096
1625724948,949019234,3761336,4096
1625724948,949019234,3761344,4096
1625724948,949019234,3761352,4096
1625724948,949019234,3761360,4096
1625724948,949019234,3761368,4096
1625724948,952925701,3761376,4096
1625724948,952925701,3761384,4096
1625724948,952925701,3761392,4096
1625724948,952925701,3761400,4096
1625724948,952925701,3761408,4096
1625724948,952926774,3761416,4096
1625724948,952926774,3761424,4096
1625724948,952926774,3761432,4096
1625724948,952926774,3761440,4096
1625724948,952926774,3761448,4096
1625724948,952926774,3761456,4096
1625724948,952926774,3761464,4096
1625724948,952926774,3761472,4096
1625724948,952926774,3761480,4096
1625724948,952927848,3761488,4096
1625724948,952927848,3761496,4096
1625724948,953039492,3761504,4096
1625724948,953039492,3761512,4096
1625724948,953039492,3761520,4096
1625724948,953039492,3761528,4096
1625724948,953039492,3761536,4096
1625724948,953039492,3761544,4096
1625724948,953039492,3761552,4096
1625724948,953039492,3761560,4096
1625724948,953039492,3761568,4096
1625724948,953040565,3761576,4096
1625724948,953040565,3761584,4096
1625724948,953040565,3761592,4096
1625724948,953040565,3761600,4096
1625724948,953040565,3761608,4096
1625724948,953040565,3761616,4096
1625724948,953040565,3761624,4096
1625724948,957013589,3761632,4096
1625724948,957013589,3761640,4096
1625724948,957013589,3761648,4096
1625724948,957013589,3761656,4096
1625724948,957013589,3761664,4096
1625724948,957014662,3761672,4096
1625724948,957014662,3761680,4096
1625724948,957014662,3761688,4096
1625724948,957014662,3761696,4096
1625724948,957014662,3761704,4096
1625724948,957014662,3761712,4096
1625724948,957014662,3761720,4096
1625724948,957014662,3761728,4096
1625724948,957014662,3761736,4096
1625724948,957014662,3761744,4096
1625724948,957015736,3761752,4096
1625724948,957129527,3761760,4096
1625724948,957129527,3761768,4096
1625724948,957129527,3761776,4096
1625724948,957129527,3761784,4096
1625724948,957129527,3761792,4096
1625724948,957130600,3761800,4096
1625724948,957130600,3761808,4096
1625724948,957130600,3761816,4096
1625724948,957130600,3761824,4096
1625724948,957130600,3761832,4096
1625724948,957130600,3761840,4096
1625724948,957130600,3761848,4096
1625724948,957130600,3761856,4096
1625724948,957130600,3761864,4096
1625724948,957131674,3761872,4096
1625724948,957131674,3761880,4096
1625724948,961004862,3761888,4096
1625724948,961004862,3761896,4096
1625724948,961004862,3761904,4096
1625724948,961004862,3761912,4096
1625724948,961004862,3761920,4096
1625724948,961004862,3761928,4096
1625724948,961004862,3761936,4096
1625724948,961004862,3761944,4096
1625724948,961004862,3761952,4096
1625724948,961005935,3761960,4096
1625724948,961005935,3761968,4096
1625724948,961005935,3761976,4096
1625724948,961005935,3761984,4096
1625724948,961005935,3761992,4096
1625724948,961005935,3762000,4096
1625724948,961005935,3762008,4096
1625724948,961119726,3762016,4096
1625724948,961119726,3762024,4096
1625724948,961119726,3762032,4096
1625724948,961119726,3762040,4096
1625724948,961119726,3762048,4096
1625724948,961119726,3762056,4096
1625724948,961119726,3762064,4096
1625724948,961119726,3762072,4096
1625724948,961120800,3762080,4096
1625724948,961120800,3762088,4096
1625724948,961120800,3762096,4096
1625724948,961120800,3762104,4096
1625724948,961120800,3762112,4096
1625724948,961120800,3762120,4096
1625724948,961120800,3762128,4096
1625724948,961120800,3762136,4096
1625724948,965005796,3762144,4096
1625724948,965005796,3762152,4096
1625724948,965005796,3762160,4096
1625724948,965005796,3762168,4096
1625724948,965005796,3762176,4096
1625724948,965005796,3762184,4096
1625724948,965005796,3762192,4096
1625724948,965005796,3762200,4096
1625724948,965005796,3762208,4096
1625724948,965006870,3762216,4096
1625724948,965006870,3762224,4096
1625724948,965006870,3762232,4096
1625724948,965006870,3762240,4096
1625724948,965006870,3762248,4096
1625724948,965006870,3762256,4096
1625724948,965006870,3762264,4096
1625724948,965118514,3762272,4096
1625724948,965118514,3762280,4096
1625724948,965118514,3762288,4096
1625724948,965118514,3762296,4096
1625724948,965118514,3762304,4096
1625724948,965118514,3762312,4096
1625724948,965118514,3762320,4096
1625724948,965119587,3762328,4096
1625724948,965119587,3762336,4096
1625724948,965119587,3762344,4096
1625724948,965119587,3762352,4096
1625724948,965119587,3762360,4096
1625724948,965119587,3762368,4096
1625724948,965119587,3762376,4096
1625724948,965119587,3762384,4096
1625724948,965119587,3762392,4096
1625724948,969261150,3762400,4096
1625724948,969261150,3762408,4096
1625724948,969261150,3762416,4096
1625724948,969261150,3762424,4096
1625724948,969261150,3762432,4096
1625724948,969261150,3762440,4096
1625724948,969261150,3762448,4096
1625724948,969261150,3762456,4096
1625724948,969262224,3762464,4096
1625724948,969262224,3762472,4096
1625724948,969262224,3762480,4096
1625724948,969262224,3762488,4096
1625724948,969262224,3762496,4096
1625724948,969262224,3762504,4096
1625724948,969262224,3762512,4096
1625724948,969262224,3762520,4096
1625724948,969379235,3762528,4096
1625724948,969379235,3762536,4096
1625724948,969379235,3762544,4096
1625724948,969379235,3762552,4096
1625724948,969379235,3762560,4096
1625724948,969379235,3762568,4096
1625724948,969379235,3762576,4096
1625724948,969379235,3762584,4096
1625724948,969379235,3762592,4096
1625724948,969380309,3762600,4096
1625724948,969380309,3762608,4096
1625724948,969380309,3762616,4096
1625724948,969380309,3762624,4096
1625724948,969380309,3762632,4096
1625724948,969380309,3762640,4096
1625724948,969380309,3762648,4096
1625724948,973847142,3762656,4096
1625724948,973848216,3762664,4096
1625724948,973848216,3762672,4096
1625724948,973848216,3762680,4096
1625724948,973848216,3762688,4096
1625724948,973848216,3762696,4096
1625724948,973848216,3762704,4096
1625724948,973848216,3762712,4096
1625724948,973848216,3762720,4096
1625724948,973849289,3762728,4096
1625724948,973849289,3762736,4096
1625724948,973849289,3762744,4096
1625724948,973849289,3762752,4096
1625724948,973849289,3762760,4096
1625724948,973849289,3762768,4096
1625724948,973849289,3762776,4096
1625724948,973965227,3762784,4096
1625724948,973965227,3762792,4096
1625724948,973965227,3762800,4096
1625724948,973965227,3762808,4096
1625724948,973966301,3762816,4096
1625724948,973966301,3762824,4096
1625724948,973966301,3762832,4096
1625724948,973966301,3762840,4096
1625724948,973966301,3762848,4096
1625724948,973966301,3762856,4096
1625724948,973966301,3762864,4096
1625724948,973966301,3762872,4096
1625724948,973966301,3762880,4096
1625724948,973967374,3762888,4096
1625724948,973967374,3762896,4096
1625724948,973967374,3762904,4096
1625724948,977680611,3762912,4096
1625724948,977680611,3762920,4096
1625724948,977680611,3762928,4096
1625724948,977680611,3762936,4096
1625724948,977680611,3762944,4096
1625724948,977680611,3762952,4096
1625724948,977681684,3762960,4096
1625724948,977681684,3762968,4096
1625724948,977681684,3762976,4096
1625724948,977681684,3762984,4096
1625724948,977681684,3762992,4096
1625724948,977681684,3763000,4096
1625724948,977681684,3763008,4096
1625724948,977681684,3763016,4096
1625724948,977681684,3763024,4096
1625724948,977682758,3763032,4096
1625724948,977805137,3763040,4096
1625724948,977805137,3763048,4096
1625724948,977806210,3763056,4096
1625724948,977806210,3763064,4096
1625724948,977806210,3763072,4096
1625724948,977806210,3763080,4096
1625724948,977806210,3763088,4096
1625724948,977806210,3763096,4096
1625724948,977806210,3763104,4096
1625724948,977806210,3763112,4096
1625724948,977806210,3763120,4096
1625724948,977807284,3763128,4096
1625724948,977807284,3763136,4096
1625724948,977807284,3763144,4096
1625724948,977807284,3763152,4096
1625724948,977807284,3763160,4096
1625724948,981596739,3763168,4096
1625724948,981596739,3763176,4096
1625724948,981596739,3763184,4096
1625724948,981596739,3763192,4096
1625724948,981596739,3763200,4096
1625724948,981596739,3763208,4096
1625724948,981596739,3763216,4096
1625724948,981596739,3763224,4096
1625724948,981597812,3763232,4096
1625724948,981597812,3763240,4096
1625724948,981597812,3763248,4096
1625724948,981597812,3763256,4096
1625724948,981597812,3763264,4096
1625724948,981597812,3763272,4096
1625724948,981597812,3763280,4096
1625724948,981597812,3763288,4096
1625724948,981721265,3763296,4096
1625724948,981721265,3763304,4096
1625724948,981721265,3763312,4096
1625724948,981721265,3763320,4096
1625724948,981722338,3763328,4096
1625724948,981722338,3763336,4096
1625724948,981722338,3763344,4096
1625724948,981722338,3763352,4096
1625724948,981722338,3763360,4096
1625724948,981722338,3763368,4096
1625724948,981722338,3763376,4096
1625724948,981722338,3763384,4096
1625724948,981722338,3763392,4096
1625724948,981723412,3763400,4096
1625724948,981723412,3763408,4096
1625724948,981723412,3763416,4096
1625724948,985735081,3763424,4096
1625724948,985735081,3763432,4096
1625724948,985735081,3763440,4096
1625724948,985735081,3763448,4096
1625724948,985735081,3763456,4096
1625724948,985735081,3763464,4096
1625724948,985736155,3763472,4096
1625724948,985736155,3763480,4096
1625724948,985736155,3763488,4096
1625724948,985736155,3763496,4096
1625724948,985736155,3763504,4096
1625724948,985736155,3763512,4096
1625724948,985736155,3763520,4096
1625724948,985736155,3763528,4096
1625724948,985736155,3763536,4096
1625724948,985736155,3763544,4096
1625724948,985859607,3763552,4096
1625724948,985859607,3763560,4096
1625724948,985859607,3763568,4096
1625724948,985859607,3763576,4096
1625724948,985859607,3763584,4096
1625724948,985860681,3763592,4096
1625724948,985860681,3763600,4096
1625724948,985860681,3763608,4096
1625724948,985860681,3763616,4096
1625724948,985860681,3763624,4096
1625724948,985860681,3763632,4096
1625724948,985860681,3763640,4096
1625724948,985860681,3763648,4096
1625724948,985860681,3763656,4096
1625724948,985861754,3763664,4096
1625724948,985861754,3763672,4096
1625724948,989870203,3763680,4096
1625724948,989870203,3763688,4096
1625724948,989870203,3763696,4096
1625724948,989870203,3763704,4096
1625724948,989870203,3763712,4096
1625724948,989871277,3763720,4096
1625724948,989871277,3763728,4096
1625724948,989871277,3763736,4096
1625724948,989871277,3763744,4096
1625724948,989871277,3763752,4096
1625724948,989871277,3763760,4096
1625724948,989871277,3763768,4096
1625724948,989871277,3763776,4096
1625724948,989871277,3763784,4096
1625724948,989872350,3763792,4096
1625724948,989872350,3763800,4096
1625724948,989997950,3763808,4096
1625724948,989997950,3763816,4096
1625724948,989997950,3763824,4096
1625724948,989997950,3763832,4096
1625724948,989997950,3763840,4096
1625724948,989997950,3763848,4096
1625724948,989999023,3763856,4096
1625724948,989999023,3763864,4096
1625724948,989999023,3763872,4096
1625724948,989999023,3763880,4096
1625724948,989999023,3763888,4096
1625724948,989999023,3763896,4096
1625724948,989999023,3763904,4096
1625724948,989999023,3763912,4096
1625724948,989999023,3763920,4096
1625724948,990000097,3763928,4096
1625724948,994200702,3763936,4096
1625724948,994201776,3763944,4096
1625724948,994201776,3763952,4096
1625724948,994201776,3763960,4096
1625724948,994201776,3763968,4096
1625724948,994201776,3763976,4096
1625724948,994201776,3763984,4096
1625724948,994202849,3763992,4096
1625724948,994202849,3764000,4096
1625724948,994202849,3764008,4096
1625724948,994202849,3764016,4096
1625724948,994202849,3764024,4096
1625724948,994202849,3764032,4096
1625724948,994202849,3764040,4096
1625724948,994202849,3764048,4096
1625724948,994202849,3764056,4096
1625724948,994320934,3764064,4096
1625724948,994320934,3764072,4096
1625724948,994320934,3764080,4096
1625724948,994320934,3764088,4096
1625724948,994320934,3764096,4096
1625724948,994322008,3764104,4096
1625724948,994322008,3764112,4096
1625724948,994322008,3764120,4096
1625724948,994322008,3764128,4096
1625724948,994322008,3764136,4096
1625724948,994322008,3764144,4096
1625724948,994322008,3764152,4096
1625724948,994322008,3764160,4096
1625724948,994322008,3764168,4096
1625724948,994323081,3764176,4096
1625724948,994323081,3764184,4096
1625724948,998143668,3764192,4096
1625724948,998144741,3764200,4096
1625724948,998144741,3764208,4096
1625724948,998144741,3764216,4096
1625724948,998144741,3764224,4096
1625724948,998144741,3764232,4096
1625724948,998144741,3764240,4096
1625724948,998144741,3764248,4096
1625724948,998144741,3764256,4096
1625724948,998248871,3764264,4096
1625724948,998249944,3764272,4096
1625724948,998249944,3764280,4096
1625724948,998249944,3764288,4096
1625724948,998249944,3764296,4096
1625724948,998249944,3764304,4096
1625724948,998249944,3764312,4096
1625724948,998249944,3764320,4096
1625724948,998249944,3764328,4096
1625724949,250539732,44606176,4096
1625724949,250540805,44606184,4096
1625724949,250540805,44606192,4096
1625724949,250540805,44606200,4096
1625724949,250540805,44606208,4096
1625724949,250540805,44606216,4096
1625724949,250540805,44606224,4096
1625724949,250540805,44606232,4096
1625724949,250540805,44606240,4096
1625724949,250540805,44606248,4096
1625724949,250541879,44606256,4096
1625724949,250541879,44606264,4096
1625724949,250541879,44606272,4096
1625724949,250541879,44606280,4096
1625724949,250541879,44606288,4096
1625724949,250541879,44606296,4096
1625724949,250706124,10336480,4096
1625724949,250706124,10336488,4096
1625724949,250707198,10336496,4096
1625724949,250707198,10336504,4096
1625724949,250707198,10336512,4096
1625724949,250707198,10336520,4096
1625724949,250707198,10336528,4096
1625724949,250707198,10336536,4096
1625724949,250707198,10336544,4096
1625724949,250707198,10336552,4096
1625724949,250707198,10336560,4096
1625724949,250708271,10336568,4096
1625724949,250708271,10336576,4096
1625724949,250708271,10336584,4096
1625724949,250708271,10336592,4096
1625724949,250708271,10336600,4096
1625724949,250708271,10336608,4096
1625724949,250708271,10336616,4096
1625724949,250708271,10336624,4096
1625724949,250708271,10336632,4096
1625724949,250709345,10336640,4096
1625724949,250709345,10336648,1536
1625724949,250884325,10336651,4096
1625724949,250884325,10336659,4096
1625724949,250884325,10336667,4096
1625724949,250884325,10336675,4096
1625724949,250884325,10336683,4096
1625724949,250885399,10336691,4096
1625724949,250885399,10336699,4096
1625724949,250885399,10336707,4096
1625724949,250885399,10336715,4096
1625724949,250885399,10336723,4096
1625724949,250885399,10336731,4096
1625724949,250885399,10336739,4096
1625724949,250885399,10336747,4096
1625724949,250885399,10336755,4096
1625724949,250886472,10336763,4096
1625724949,250886472,10336771,4096
1625724949,250886472,10336779,4096
1625724949,250886472,10336787,4096
1625724949,250886472,10336795,4096
1625724949,250886472,10336803,4096
1625724949,250886472,10336811,4096
1625724949,250886472,10336819,1536
1625724949,250972352,10336992,4096
1625724949,250973426,10337000,4096
1625724949,250973426,10337008,4096
1625724949,250973426,10337016,4096
1625724949,250973426,10337024,4096
1625724949,250973426,10337032,4096
1625724949,250973426,10337040,4096
1625724949,250973426,10337048,4096
1625724949,250973426,10337056,4096
1625724949,250973426,10337064,4096
1625724949,250974499,10337072,4096
1625724949,250974499,10337080,4096
1625724949,251135524,10336822,4096
1625724949,251135524,10336830,4096
1625724949,251135524,10336838,4096
1625724949,251135524,10336846,4096
1625724949,251135524,10336854,4096
1625724949,251135524,10336862,4096
1625724949,251135524,10336870,4096
1625724949,251136598,10336878,4096
1625724949,251136598,10336886,4096
1625724949,251136598,10336894,4096
1625724949,251136598,10336902,4096
1625724949,251136598,10336910,4096
1625724949,251136598,10336918,4096
1625724949,251136598,10336926,4096
1625724949,251136598,10336934,4096
1625724949,251137671,10336942,4096
1625724949,251137671,10336950,4096
1625724949,251137671,10336958,4096
1625724949,251137671,10336966,4096
1625724949,251137671,10336974,4096
1625724949,251137671,10336982,4096
1625724949,251137671,10336990,1024
1625724949,251232139,10337088,4096
1625724949,251232139,10337096,4096
1625724949,251232139,10337104,4096
1625724949,251232139,10337112,4096
1625724949,251233213,10337120,4096
1625724949,251233213,10337128,4096
1625724949,251233213,10337136,4096
1625724949,251233213,10337144,4096
1625724949,251233213,10337152,4096
1625724949,251233213,10337160,4096
1625724949,251233213,10337168,4096
1625724949,251233213,10337176,4096
1625724949,251319093,45337024,4096
1625724949,251319093,45337032,4096
1625724949,251319093,45337040,4096
1625724949,251320166,45337048,4096
1625724949,251320166,45337056,4096
1625724949,251320166,45337064,4096
1625724949,251320166,45337072,4096
1625724949,251320166,45337080,4096
1625724949,251320166,45337088,4096
1625724949,251320166,45337096,4096
1625724949,251320166,45337104,4096
1625724949,251321240,45337112,4096
1625724949,251501588,12912096,4096
1625724949,251501588,12912104,4096
1625724949,251501588,12912112,4096
1625724949,251501588,12912120,4096
1625724949,251501588,12912128,4096
1625724949,251501588,12912136,4096
1625724949,251501588,12912144,4096
1625724949,251501588,12912152,4096
1625724949,251501588,12912160,4096
1625724949,251502661,12912168,4096
1625724949,251502661,12912176,4096
1625724949,251502661,12912184,4096
1625724949,251502661,12912192,4096
1625724949,251502661,12912200,4096
1625724949,251502661,12912208,4096
1625724949,251502661,12912216,4096
1625724949,251502661,12912224,4096
1625724949,251502661,12912232,4096
1625724949,251503735,12912240,4096
1625724949,251503735,12912248,4096
1625724949,251503735,12912256,4096
1625724949,251503735,12912264,1536
1625724949,251667980,12912267,4096
1625724949,251667980,12912275,4096
1625724949,251667980,12912283,4096
1625724949,251667980,12912291,4096
1625724949,251667980,12912299,4096
1625724949,251667980,12912307,4096
1625724949,251667980,12912315,4096
1625724949,251667980,12912323,4096
1625724949,251669054,12912331,4096
1625724949,251669054,12912339,4096
1625724949,251669054,12912347,4096
1625724949,251669054,12912355,4096
1625724949,251669054,12912363,4096
1625724949,251669054,12912371,4096
1625724949,251669054,12912379,4096
1625724949,251669054,12912387,4096
1625724949,251669054,12912395,4096
1625724949,251670127,12912403,4096
1625724949,251670127,12912411,4096
1625724949,251670127,12912419,4096
1625724949,251670127,12912427,4096
1625724949,251670127,12912435,1536
1625724949,251829005,12912438,4096
1625724949,251829005,12912446,4096
1625724949,251829005,12912454,4096
1625724949,251830079,12912462,4096
1625724949,251830079,12912470,4096
1625724949,251830079,12912478,4096
1625724949,251830079,12912486,4096
1625724949,251830079,12912494,4096
1625724949,251830079,12912502,4096
1625724949,251830079,12912510,4096
1625724949,251830079,12912518,4096
1625724949,251830079,12912526,4096
1625724949,251831152,12912534,4096
1625724949,251831152,12912542,4096
1625724949,251831152,12912550,4096
1625724949,251831152,12912558,4096
1625724949,251831152,12912566,4096
1625724949,251831152,12912574,4096
1625724949,251832226,12912582,4096
1625724949,251832226,12912590,4096
1625724949,251832226,12912598,4096
1625724949,251832226,12912606,1024
1625724949,251920253,12912608,4096
1625724949,251920253,12912616,4096
1625724949,251920253,12912624,4096
1625724949,251920253,12912632,4096
1625724949,251920253,12912640,4096
1625724949,251920253,12912648,4096
1625724949,251920253,12912656,4096
1625724949,251921326,12912664,4096
1625724949,251921326,12912672,4096
1625724949,251921326,12912680,4096
1625724949,251921326,12912688,4096
1625724949,251921326,12912696,4096
1625724949,252447341,12912704,4096
1625724949,252447341,12912712,4096
1625724949,252448415,12912720,4096
1625724949,252448415,12912728,4096
1625724949,252448415,12912736,4096
1625724949,252448415,12912744,4096
1625724949,252448415,12912752,4096
1625724949,252448415,12912760,4096
1625724949,252448415,12912768,4096
1625724949,252448415,12912776,4096
1625724949,252448415,12912784,4096
1625724949,252449488,12912792,4096
1625724949,252767244,45648736,4096
1625724949,252767244,45648744,4096
1625724949,252768318,45648752,4096
1625724949,252768318,45648760,4096
1625724949,252768318,45648768,4096
1625724949,252768318,45648776,4096
1625724949,252768318,45648784,4096
1625724949,252768318,45648792,4096
1625724949,253075339,45687008,4096
1625724949,253075339,45687016,4096
1625724949,253075339,45687024,4096
1625724949,253075339,45687032,4096
1625724949,253075339,45687040,4096
1625724949,253075339,45687048,4096
1625724949,253076412,45687056,4096
1625724949,253076412,45687064,4096
1625724949,253458578,13537376,4096
1625724949,253458578,13537384,4096
1625724949,253458578,13537392,4096
1625724949,253458578,13537400,4096
1625724949,253458578,13537408,4096
1625724949,253458578,13537416,4096
1625724949,253459652,13537424,4096
1625724949,253459652,13537432,4096
1625724949,253459652,13537440,4096
1625724949,253459652,13537448,4096
1625724949,253459652,13537456,4096
1625724949,253459652,13537464,4096
1625724949,253813907,13537472,4096
1625724949,253814980,13537480,4096
1625724949,253814980,13537488,4096
1625724949,253814980,13537496,4096
1625724949,253814980,13537504,4096
1625724949,253814980,13537512,4096
1625724949,253814980,13537520,4096
1625724949,253814980,13537528,4096
1625724949,253814980,13537536,4096
1625724949,253814980,13537544,4096
1625724949,253816054,13537552,4096
1625724949,253816054,13537560,4096
1625724949,254228278,45389888,4096
1625724949,254228278,45389896,4096
1625724949,254228278,45389904,4096
1625724949,254229351,45389912,4096
1625724949,254229351,45389920,4096
1625724949,254229351,45389928,4096
1625724949,254229351,45389936,4096
1625724949,254229351,45389944,4096
1625724949,254229351,45389952,4096
1625724949,254229351,45389960,4096
1625724949,254229351,45389968,4096
1625724949,254229351,45389976,4096
1625724949,254358171,13537632,4096
1625724949,254358171,13537640,4096
1625724949,254358171,13537648,4096
1625724949,254358171,13537656,4096
1625724949,254705985,45473312,4096
1625724949,254705985,45473320,4096
1625724949,254705985,45473328,4096
1625724949,254705985,45473336,4096
1625724949,254705985,45473344,4096
1625724949,254705985,45473352,4096
1625724949,254705985,45473360,4096
1625724949,254705985,45473368,4096
1625724949,254707059,45473376,4096
1625724949,254707059,45473384,4096
1625724949,254707059,45473392,4096
1625724949,254707059,45473400,4096
1625724949,495831261,6848048,4096
1625724949,518615225,2769684,4096
1625724949,518615225,2769692,4096
1625724949,518615225,2769700,4096
1625724949,518615225,2769708,4096
1625724949,518616299,2769716,4096
1625724949,518616299,2769724,4096
1625724949,518616299,2769732,4096
1625724949,518616299,2769740,4096
1625724950,980561312,45538848,4096
1625724950,980562385,45538856,4096
1625724950,980562385,45538864,4096
1625724950,980562385,45538872,4096
1625724950,981205412,45538880,4096
1625724950,981205412,45538888,4096
1625724950,981206485,45538896,4096
1625724950,981206485,45538904,4096
1625724950,981206485,45538912,2560
1625724951,139470555,28427168,4096
1625724951,139471628,28427176,4096
1625724951,139471628,28427184,4096
1625724951,139471628,28427192,4096
1625724951,140336869,28427200,4096
1625724951,140336869,28427208,4096
1625724951,140336869,28427216,4096
1625724951,140336869,28427224,4096
1625724951,140337943,28427232,4096
1625724951,140337943,28427240,4096
1625724951,140337943,28427248,4096
1625724951,140337943,28427256,4096
1625724951,140337943,28427264,4096
1625724951,140337943,28427272,4096
1625724951,140337943,28427280,4096
1625724951,140337943,28427288,4096
1625724951,140337943,28427296,4096
1625724951,140339016,28427304,4096
1625724951,140440999,28427312,4096
1625724951,140440999,28427320,4096
1625724951,140440999,28427328,4096
1625724951,140442072,28427336,4096
1625724951,140442072,28427344,4096
1625724951,140442072,28427352,4096
1625724951,140442072,28427360,4096
1625724951,140442072,28427368,4096
1625724951,140442072,28427376,4096
1625724951,140442072,28427384,4096
1625724951,140442072,28427392,4096
1625724951,140442072,28427400,4096
1625724951,140443146,28427408,4096
1625724951,140443146,28427416,4096
1625724951,141162391,28427424,4096
1625724951,141162391,28427432,4096
1625724951,141162391,28427440,4096
1625724951,141163464,28427448,4096
1625724951,141163464,28427456,4096
1625724951,141163464,28427464,4096
1625724951,141163464,28427472,4096
1625724951,141163464,28427480,4096
1625724951,141163464,28427488,4096
1625724951,141163464,28427496,4096
1625724951,141163464,28427504,4096
1625724951,141163464,28427512,4096
1625724951,141164538,28427520,4096
1625724951,141164538,28427528,4096
1625724951,141164538,28427536,4096
1625724951,141164538,28427544,4096
1625724951,142015823,28427552,4096
1625724951,142015823,28427560,4096
1625724951,142015823,28427568,4096
1625724951,142015823,28427576,4096
1625724951,142015823,28427584,4096
1625724951,142015823,28427592,4096
1625724951,142015823,28427600,4096
1625724951,142016897,28427608,4096
1625724951,142016897,28427616,4096
1625724951,142016897,28427624,4096
1625724951,142016897,28427632,4096
1625724951,142016897,28427640,4096
1625724951,142016897,28427648,4096
1625724951,142016897,28427656,4096
1625724951,142016897,28427664,4096
1625724951,142016897,28427672,4096
1625724951,142141423,28427680,4096
1625724951,142141423,28427688,4096
1625724951,142141423,28427696,4096
1625724951,142141423,28427704,4096
1625724951,142141423,28427712,4096
1625724951,142141423,28427720,4096
1625724951,142141423,28427728,4096
1625724951,142141423,28427736,4096
1625724951,142141423,28427744,4096
1625724951,142142496,28427752,4096
1625724951,142142496,28427760,4096
1625724951,142142496,28427768,4096
1625724951,142142496,28427776,4096
1625724951,142142496,28427784,4096
1625724951,142142496,28427792,4096
1625724951,142142496,28427800,4096
1625724951,146829397,28427808,4096
1625724951,146830471,28427816,4096
1625724951,146830471,28427824,4096
1625724951,146830471,28427832,4096
1625724951,146830471,28427840,4096
1625724951,146830471,28427848,4096
1625724951,146830471,28427856,4096
1625724951,146830471,28427864,4096
1625724951,146831544,28427872,4096
1625724951,146831544,28427880,4096
1625724951,146831544,28427888,4096
1625724951,146831544,28427896,4096
1625724951,146831544,28427904,4096
1625724951,146831544,28427912,4096
1625724951,146831544,28427920,4096
1625724951,146831544,28427928,4096
1625724951,146949629,28427936,4096
1625724951,146949629,28427944,4096
1625724951,146949629,28427952,4096
1625724951,146949629,28427960,4096
1625724951,146949629,28427968,4096
1625724951,146950703,28427976,4096
1625724951,146950703,28427984,4096
1625724951,146950703,28427992,4096
1625724951,146950703,28428000,4096
1625724951,146950703,28428008,4096
1625724951,146950703,28428016,4096
1625724951,146950703,28428024,4096
1625724951,146950703,28428032,4096
1625724951,146950703,28428040,4096
1625724951,146951776,28428048,4096
1625724951,146951776,28428056,4096
1625724951,150862537,28428064,4096
1625724951,150863610,28428072,4096
1625724951,150863610,28428080,4096
1625724951,150863610,28428088,4096
1625724951,150863610,28428096,4096
1625724951,150863610,28428104,4096
1625724951,150863610,28428112,4096
1625724951,150863610,28428120,4096
1625724951,150864684,28428128,4096
1625724951,150864684,28428136,4096
1625724951,150864684,28428144,4096
1625724951,150864684,28428152,4096
1625724951,150864684,28428160,4096
1625724951,150864684,28428168,4096
1625724951,150864684,28428176,4096
1625724951,150864684,28428184,4096
1625724951,150981695,28428192,4096
1625724951,150981695,28428200,4096
1625724951,150981695,28428208,4096
1625724951,150982769,28428216,4096
1625724951,150982769,28428224,4096
1625724951,150982769,28428232,4096
1625724951,150982769,28428240,4096
1625724951,150982769,28428248,4096
1625724951,150982769,28428256,4096
1625724951,150982769,28428264,4096
1625724951,150982769,28428272,4096
1625724951,150982769,28428280,4096
1625724951,150983842,28428288,4096
1625724951,150983842,28428296,4096
1625724951,150983842,28428304,4096
1625724951,150983842,28428312,4096
1625724951,155126479,28428320,4096
1625724951,155127552,28428328,4096
1625724951,155127552,28428336,4096
1625724951,155127552,28428344,4096
1625724951,155127552,28428352,4096
1625724951,155127552,28428360,4096
1625724951,155127552,28428368,4096
1625724951,155127552,28428376,4096
1625724951,155127552,28428384,4096
1625724951,155127552,28428392,4096
1625724951,155128626,28428400,4096
1625724951,155128626,28428408,4096
1625724951,155128626,28428416,4096
1625724951,155128626,28428424,4096
1625724951,155128626,28428432,4096
1625724951,155128626,28428440,4096
1625724951,155253152,28428448,4096
1625724951,155253152,28428456,4096
1625724951,155253152,28428464,4096
1625724951,155253152,28428472,4096
1625724951,155253152,28428480,4096
1625724951,155253152,28428488,4096
1625724951,155253152,28428496,4096
1625724951,155253152,28428504,4096
1625724951,155254225,28428512,4096
1625724951,155254225,28428520,4096
1625724951,155254225,28428528,4096
1625724951,155254225,28428536,4096
1625724951,155254225,28428544,4096
1625724951,155254225,28428552,4096
1625724951,155254225,28428560,4096
1625724951,155254225,28428568,4096
1625724951,159437655,28428576,4096
1625724951,159437655,28428584,4096
1625724951,159437655,28428592,4096
1625724951,159437655,28428600,4096
1625724951,159437655,28428608,4096
1625724951,159437655,28428616,4096
1625724951,159437655,28428624,4096
1625724951,159438728,28428632,4096
1625724951,159438728,28428640,4096
1625724951,159438728,28428648,4096
1625724951,159438728,28428656,4096
1625724951,159438728,28428664,4096
1625724951,159438728,28428672,4096
1625724951,159438728,28428680,4096
1625724951,159438728,28428688,4096
1625724951,159438728,28428696,4096
1625724951,159562181,28428704,4096
1625724951,159562181,28428712,4096
1625724951,159562181,28428720,4096
1625724951,159563254,28428728,4096
1625724951,159563254,28428736,4096
1625724951,159563254,28428744,4096
1625724951,159563254,28428752,4096
1625724951,159563254,28428760,4096
1625724951,159563254,28428768,4096
1625724951,159563254,28428776,4096
1625724951,159563254,28428784,4096
1625724951,159563254,28428792,4096
1625724951,159564328,28428800,4096
1625724951,159564328,28428808,4096
1625724951,159564328,28428816,4096
1625724951,159564328,28428824,4096
1625724951,163857254,28428832,4096
1625724951,163858328,28428840,4096
1625724951,163858328,28428848,4096
1625724951,163858328,28428856,4096
1625724951,163858328,28428864,4096
1625724951,163858328,28428872,4096
1625724951,163859401,28428880,4096
1625724951,163859401,28428888,4096
1625724951,163859401,28428896,4096
1625724951,163859401,28428904,4096
1625724951,163859401,28428912,4096
1625724951,163859401,28428920,4096
1625724951,163859401,28428928,4096
1625724951,163859401,28428936,4096
1625724951,163859401,28428944,4096
1625724951,163860475,28428952,4096
1625724951,163976413,28428960,4096
1625724951,163976413,28428968,4096
1625724951,163976413,28428976,4096
1625724951,163976413,28428984,4096
1625724951,163976413,28428992,4096
1625724951,163976413,28429000,4096
1625724951,163977486,28429008,4096
1625724951,163977486,28429016,4096
1625724951,163977486,28429024,4096
1625724951,163977486,28429032,4096
1625724951,163977486,28429040,4096
1625724951,163977486,28429048,4096
1625724951,163977486,28429056,4096
1625724951,163977486,28429064,4096
1625724951,163977486,28429072,4096
1625724951,163978560,28429080,4096
1625724951,168115829,28429088,4096
1625724951,168115829,28429096,4096
1625724951,168115829,28429104,4096
1625724951,168115829,28429112,4096
1625724951,168115829,28429120,4096
1625724951,168115829,28429128,4096
1625724951,168115829,28429136,4096
1625724951,168115829,28429144,4096
1625724951,168116902,28429152,4096
1625724951,168116902,28429160,4096
1625724951,168116902,28429168,4096
1625724951,168116902,28429176,4096
1625724951,168116902,28429184,4096
1625724951,168116902,28429192,4096
1625724951,168116902,28429200,4096
1625724951,168116902,28429208,4096
1625724951,168240355,28429216,4096
1625724951,168240355,28429224,4096
1625724951,168240355,28429232,4096
1625724951,168240355,28429240,4096
1625724951,168240355,28429248,4096
1625724951,168240355,28429256,4096
1625724951,168240355,28429264,4096
1625724951,168240355,28429272,4096
1625724951,168240355,28429280,4096
1625724951,168241428,28429288,4096
1625724951,168241428,28429296,4096
1625724951,168241428,28429304,4096
1625724951,168241428,28429312,4096
1625724951,168241428,28429320,4096
1625724951,168241428,28429328,4096
1625724951,168241428,28429336,4096
1625724951,172371183,28429344,4096
1625724951,172371183,28429352,4096
1625724951,172371183,28429360,4096
1625724951,172371183,28429368,4096
1625724951,172372256,28429376,4096
1625724951,172372256,28429384,4096
1625724951,172372256,28429392,4096
1625724951,172372256,28429400,4096
1625724951,172372256,28429408,4096
1625724951,172372256,28429416,4096
1625724951,172372256,28429424,4096
1625724951,172372256,28429432,4096
1625724951,172372256,28429440,4096
1625724951,172372256,28429448,4096
1625724951,172373330,28429456,4096
1625724951,172373330,28429464,4096
1625724951,172495709,28429472,4096
1625724951,172495709,28429480,4096
1625724951,172495709,28429488,4096
1625724951,172495709,28429496,4096
1625724951,172495709,28429504,4096
1625724951,172495709,28429512,4096
1625724951,172495709,28429520,4096
1625724951,172495709,28429528,4096
1625724951,172496782,28429536,4096
1625724951,172496782,28429544,4096
1625724951,172496782,28429552,4096
1625724951,172496782,28429560,4096
1625724951,172496782,28429568,4096
1625724951,172496782,28429576,4096
1625724951,172496782,28429584,4096
1625724951,172496782,28429592,4096
1625724951,176903500,28429600,4096
1625724951,176903500,28429608,4096
1625724951,176903500,28429616,4096
1625724951,176903500,28429624,4096
1625724951,176903500,28429632,4096
1625724951,176903500,28429640,4096
1625724951,176904573,28429648,4096
1625724951,176904573,28429656,4096
1625724951,176904573,28429664,4096
1625724951,176904573,28429672,4096
1625724951,176904573,28429680,4096
1625724951,176904573,28429688,4096
1625724951,176904573,28429696,4096
1625724951,176904573,28429704,4096
1625724951,176904573,28429712,4096
1625724951,176905647,28429720,4096
1625724951,177031246,28429728,4096
1625724951,177031246,28429736,4096
1625724951,177031246,28429744,4096
1625724951,177031246,28429752,4096
1625724951,177031246,28429760,4096
1625724951,177031246,28429768,4096
1625724951,177031246,28429776,4096
1625724951,177031246,28429784,4096
1625724951,177032320,28429792,4096
1625724951,177032320,28429800,4096
1625724951,177032320,28429808,4096
1625724951,177032320,28429816,4096
1625724951,177032320,28429824,4096
1625724951,177032320,28429832,4096
1625724951,177032320,28429840,4096
1625724951,177032320,28429848,4096
1625724951,181324173,28429856,4096
1625724951,181325246,28429864,4096
1625724951,181325246,28429872,4096
1625724951,181325246,28429880,4096
1625724951,181325246,28429888,4096
1625724951,181325246,28429896,4096
1625724951,181325246,28429904,4096
1625724951,181325246,28429912,4096
1625724951,181325246,28429920,4096
1625724951,181325246,28429928,4096
1625724951,181325246,28429936,4096
1625724951,181326320,28429944,4096
1625724951,181326320,28429952,4096
1625724951,181326320,28429960,4096
1625724951,181326320,28429968,4096
1625724951,181326320,28429976,4096
1625724951,181442258,28429984,4096
1625724951,181442258,28429992,4096
1625724951,181442258,28430000,4096
1625724951,181443331,28430008,4096
1625724951,181443331,28430016,4096
1625724951,181443331,28430024,4096
1625724951,181443331,28430032,4096
1625724951,181443331,28430040,4096
1625724951,181443331,28430048,4096
1625724951,181443331,28430056,4096
1625724951,181443331,28430064,4096
1625724951,181443331,28430072,4096
1625724951,181444405,28430080,4096
1625724951,181444405,28430088,4096
1625724951,181444405,28430096,4096
1625724951,181444405,28430104,4096
1625724951,185427090,28430112,4096
1625724951,185427090,28430120,4096
1625724951,185427090,28430128,4096
1625724951,185427090,28430136,4096
1625724951,185427090,28430144,4096
1625724951,185427090,28430152,4096
1625724951,185428163,28430160,4096
1625724951,185428163,28430168,4096
1625724951,185428163,28430176,4096
1625724951,185428163,28430184,4096
1625724951,185428163,28430192,4096
1625724951,185428163,28430200,4096
1625724951,185428163,28430208,4096
1625724951,185428163,28430216,4096
1625724951,185428163,28430224,4096
1625724951,185428163,28430232,4096
1625724951,185551616,28430240,4096
1625724951,185552689,28430248,4096
1625724951,185552689,28430256,4096
1625724951,185552689,28430264,4096
1625724951,185552689,28430272,4096
1625724951,185552689,28430280,4096
1625724951,185552689,28430288,4096
1625724951,185552689,28430296,4096
1625724951,185552689,28430304,4096
1625724951,185552689,28430312,4096
1625724951,185553763,28430320,4096
1625724951,185553763,28430328,4096
1625724951,185553763,28430336,4096
1625724951,185553763,28430344,4096
1625724951,185553763,28430352,4096
1625724951,185553763,28430360,4096
1625724951,189618034,28430368,4096
1625724951,189618034,28430376,4096
1625724951,189619107,28430384,4096
1625724951,189619107,28430392,4096
1625724951,189619107,28430400,4096
1625724951,189619107,28430408,4096
1625724951,189619107,28430416,4096
1625724951,189619107,28430424,4096
1625724951,189619107,28430432,4096
1625724951,189619107,28430440,4096
1625724951,189619107,28430448,4096
1625724951,189620181,28430456,4096
1625724951,189620181,28430464,4096
1625724951,189620181,28430472,4096
1625724951,189620181,28430480,4096
1625724951,189620181,28430488,4096
1625724951,189745780,28430496,4096
1625724951,189745780,28430504,4096
1625724951,189745780,28430512,4096
1625724951,189745780,28430520,4096
1625724951,189745780,28430528,4096
1625724951,189745780,28430536,4096
1625724951,189746854,28430544,4096
1625724951,189746854,28430552,4096
1625724951,189746854,28430560,4096
1625724951,189746854,28430568,4096
1625724951,189746854,28430576,4096
1625724951,189746854,28430584,4096
1625724951,189746854,28430592,4096
1625724951,189746854,28430600,4096
1625724951,189746854,28430608,4096
1625724951,189747927,28430616,4096
1625724951,193953900,28430624,4096
1625724951,193953900,28430632,4096
1625724951,193953900,28430640,4096
1625724951,193953900,28430648,4096
1625724951,193953900,28430656,4096
1625724951,193953900,28430664,4096
1625724951,193954974,28430672,4096
1625724951,193954974,28430680,4096
1625724951,193954974,28430688,4096
1625724951,193954974,28430696,4096
1625724951,193954974,28430704,4096
1625724951,193954974,28430712,4096
1625724951,193954974,28430720,4096
1625724951,193954974,28430728,4096
1625724951,193954974,28430736,4096
1625724951,193956047,28430744,4096
1625724951,194078426,28430752,4096
1625724951,194078426,28430760,4096
1625724951,194078426,28430768,4096
1625724951,194078426,28430776,4096
1625724951,194078426,28430784,4096
1625724951,194078426,28430792,4096
1625724951,194078426,28430800,4096
1625724951,194079500,28430808,4096
1625724951,194079500,28430816,4096
1625724951,194079500,28430824,4096
1625724951,194079500,28430832,4096
1625724951,194079500,28430840,4096
1625724951,194079500,28430848,4096
1625724951,194079500,28430856,4096
1625724951,194079500,28430864,4096
1625724951,194079500,28430872,4096
1625724951,198501246,28430880,4096
1625724951,198501246,28430888,4096
1625724951,198502320,28430896,4096
1625724951,198502320,28430904,4096
1625724951,198502320,28430912,4096
1625724951,198502320,28430920,4096
1625724951,198502320,28430928,4096
1625724951,198502320,28430936,4096
1625724951,198502320,28430944,4096
1625724951,198502320,28430952,4096
1625724951,198502320,28430960,4096
1625724951,198503393,28430968,4096
1625724951,198503393,28430976,4096
1625724951,198503393,28430984,4096
1625724951,198503393,28430992,4096
1625724951,198503393,28431000,4096
1625724951,198618258,28431008,4096
1625724951,198618258,28431016,4096
1625724951,198619331,28431024,4096
1625724951,198619331,28431032,4096
1625724951,198619331,28431040,4096
1625724951,198619331,28431048,4096
1625724951,198619331,28431056,4096
1625724951,198619331,28431064,4096
1625724951,198619331,28431072,4096
1625724951,198619331,28431080,4096
1625724951,198619331,28431088,4096
1625724951,198620405,28431096,4096
1625724951,198620405,28431104,4096
1625724951,198620405,28431112,4096
1625724951,198620405,28431120,4096
1625724951,198620405,28431128,4096
1625724951,202752306,28431136,4096
1625724951,202752306,28431144,4096
1625724951,202752306,28431152,4096
1625724951,202752306,28431160,4096
1625724951,202752306,28431168,4096
1625724951,202752306,28431176,4096
1625724951,202752306,28431184,4096
1625724951,202752306,28431192,4096
1625724951,202753380,28431200,4096
1625724951,202753380,28431208,4096
1625724951,202753380,28431216,4096
1625724951,202753380,28431224,4096
1625724951,202753380,28431232,4096
1625724951,202753380,28431240,4096
1625724951,202753380,28431248,4096
1625724951,202753380,28431256,4096
1625724951,202877906,28431264,4096
1625724951,202877906,28431272,4096
1625724951,202877906,28431280,4096
1625724951,202877906,28431288,4096
1625724951,202877906,28431296,4096
1625724951,202877906,28431304,4096
1625724951,202878979,28431312,4096
1625724951,202878979,28431320,4096
1625724951,202878979,28431328,4096
1625724951,202878979,28431336,4096
1625724951,202878979,28431344,4096
1625724951,202878979,28431352,4096
1625724951,202878979,28431360,4096
1625724951,202878979,28431368,4096
1625724951,202878979,28431376,4096
1625724951,202880053,28431384,4096
1625724951,206967941,28431392,4096
1625724951,206967941,28431400,4096
1625724951,206967941,28431408,4096
1625724951,206967941,28431416,4096
1625724951,206967941,28431424,4096
1625724951,206967941,28431432,4096
1625724951,206967941,28431440,4096
1625724951,206967941,28431448,4096
1625724951,206969014,28431456,4096
1625724951,206969014,28431464,512
1625724951,247972420,45339424,4096
1625724951,247973494,45339432,4096
1625724951,247973494,45339440,4096
1625724951,247973494,45339448,4096
1625724951,247973494,45339456,4096
1625724951,247973494,45339464,4096
1625724951,247973494,45339472,4096
1625724951,247973494,45339480,4096
1625724951,247973494,45339488,4096
1625724951,247974567,45339496,4096
1625724951,247974567,45339504,4096
1625724951,247974567,45339512,4096
1625724951,248161356,45338336,4096
1625724951,248161356,45338344,4096
1625724951,248161356,45338352,4096
1625724951,248161356,45338360,4096
1625724951,248161356,45338368,4096
1625724951,248161356,45338376,4096
1625724951,248161356,45338384,4096
1625724951,248161356,45338392,4096
1625724951,248162430,45338400,4096
1625724951,248162430,45338408,4096
1625724951,248162430,45338416,4096
1625724951,248162430,45338424,4096
1625724951,248162430,45338432,4096
1625724951,248162430,45338440,4096
1625724951,248162430,45338448,4096
1625724951,248162430,45338456,4096
1625724951,248385718,13537760,4096
1625724951,248385718,13537768,4096
1625724951,248385718,13537776,4096
1625724951,248385718,13537784,4096
1625724951,248386791,13537792,4096
1625724951,248386791,13537800,4096
1625724951,248386791,13537808,4096
1625724951,248386791,13537816,4096
1625724951,248386791,13537824,4096
1625724951,248386791,13537832,4096
1625724951,248386791,13537840,4096
1625724951,248386791,13537848,4096
1625724951,248386791,13537856,4096
1625724951,248387865,13537864,4096
1625724951,248387865,13537872,4096
1625724951,248387865,13537880,4096
1625724951,248387865,13537888,4096
1625724951,248387865,13537896,4096
1625724951,248387865,13537904,4096
1625724951,248387865,13537912,4096
1625724951,248534934,13537920,4096
1625724951,248534934,13537928,4096
1625724951,248534934,13537936,4096
1625724951,248534934,13537944,4096
1625724951,248534934,13537952,4096
1625724951,248534934,13537960,4096
1625724951,248536008,13537968,4096
1625724951,248536008,13537976,4096
1625724951,248536008,13537984,4096
1625724951,248536008,13537992,4096
1625724951,248536008,13538000,4096
1625724951,248536008,13538008,4096
1625724951,248536008,13538016,4096
1625724951,248536008,13538024,4096
1625724951,248536008,13538032,4096
1625724951,248537081,13538040,4096
1625724951,248537081,13538048,4096
1625724951,248537081,13538056,4096
1625724951,248537081,13538064,4096
1625724951,248537081,13538072,4096
1625724951,248688445,45357728,4096
1625724951,248688445,45357736,4096
1625724951,248688445,45357744,4096
1625724951,248689518,45357752,4096
1625724951,248689518,45357760,4096
1625724951,248689518,45357768,4096
1625724951,248689518,45357776,4096
1625724951,248689518,45357784,4096
1625724951,248689518,45357792,4096
1625724951,248689518,45357800,4096
1625724951,248689518,45357808,4096
1625724951,248689518,45357816,4096
1625724951,248690592,45357824,4096
1625724951,248690592,45357832,4096
1625724951,248690592,45357840,4096
1625724951,248690592,45357848,4096
1625724951,248809750,45342912,4096
1625724951,248809750,45342920,4096
1625724951,248810824,45342928,4096
1625724951,248810824,45342936,4096
1625724951,248810824,45342944,4096
1625724951,248810824,45342952,4096
1625724951,248810824,45342960,4096
1625724951,248810824,45342968,4096
1625724951,259490002,15883008,4096
1625724951,259490002,15883016,4096
1625724951,259490002,15883024,4096
1625724951,259491075,15883032,4096
1625724951,259491075,15883040,4096
1625724951,259491075,15883048,4096
1625724951,259491075,15883056,4096
1625724951,259491075,15883064,4096
1625724951,259491075,15883072,4096
1625724951,259491075,15883080,4096
1625724951,259491075,15883088,4096
1625724951,259491075,15883096,4096
1625724951,259492149,15883104,4096
1625724951,259492149,15883112,4096
1625724951,259492149,15883120,4096
1625724951,259492149,15883128,4096
1625724951,259492149,15883136,4096
1625724951,259492149,15883144,4096
1625724951,259492149,15883152,4096
1625724951,259492149,15883160,4096
1625724951,259492149,15883168,4096
1625724951,259493222,15883176,1536
1625724951,259668203,15883179,4096
1625724951,259668203,15883187,4096
1625724951,259668203,15883195,4096
1625724951,259668203,15883203,4096
1625724951,259668203,15883211,4096
1625724951,259669276,15883219,4096
1625724951,259669276,15883227,4096
1625724951,259669276,15883235,4096
1625724951,259669276,15883243,4096
1625724951,259669276,15883251,4096
1625724951,259669276,15883259,4096
1625724951,259669276,15883267,4096
1625724951,259669276,15883275,4096
1625724951,259669276,15883283,4096
1625724951,259670350,15883291,4096
1625724951,259670350,15883299,4096
1625724951,259670350,15883307,4096
1625724951,259670350,15883315,4096
1625724951,259670350,15883323,4096
1625724951,259670350,15883331,4096
1625724951,259670350,15883339,4096
1625724951,259670350,15883347,1536
1625724951,259831375,15883350,4096
1625724951,259831375,15883358,4096
1625724951,259831375,15883366,4096
1625724951,259831375,15883374,4096
1625724951,259831375,15883382,4096
1625724951,259831375,15883390,4096
1625724951,259832448,15883398,4096
1625724951,259832448,15883406,4096
1625724951,259832448,15883414,4096
1625724951,259832448,15883422,4096
1625724951,259832448,15883430,4096
1625724951,259832448,15883438,4096
1625724951,259832448,15883446,4096
1625724951,259832448,15883454,4096
1625724951,259832448,15883462,4096
1625724951,259833522,15883470,4096
1625724951,259833522,15883478,4096
1625724951,259833522,15883486,4096
1625724951,259833522,15883494,4096
1625724951,259833522,15883502,4096
1625724951,259833522,15883510,4096
1625724951,259833522,15883518,1024
1625724951,259944092,15883520,4096
1625724951,259944092,15883528,4096
1625724951,259944092,15883536,4096
1625724951,259944092,15883544,4096
1625724951,259944092,15883552,4096
1625724951,259945166,15883560,4096
1625724951,259945166,15883568,4096
1625724951,259945166,15883576,4096
1625724951,259945166,15883584,4096
1625724951,259945166,15883592,4096
1625724951,259945166,15883600,4096
1625724951,259945166,15883608,4096
1625724951,259945166,15883616,4096
1625724951,259945166,15883624,4096
1625724951,260060030,15883632,4096
1625724951,260060030,15883640,4096
1625724951,260061104,15883648,4096
1625724951,260061104,15883656,4096
1625724951,260061104,15883664,4096
1625724951,260061104,15883672,4096
1625724951,260061104,15883680,4096
1625724951,260061104,15883688,4096
1625724951,260061104,15883696,4096
1625724951,260061104,15883704,4096
1625724951,260062177,15883712,4096
1625724951,260062177,15883720,4096
1625724951,260062177,15883728,4096
1625724951,260062177,15883736,4096
1625724951,260304788,45388928,4096
1625724951,260304788,45388936,4096
1625724951,260304788,45388944,4096
1625724951,260304788,45388952,4096
1625724951,260304788,45388960,4096
1625724951,260304788,45388968,4096
1625724951,260304788,45388976,4096
1625724951,260305862,45388984,4096
1625724951,260305862,45388992,4096
1625724951,260305862,45389000,4096
1625724951,260305862,45389008,4096
1625724951,260305862,45389016,4096
1625724951,273450869,45494336,4096
1625724951,273451943,45494344,4096
1625724951,273451943,45494352,4096
1625724951,273451943,45494360,4096
1625724951,273451943,45494368,4096
1625724951,273451943,45494376,4096
1625724951,273451943,45494384,4096
1625724951,273451943,45494392,4096
1625724951,273451943,45494400,4096
1625724951,273451943,45494408,4096
1625724951,273453016,45494416,4096
1625724951,273453016,45494424,4096
1625724951,273770772,13714336,4096
1625724951,273770772,13714344,4096
1625724951,273770772,13714352,4096
1625724951,273770772,13714360,4096
1625724951,273770772,13714368,4096
1625724951,273771846,13714376,4096
1625724951,273771846,13714384,4096
1625724951,273771846,13714392,4096
1625724951,273771846,13714400,4096
1625724951,273771846,13714408,4096
1625724951,273771846,13714416,4096
1625724951,273771846,13714424,4096
1625724951,273771846,13714432,4096
1625724951,273771846,13714440,4096
1625724951,273772919,13714448,4096
1625724951,273772919,13714456,4096
1625724951,273772919,13714464,4096
1625724951,273772919,13714472,4096
1625724951,273772919,13714480,4096
1625724951,273772919,13714488,4096
1625724951,273772919,13714496,4096
1625724951,273772919,13714504,1536
1625724951,273951120,13714507,4096
1625724951,273951120,13714515,4096
1625724951,273951120,13714523,4096
1625724951,273951120,13714531,4096
1625724951,273952194,13714539,4096
1625724951,273952194,13714547,4096
1625724951,273952194,13714555,4096
1625724951,273952194,13714563,4096
1625724951,273952194,13714571,4096
1625724951,273952194,13714579,4096
1625724951,273952194,13714587,4096
1625724951,273952194,13714595,4096
1625724951,273952194,13714603,4096
1625724951,273953267,13714611,4096
1625724951,273953267,13714619,4096
1625724951,273953267,13714627,4096
1625724951,273953267,13714635,4096
1625724951,273953267,13714643,4096
1625724951,273953267,13714651,4096
1625724951,273953267,13714659,4096
1625724951,273953267,13714667,4096
1625724951,273953267,13714675,1536
1625724951,274118586,13714678,4096
1625724951,274118586,13714686,4096
1625724951,274118586,13714694,4096
1625724951,274118586,13714702,4096
1625724951,274118586,13714710,4096
1625724951,274118586,13714718,4096
1625724951,274118586,13714726,4096
1625724951,274118586,13714734,4096
1625724951,274119660,13714742,4096
1625724951,274119660,13714750,4096
1625724951,274119660,13714758,4096
1625724951,274119660,13714766,4096
1625724951,274119660,13714774,4096
1625724951,274119660,13714782,4096
1625724951,274119660,13714790,4096
1625724951,274119660,13714798,4096
1625724951,274119660,13714806,4096
1625724951,274120733,13714814,4096
1625724951,274120733,13714822,4096
1625724951,274120733,13714830,4096
1625724951,274120733,13714838,4096
1625724951,274120733,13714846,1024
1625724951,274602735,13714848,4096
1625724951,274602735,13714856,4096
1625724951,274602735,13714864,4096
1625724951,274602735,13714872,4096
1625724951,274602735,13714880,4096
1625724951,274602735,13714888,4096
1625724951,274602735,13714896,4096
1625724951,274603808,13714904,4096
1625724951,274603808,13714912,4096
1625724951,274603808,13714920,4096
1625724951,274603808,13714928,4096
1625724951,274603808,13714936,4096
1625724951,274603808,13714944,4096
1625724951,274603808,13714952,4096
1625724951,274705791,13714960,4096
1625724951,274705791,13714968,4096
1625724951,274706864,13714976,4096
1625724951,274706864,13714984,4096
1625724951,274706864,13714992,4096
1625724951,274706864,13715000,4096
1625724951,274706864,13715008,4096
1625724951,274706864,13715016,4096
1625724951,274706864,13715024,4096
1625724951,274706864,13715032,4096
1625724951,274706864,13715040,4096
1625724951,274707938,13715048,4096
1625724951,274707938,13715056,4096
1625724951,274707938,13715064,4096
1625724951,275544194,10194624,4096
1625724951,275544194,10194632,4096
1625724951,275544194,10194640,4096
1625724951,275544194,10194648,4096
1625724951,275545268,10194656,4096
1625724951,275545268,10194664,4096
1625724951,275545268,10194672,4096
1625724951,275545268,10194680,4096
1625724951,275545268,10194688,4096
1625724951,275545268,10194696,4096
1625724951,275545268,10194704,4096
1625724951,275545268,10194712,4096
1625724951,275546341,10194720,4096
1625724951,275546341,10194728,4096
1625724951,275546341,10194736,4096
1625724951,275546341,10194744,4096
1625724951,275546341,10194752,4096
1625724951,275546341,10194760,4096
1625724951,275546341,10194768,4096
1625724951,275546341,10194776,4096
1625724951,275546341,10194784,4096
1625724951,275547415,10194792,1536
1625724951,275707366,10194795,4096
1625724951,275707366,10194803,4096
1625724951,275707366,10194811,4096
1625724951,275707366,10194819,4096
1625724951,275708440,10194827,4096
1625724951,275708440,10194835,4096
1625724951,275708440,10194843,4096
1625724951,275708440,10194851,4096
1625724951,275708440,10194859,4096
1625724951,275708440,10194867,4096
1625724951,275708440,10194875,4096
1625724951,275708440,10194883,4096
1625724951,275708440,10194891,4096
1625724951,275709513,10194899,4096
1625724951,275709513,10194907,4096
1625724951,275709513,10194915,4096
1625724951,275709513,10194923,4096
1625724951,275709513,10194931,4096
1625724951,275709513,10194939,4096
1625724951,275709513,10194947,4096
1625724951,275709513,10194955,4096
1625724951,275710587,10194963,1536
1625724951,275895229,10194966,4096
1625724951,275895229,10194974,4096
1625724951,275895229,10194982,4096
1625724951,275895229,10194990,4096
1625724951,275895229,10194998,4096
1625724951,275896302,10195006,4096
1625724951,275896302,10195014,4096
1625724951,275896302,10195022,4096
1625724951,275896302,10195030,4096
1625724951,275896302,10195038,4096
1625724951,275896302,10195046,4096
1625724951,275896302,10195054,4096
1625724951,275896302,10195062,4096
1625724951,275896302,10195070,4096
1625724951,275897376,10195078,4096
1625724951,275897376,10195086,4096
1625724951,275897376,10195094,4096
1625724951,275897376,10195102,4096
1625724951,275897376,10195110,4096
1625724951,275897376,10195118,4096
1625724951,275897376,10195126,4096
1625724951,275897376,10195134,1024
1625724951,275981109,10195136,4096
1625724951,275981109,10195144,4096
1625724951,275981109,10195152,4096
1625724951,275981109,10195160,4096
1625724951,275981109,10195168,4096
1625724951,275981109,10195176,4096
1625724951,275982182,10195184,4096
1625724951,275982182,10195192,4096
1625724951,275982182,10195200,4096
1625724951,275982182,10195208,4096
1625724951,275982182,10195216,4096
1625724951,275982182,10195224,4096
1625724951,275982182,10195232,4096
1625724951,275982182,10195240,4096
1625724951,276092753,10195248,4096
1625724951,276093826,10195256,4096
1625724951,276093826,10195264,4096
1625724951,276093826,10195272,4096
1625724951,276093826,10195280,4096
1625724951,276093826,10195288,4096
1625724951,276093826,10195296,4096
1625724951,276093826,10195304,4096
1625724951,276093826,10195312,4096
1625724951,276094900,10195320,4096
1625724951,276094900,10195328,4096
1625724951,276094900,10195336,4096
1625724951,276094900,10195344,4096
1625724951,276094900,10195352,4096
1625724951,276467404,5598912,4096
1625724951,276467404,5598920,4096
1625724951,276468478,5598928,4096
1625724951,276468478,5598936,4096
1625724951,276468478,5598944,4096
1625724951,276468478,5598952,4096
1625724951,276468478,5598960,4096
1625724951,276468478,5598968,4096
1625724951,276468478,5598976,4096
1625724951,276468478,5598984,4096
1625724951,276469551,5598992,4096
1625724951,276469551,5599000,4096
1625724951,276469551,5599008,4096
1625724951,276469551,5599016,4096
1625724951,276469551,5599024,4096
1625724951,276469551,5599032,4096
1625724951,276956920,5599040,4096
1625724951,276956920,5599048,4096
1625724951,276956920,5599056,4096
1625724951,276956920,5599064,4096
1625724951,276956920,5599072,4096
1625724951,276956920,5599080,4096
1625724951,276956920,5599088,4096
1625724951,276957994,5599096,4096
1625724951,276957994,5599104,4096
1625724951,276957994,5599112,4096
1625724951,276957994,5599120,4096
1625724951,276957994,5599128,4096
1625724951,276957994,5599136,4096
1625724951,276957994,5599144,4096
1625724951,276957994,5599152,4096
1625724951,276957994,5599160,4096
1625724953,178801948,48936640,4096
1625724953,179393447,10245704,2560
1625724953,259292978,5599168,4096
1625724953,259292978,5599176,4096
1625724953,259292978,5599184,4096
1625724953,259292978,5599192,4096
1625724953,259292978,5599200,4096
1625724953,259292978,5599208,4096
1625724953,259292978,5599216,4096
1625724953,259294052,5599224,4096
1625724953,259294052,5599232,4096
1625724953,259294052,5599240,4096
1625724953,259294052,5599248,4096
1625724953,259294052,5599256,4096
1625724953,259808258,45386336,4096
1625724953,259808258,45386344,4096
1625724953,259808258,45386352,4096
1625724953,259808258,45386360,4096
1625724953,259808258,45386368,4096
1625724953,259809332,45386376,4096
1625724953,259809332,45386384,4096
1625724953,259809332,45386392,4096
1625724953,259809332,45386400,4096
1625724953,259809332,45386408,4096
1625724953,259809332,45386416,4096
1625724953,259809332,45386424,4096
1625724953,259810405,45386432,4096
1625724953,259810405,45386440,4096
1625724953,259810405,45386448,4096
1625724953,259810405,45386456,4096
1625724953,260152852,45337280,4096
1625724953,260152852,45337288,4096
1625724953,260153925,45337296,4096
1625724953,260153925,45337304,4096
1625724953,260153925,45337312,4096
1625724953,260153925,45337320,4096
1625724953,260153925,45337328,4096
1625724953,260153925,45337336,4096
1625724953,260153925,45337344,4096
1625724953,260153925,45337352,4096
1625724953,260153925,45337360,4096
1625724953,260154999,45337368,4096
1625724953,260154999,45337376,4096
1625724953,260154999,45337384,4096
1625724953,260154999,45337392,4096
1625724953,260154999,45337400,4096
1625724953,260308509,5599296,4096
1625724953,260308509,5599304,4096
1625724953,260308509,5599312,4096
1625724953,260309583,5599320,4096
1625724953,260309583,5599328,4096
1625724953,260309583,5599336,4096
1625724953,260309583,5599344,4096
1625724953,260309583,5599352,4096
1625724953,260786217,70594144,4096
1625724953,260786217,70594152,4096
1625724953,260786217,70594160,4096
1625724953,260786217,70594168,4096
1625724953,260938654,45658592,4096
1625724953,260938654,45658600,4096
1625724953,260938654,45658608,4096
1625724953,260938654,45658616,4096
1625724953,260938654,45658624,4096
1625724953,260939727,45658632,4096
1625724953,260939727,45658640,4096
1625724953,260939727,45658648,4096
1625724953,261313305,44604096,4096
1625724953,261313305,44604104,4096
1625724953,261314379,44604112,4096
1625724953,261314379,44604120,4096
1625724953,268911538,44515904,4096
1625724953,268911538,44515912,4096
1625724953,268911538,44515920,4096
1625724953,268911538,44515928,4096
1625724953,268985610,45350496,4096
1625724953,268985610,45350504,4096
1625724953,268985610,45350512,4096
1625724953,268985610,45350520,4096
1625724953,268985610,45350528,4096
1625724953,268986683,45350536,4096
1625724953,268986683,45350544,4096
1625724953,268986683,45350552,4096
1625724953,273464252,45350560,4096
1625724953,273464252,45350568,4096
1625724953,273464252,45350576,4096
1625724953,273464252,45350584,4096
1625724953,273776640,44604064,4096
1625724953,273776640,44604072,4096
1625724953,273776640,44604080,4096
1625724953,273776640,44604088,4096
1625724953,277055109,45383968,4096
1625724953,277055109,45383976,4096
1625724953,277055109,45383984,4096
1625724953,277055109,45383992,4096
1625724953,277055109,45384000,4096
1625724953,277055109,45384008,4096
1625724953,277056183,45384016,4096
1625724953,277056183,45384024,4096
1625724953,277056183,45384032,4096
1625724953,277056183,45384040,4096
1625724953,277056183,45384048,4096
1625724953,277056183,45384056,4096
1625724953,277346028,5599536,4096
1625724953,277346028,5599544,4096
1625724953,277346028,5599552,4096
1625724953,277346028,5599560,4096
1625724953,277346028,5599568,4096
1625724953,277347101,5599576,4096
1625724953,277347101,5599584,4096
1625724953,277347101,5599592,4096
1625724953,277347101,5599600,4096
1625724953,277347101,5599608,4096
1625724953,277347101,5599616,4096
1625724953,277347101,5599624,4096
1625724953,277347101,5599632,4096
1625724953,277347101,5599640,4096
1625724953,277460892,5599424,4096
1625724953,277460892,5599432,4096
1625724953,277460892,5599440,4096
1625724953,277460892,5599448,4096
1625724953,277460892,5599456,4096
1625724953,277460892,5599464,4096
1625724953,277460892,5599472,4096
1625724953,277460892,5599480,4096
1625724953,277461966,5599488,4096
1625724953,277461966,5599496,4096
1625724953,277461966,5599504,4096
1625724953,277461966,5599512,4096
1625724953,277461966,5599520,4096
1625724953,277461966,5599528,4096
1625724953,277487730,44605088,4096
1625724953,277488803,44605096,4096
1625724953,277488803,44605104,4096
1625724953,277488803,44605112,4096
1625724953,277525302,10373056,4096
1625724953,277525302,10373064,4096
1625724953,277525302,10373072,4096
1625724953,277525302,10373080,4096
1625724953,277609035,44604928,4096
1625724953,277609035,44604936,4096
1625724953,277609035,44604944,4096
1625724953,277609035,44604952,4096
1625724953,277609035,44604960,4096
1625724953,277609035,44604968,4096
1625724953,277610109,44604976,4096
1625724953,277610109,44604984,4096
1625724953,277757178,45455296,4096
1625724953,277758252,45455304,4096
1625724953,277758252,45455312,4096
1625724953,277758252,45455320,4096
1625724953,277758252,45455328,4096
1625724953,277758252,45455336,4096
1625724953,277759325,45455344,4096
1625724953,277759325,45455352,4096
1625724953,277759325,45455360,4096
1625724953,277759325,45455368,4096
1625724953,277759325,45455376,4096
1625724953,277759325,45455384,4096
1625724953,277866675,10373184,4096
1625724953,277866675,10373192,4096
1625724953,277866675,10373200,4096
1625724953,277866675,10373208,4096
1625724953,277866675,10373216,4096
1625724953,277866675,10373224,4096
1625724953,277866675,10373232,4096
1625724953,277866675,10373240,4096
1625724953,277867749,10373248,4096
1625724953,277867749,10373256,4096
1625724953,277867749,10373264,4096
1625724953,277867749,10373272,4096
1625724953,277867749,10373280,4096
1625724953,277867749,10373288,4096
1625724953,278097478,10373296,4096
1625724953,278098551,10373304,4096
1625724953,278098551,10373312,4096
1625724953,278098551,10373320,4096
1625724953,278098551,10373328,4096
1625724953,278098551,10373336,4096
1625724953,278098551,10373344,4096
1625724953,278098551,10373352,4096
1625724953,278098551,10373360,4096
1625724953,278098551,10373368,4096
1625724953,278099625,10373376,4096
1625724953,278099625,10373384,4096
1625724953,278099625,10373392,4096
1625724953,278099625,10373400,4096
1625724953,284096196,44605568,4096
1625724953,284096196,44605576,4096
1625724953,284096196,44605584,4096
1625724953,284096196,44605592,4096
1625724953,284455818,45469504,4096
1625724953,284455818,45469512,4096
1625724953,284456892,45469520,4096
1625724953,284456892,45469528,4096
1625724953,284456892,45469536,4096
1625724953,284456892,45469544,4096
1625724953,284456892,45469552,4096
1625724953,284456892,45469560,4096
1625724953,284456892,45469568,4096
1625724953,284456892,45469576,4096
1625724953,284456892,45469584,4096
1625724953,284457965,45469592,4096
1625724953,284987201,10373440,4096
1625724953,284987201,10373448,4096
1625724953,284988274,10373456,4096
1625724953,284988274,10373464,4096
1625724953,284988274,10373472,4096
1625724953,284988274,10373480,4096
1625724953,284988274,10373488,4096
1625724953,284988274,10373496,4096
1625724953,284988274,10373504,4096
1625724953,284988274,10373512,4096
1625724953,284988274,10373520,4096
1625724953,284989348,10373528,4096
1625724953,284989348,10373536,4096
1625724953,284989348,10373544,4096
1625724953,284989348,10373552,4096
1625724953,284989348,10373560,4096
1625724953,284989348,10373568,4096
1625724953,284989348,10373576,4096
1625724953,284989348,10373584,4096
1625724953,284990421,10373592,4096
1625724953,284990421,10373600,4096
1625724953,284990421,10373608,4096
1625724953,285436997,10373616,4096
1625724953,285436997,10373624,4096
1625724953,285436997,10373632,4096
1625724953,285436997,10373640,4096
1625724953,285436997,10373648,4096
1625724953,285438071,10373656,4096
1625724953,285438071,10373664,4096
1625724953,285438071,10373672,4096
1625724953,285438071,10373680,4096
1625724953,285438071,10373688,4096
1625724953,285438071,10373696,4096
1625724953,285438071,10373704,4096
1625724953,285438071,10373712,4096
1625724953,285438071,10373720,4096
1625724953,285439144,10373728,4096
1625724953,285439144,10373736,4096
1625724953,285439144,10373744,4096
1625724953,285439144,10373752,4096
1625724953,285439144,10373760,4096
1625724953,285439144,10373768,4096
1625724953,285439144,10373776,4096
1625724953,285439144,10373784,4096
1625724953,285636668,10373824,4096
1625724953,285637742,10373832,4096
1625724953,285637742,10373840,4096
1625724953,285637742,10373848,4096
1625724953,285637742,10373856,4096
1625724953,285637742,10373864,4096
1625724953,285637742,10373872,4096
1625724953,285637742,10373880,4096
1625724953,285637742,10373888,4096
1625724953,285637742,10373896,4096
1625724953,285638815,10373904,4096
1625724953,285638815,10373912,4096
1625724953,285638815,10373920,4096
1625724953,285638815,10373928,4096
1625724953,285638815,10373936,4096
1625724953,285638815,10373944,4096
1625724953,285821310,10373952,4096
1625724953,285821310,10373960,4096
1625724953,285821310,10373968,4096
1625724953,285821310,10373976,4096
1625724953,285821310,10373984,4096
1625724953,285821310,10373992,4096
1625724953,285822384,10374000,4096
1625724953,285822384,10374008,4096
1625724953,285822384,10374016,4096
1625724953,285822384,10374024,4096
1625724953,285822384,10374032,4096
1625724953,285822384,10374040,4096
1625724953,285822384,10374048,4096
1625724953,285822384,10374056,4096
1625724953,285823457,10374064,4096
1625724953,285823457,10374072,4096
1625724953,296511223,10377344,4096
1625724953,296511223,10377352,4096
1625724953,296512297,10377360,4096
1625724953,296512297,10377368,4096
1625724953,296512297,10377376,4096
1625724953,296512297,10377384,4096
1625724953,296512297,10377392,4096
1625724953,296512297,10377400,4096
1625724953,296512297,10377408,4096
1625724953,296512297,10377416,4096
1625724953,296512297,10377424,4096
1625724953,296513370,10377432,4096
1625724953,296513370,10377440,4096
1625724953,296513370,10377448,4096
1625724953,296513370,10377456,4096
1625724953,296513370,10377464,4096
1625724953,296513370,10377472,4096
1625724953,296513370,10377480,4096
1625724953,296513370,10377488,4096
1625724953,296513370,10377496,4096
1625724953,296736658,10377504,4096
1625724953,296736658,10377512,4096
1625724953,296736658,10377520,4096
1625724953,296736658,10377528,4096
1625724953,296737732,10377536,4096
1625724953,296737732,10377544,4096
1625724953,296737732,10377552,4096
1625724953,296737732,10377560,4096
1625724953,296737732,10377568,4096
1625724953,296737732,10377576,4096
1625724953,296737732,10377584,4096
1625724953,296737732,10377592,4096
1625724953,296737732,10377600,4096
1625724953,296738805,10377608,4096
1625724953,296738805,10377616,4096
1625724953,296738805,10377624,4096
1625724953,296738805,10377632,4096
1625724953,296738805,10377640,4096
1625724953,296738805,10377648,4096
1625724953,296738805,10377656,4096
1625724953,296920227,10379968,4096
1625724953,296920227,10379976,4096
1625724953,296920227,10379984,4096
1625724953,296920227,10379992,4096
1625724953,296920227,10380000,4096
1625724953,296921300,10380008,4096
1625724953,296921300,10380016,4096
1625724953,296921300,10380024,4096
1625724953,296921300,10380032,4096
1625724953,296921300,10380040,4096
1625724953,296921300,10380048,4096
1625724953,296921300,10380056,4096
1625724953,296921300,10380064,4096
1625724953,296922374,10380072,4096
1625724953,296922374,10380080,4096
1625724953,296922374,10380088,4096
1625724953,296922374,10380096,4096
1625724953,296922374,10380104,4096
1625724953,296922374,10380112,4096
1625724953,296922374,10380120,4096
1625724953,297204704,45390016,4096
1625724953,297204704,45390024,4096
1625724953,297204704,45390032,4096
1625724953,297204704,45390040,4096
1625724953,297204704,45390048,4096
1625724953,297204704,45390056,4096
1625724953,297204704,45390064,4096
1625724953,297204704,45390072,4096
1625724953,297205778,45390080,4096
1625724953,297205778,45390088,4096
1625724953,297205778,45390096,4096
1625724953,297205778,45390104,4096
1625724953,297383979,10380128,4096
1625724953,297383979,10380136,4096
1625724953,297383979,10380144,4096
1625724953,297383979,10380152,4096
1625724953,297385052,10380160,4096
1625724953,297385052,10380168,4096
1625724953,297385052,10380176,4096
1625724953,297385052,10380184,4096
1625724953,297385052,10380192,4096
1625724953,297385052,10380200,4096
1625724953,297385052,10380208,4096
1625724953,297385052,10380216,4096
1625724953,297386126,10380224,4096
1625724953,297386126,10380232,4096
1625724953,297386126,10380240,4096
1625724953,297386126,10380248,4096
1625724953,297386126,10380256,4096
1625724953,297386126,10380264,4096
1625724953,297386126,10380272,4096
1625724953,297386126,10380280,4096
1625724953,297608340,10377184,4096
1625724953,297608340,10377192,4096
1625724953,297608340,10377200,4096
1625724953,297608340,10377208,4096
1625724953,297608340,10377216,4096
1625724953,297608340,10377224,4096
1625724953,297608340,10377232,4096
1625724953,297609414,10377240,4096
1625724953,297609414,10377248,4096
1625724953,297609414,10377256,4096
1625724953,297609414,10377264,4096
1625724953,297609414,10377272,4096
1625724953,297609414,10377280,4096
1625724953,297609414,10377288,4096
1625724953,297609414,10377296,4096
1625724953,297609414,10377304,4096
1625724953,297610487,10377312,4096
1625724953,297610487,10377320,4096
1625724953,297610487,10377328,4096
1625724953,297610487,10377336,4096
1625724953,297723205,45393120,4096
1625724953,297723205,45393128,4096
1625724953,297723205,45393136,4096
1625724953,297724278,45393144,4096
1625724953,297724278,45393152,4096
1625724953,297724278,45393160,4096
1625724953,297724278,45393168,4096
1625724953,297724278,45393176,4096
1625724953,297724278,45393184,4096
1625724953,297724278,45393192,4096
1625724953,297724278,45393200,4096
1625724953,297724278,45393208,4096
1625724953,297725352,45393216,4096
1625724953,297725352,45393224,4096
1625724953,297725352,45393232,4096
1625724953,297725352,45393240,4096
1625724953,297888524,10377024,4096
1625724953,297888524,10377032,4096
1625724953,297888524,10377040,4096
1625724953,297888524,10377048,4096
1625724953,297888524,10377056,4096
1625724953,297889597,10377064,4096
1625724953,297889597,10377072,4096
1625724953,297889597,10377080,4096
1625724953,297889597,10377088,4096
1625724953,297889597,10377096,4096
1625724953,297889597,10377104,4096
1625724953,297889597,10377112,4096
1625724953,297889597,10377120,4096
1625724953,297889597,10377128,4096
1625724953,297890671,10377136,4096
1625724953,297890671,10377144,4096
1625724953,297890671,10377152,4096
1625724953,297890671,10377160,4096
1625724953,297890671,10377168,4096
1625724953,297890671,10377176,4096
1625724953,297956154,10374784,4096
1625724953,297957228,10374792,4096
1625724953,297957228,10374800,4096
1625724953,297957228,10374808,4096
1625724953,297957228,10374816,4096
1625724953,297957228,10374824,4096
1625724953,297957228,10374832,4096
1625724953,297957228,10374840,4096
1625724953,297957228,10374848,4096
1625724953,297957228,10374856,4096
1625724953,298020564,44604992,4096
1625724953,298020564,44605000,4096
1625724953,298021638,44605008,4096
1625724953,298021638,44605016,4096
1625724953,298021638,44605024,4096
1625724953,298021638,44605032,4096
1625724953,298021638,44605040,4096
1625724953,298021638,44605048,4096
1625724953,298218088,10374864,4096
1625724953,298218088,10374872,4096
1625724953,298218088,10374880,4096
1625724953,298218088,10374888,4096
1625724953,298218088,10374896,4096
1625724953,298218088,10374904,4096
1625724953,298219162,10374912,4096
1625724953,298219162,10374920,4096
1625724953,298219162,10374928,4096
1625724953,298219162,10374936,4096
1625724953,307223680,3642336,4096
1625724953,307223680,3642344,4096
1625724953,307223680,3642352,4096
1625724953,307223680,3642360,3584
1625724953,388139816,6848056,4096
1625724953,449288523,70463648,4096
1625724953,449289596,70463656,4096
1625724953,449289596,70463664,4096
1625724953,449289596,70463672,4096
1625724953,449808097,70463680,4096
1625724953,449808097,70463688,4096
1625724953,449808097,70463696,4096
1625724953,449808097,70463704,1024
1625724953,597463728,48936648,4096
1625724953,598152915,68873792,4096
1625724953,598152915,68873800,4096
1625724953,598152915,68873808,4096
1625724953,598152915,68873816,4096
1625724953,598981657,68873824,4096
1625724953,598981657,68873832,4096
1625724953,598981657,68873840,4096
1625724953,598981657,68873848,4096
1625724953,598981657,68873856,4096
1625724953,598982730,68873864,4096
1625724953,598982730,68873872,4096
1625724953,598982730,68873880,4096
1625724953,598982730,68873888,4096
1625724953,598982730,68873896,4096
1625724953,598982730,68873904,4096
1625724953,598982730,68873912,4096
1625724953,598983804,68873920,4096
1625724953,598983804,68873928,4096
1625724953,599080419,68873936,4096
1625724953,599080419,68873944,4096
1625724953,599081492,68873952,4096
1625724953,599081492,68873960,4096
1625724953,599081492,68873968,4096
1625724953,599081492,68873976,4096
1625724953,599081492,68873984,4096
1625724953,599081492,68873992,4096
1625724953,599081492,68874000,4096
1625724953,599082566,68874008,4096
1625724953,599082566,68874016,4096
1625724953,599082566,68874024,4096
1625724953,599082566,68874032,4096
1625724953,599082566,68874040,4096
1625724953,599611801,68874048,4096
1625724953,599612875,68874056,4096
1625724953,599612875,68874064,4096
1625724953,599612875,68874072,4096
1625724953,869183754,48936656,4096
1625724953,869803163,1972728,4096
1625724953,869803163,1972736,3584
1625724953,890006433,2512396,4096
1625724953,890006433,2512404,4096
1625724953,890006433,2512412,4096
1625724953,890006433,2512420,4096
1625724953,890006433,2512428,4096
1625724953,890007507,2512436,4096
1625724953,890007507,2512444,4096
1625724953,890007507,2512452,4096
1625724953,891655329,2514580,4096
1625724953,891655329,2514588,4096
1625724953,891655329,2514596,4096
1625724953,891656403,2514604,4096
1625724953,891656403,2514612,4096
1625724953,891656403,2514620,4096
1625724953,891656403,2514628,4096
1625724953,891656403,2514636,2560
1625724953,892867311,1563556,4096
1625724953,892868384,1563564,4096
1625724953,892868384,1563572,4096
1625724953,892868384,1563580,4096
1625724953,892868384,1563588,4096
1625724953,892868384,1563596,4096
1625724953,892868384,1563604,4096
1625724953,892868384,1563612,4096
1625724953,893896797,2512764,4096
1625724953,893897871,2512772,4096
1625724953,893897871,2512780,4096
1625724953,893897871,2512788,4096
1625724953,893897871,2512796,4096
1625724953,893897871,2512804,4096
1625724953,893897871,2512812,4096
1625724953,893897871,2512820,4096
1625724953,895472695,2513820,4096
1625724953,895472695,2513828,4096
1625724953,895472695,2513836,4096
1625724953,895473769,2513844,4096
1625724953,895473769,2513852,4096
1625724953,895473769,2513860,4096
1625724953,895473769,2513868,4096
1625724953,895473769,2513876,4096
1625724953,896159735,2513756,4096
1625724953,896159735,2513764,4096
1625724953,896159735,2513772,4096
1625724953,896159735,2513780,4096
1625724953,896159735,2513788,4096
1625724953,896159735,2513796,4096
1625724953,896159735,2513804,4096
1625724953,896160809,2513812,4096
1625724953,896894009,2514108,4096
1625724953,896894009,2514116,4096
1625724953,896895083,2514124,4096
1625724953,896895083,2514132,4096
1625724953,896895083,2514140,4096
1625724953,896895083,2514148,4096
1625724953,896895083,2514156,4096
1625724953,896895083,2514164,4096
1625724953,897742074,2513476,4096
1625724953,897742074,2513484,4096
1625724953,897742074,2513492,4096
1625724953,897742074,2513500,4096
1625724953,897742074,2513508,4096
1625724953,897742074,2513516,4096
1625724953,897742074,2513524,4096
1625724953,897742074,2513532,4096
1625724953,898415159,2513692,4096
1625724953,898415159,2513700,4096
1625724953,898415159,2513708,4096
1625724953,898415159,2513716,4096
1625724953,898415159,2513724,4096
1625724953,898415159,2513732,4096
1625724953,898415159,2513740,4096
1625724953,898416232,2513748,4096
1625724953,899244974,2512700,4096
1625724953,899244974,2512708,4096
1625724953,899244974,2512716,4096
1625724953,899244974,2512724,4096
1625724953,899244974,2512732,4096
1625724953,899244974,2512740,4096
1625724953,899244974,2512748,4096
1625724953,899244974,2512756,4096
1625724953,900050099,2513412,4096
1625724953,900050099,2513420,4096
1625724953,900050099,2513428,4096
1625724953,900051173,2513436,4096
1625724953,900051173,2513444,4096
1625724953,900051173,2513452,4096
1625724953,900051173,2513460,4096
1625724953,900051173,2513468,4096
1625724953,900899238,2513348,4096
1625724953,900899238,2513356,4096
1625724953,900899238,2513364,4096
1625724953,900899238,2513372,4096
1625724953,900899238,2513380,4096
1625724953,900899238,2513388,4096
1625724953,900899238,2513396,4096
1625724953,900899238,2513404,4096
1625724953,901691481,2513196,4096
1625724953,901691481,2513204,4096
1625724953,901691481,2513212,4096
1625724953,901691481,2513220,4096
1625724953,901691481,2513228,4096
1625724953,901691481,2513236,4096
1625724953,901692554,2513244,4096
1625724953,901692554,2513252,4096
1625724953,902503047,2512876,4096
1625724953,902504120,2512884,4096
1625724953,902504120,2512892,4096
1625724953,902504120,2512900,4096
1625724953,902504120,2512908,4096
1625724953,902504120,2512916,4096
1625724953,902504120,2512924,4096
1625724953,902504120,2512932,4096
1625724953,903240541,2512636,4096
1625724953,903240541,2512644,4096
1625724953,903240541,2512652,4096
1625724953,903241615,2512660,4096
1625724953,903241615,2512668,4096
1625724953,903241615,2512676,4096
1625724953,903241615,2512684,4096
1625724953,903241615,2512692,4096
1625724953,904151943,2512508,4096
1625724953,904151943,2512516,4096
1625724953,904151943,2512524,4096
1625724953,904153016,2512532,4096
1625724953,904153016,2512540,4096
1625724953,904153016,2512548,4096
1625724953,904153016,2512556,4096
1625724953,904153016,2512564,4096
1625724953,904746662,2512460,4096
1625724953,904746662,2512468,4096
1625724953,904746662,2512476,4096
1625724953,904746662,2512484,4096
1625724953,904746662,2512492,4096
1625724953,904746662,2512500,4096
1625724953,905611903,2513884,4096
1625724953,905611903,2513892,4096
1625724953,905611903,2513900,4096
1625724953,905612976,2513908,4096
1625724953,905612976,2513916,4096
1625724953,905612976,2513924,4096
1625724953,905612976,2513932,4096
1625724953,905612976,2513940,4096
1625724953,906361206,2512988,4096
1625724953,906361206,2512996,4096
1625724953,906361206,2513004,4096
1625724953,906361206,2513012,4096
1625724953,906362279,2513020,4096
1625724953,906362279,2513028,4096
1625724953,906362279,2513036,4096
1625724953,906362279,2513044,4096
1625724953,986207062,7842096,4096
1625724953,986208136,7842104,4096
1625724953,986208136,7842112,4096
1625724953,986208136,7842120,4096
1625724953,986984276,7842128,4096
1625724953,986984276,7842136,4096
1625724953,986984276,7842144,4096
1625724953,986984276,7842152,4096
1625724953,986984276,7842160,4096
1625724953,986985350,7842168,4096
1625724953,986985350,7842176,4096
1625724953,986985350,7842184,4096
1625724953,986985350,7842192,4096
1625724953,986985350,7842200,4096
1625724953,986985350,7842208,4096
1625724953,986985350,7842216,4096
1625724953,986985350,7842224,4096
1625724953,986985350,7842232,4096
1625724953,987078744,7842240,4096
1625724953,987078744,7842248,4096
1625724953,987078744,7842256,4096
1625724953,987078744,7842264,4096
1625724953,987078744,7842272,4096
1625724953,987078744,7842280,4096
1625724953,987078744,7842288,4096
1625724953,987079818,7842296,4096
1625724953,987079818,7842304,4096
1625724953,987079818,7842312,4096
1625724953,987079818,7842320,4096
1625724953,987079818,7842328,4096
1625724953,987079818,7842336,4096
1625724953,987079818,7842344,4096
1625724953,987655214,7842352,4096
1625724953,987655214,7842360,4096
1625724953,987655214,7842368,4096
1625724953,987655214,7842376,4096
1625724953,987655214,7842384,4096
1625724953,987655214,7842392,4096
1625724953,987655214,7842400,4096
1625724953,987655214,7842408,4096
1625724953,987656287,7842416,4096
1625724953,987656287,7842424,4096
1625724953,987656287,7842432,4096
1625724953,987656287,7842440,4096
1625724953,987656287,7842448,4096
1625724953,987656287,7842456,4096
1625724953,987656287,7842464,4096
1625724953,987656287,7842472,4096
1625724953,988269256,7842480,4096
1625724953,988269256,7842488,4096
1625724953,988269256,7842496,4096
1625724953,988269256,7842504,4096
1625724953,988269256,7842512,4096
1625724953,988269256,7842520,4096
1625724953,988270329,7842528,4096
1625724953,988270329,7842536,4096
1625724953,988270329,7842544,4096
1625724953,988270329,7842552,4096
1625724953,988270329,7842560,4096
1625724953,988270329,7842568,4096
1625724953,988270329,7842576,2560
1625724953,988370165,7842581,4096
1625724953,988370165,7842589,4096
1625724953,988370165,7842597,4096
1625724953,988370165,7842605,4096
1625724953,988370165,7842613,4096
1625724953,988370165,7842621,4096
1625724953,988370165,7842629,4096
1625724953,988371238,7842637,4096
1625724953,988371238,7842645,4096
1625724953,988371238,7842653,4096
1625724953,988371238,7842661,4096
1625724953,988371238,7842669,4096
1625724953,988371238,7842677,2560
1625724954,532809757,48936664,4096
1625724954,533511826,1279776,4096
1625724954,533511826,1279784,4096
1625724954,533511826,1279792,1536
1625724954,663719861,6658712,4096
1625724954,664580808,3646432,4096
1625724954,664581882,3646440,4096
1625724954,664581882,3646448,4096
1625724954,664581882,3646456,3072
1625724954,746900009,6848080,4096
1625724954,784169782,45686896,4096
1625724954,784169782,45686904,4096
1625724954,784169782,45686912,4096
1625724954,784169782,45686920,4096
1625724954,784843940,45686928,4096
1625724954,784843940,45686936,4096
1625724954,784843940,45686944,4096
1625724954,784843940,45686952,4096
1625724954,784843940,45686960,4096
1625724954,784845013,45686968,1536
1625724954,89251365,6848064,4096
1625724954,937364673,48936672,4096
1625724954,938083918,817032,4096
1625724954,938084991,817040,4096
1625724954,938084991,817048,4096
1625724954,938084991,817056,4096
1625724954,938782766,817064,4096
1625724954,938783840,817072,4096
1625724954,938783840,817080,4096
1625724954,938783840,817088,4096
1625724954,938783840,817096,4096
1625724954,938783840,817104,4096
1625724954,938783840,817112,4096
1625724954,938783840,817120,3072
1625724955,1014711135,48936680,4096
1625724955,1015406763,1283984,4096
1625724955,1015406763,1283992,4096
1625724955,1015406763,1284000,512
1625724955,107222542,6848088,4096
1625724955,219665226,45473144,4096
1625724955,219665226,45473152,4096
1625724955,219666300,45473160,4096
1625724955,219666300,45473168,4096
1625724955,220297518,45473176,4096
1625724955,220297518,45473184,4096
1625724955,220297518,45473192,512
1625724955,267308230,10374944,4096
1625724955,267308230,10374952,4096
1625724955,267308230,10374960,4096
1625724955,267309303,10374968,4096
1625724955,267309303,10374976,4096
1625724955,267309303,10374984,4096
1625724955,267309303,10374992,4096
1625724955,267309303,10375000,4096
1625724955,267309303,10375008,4096
1625724955,267309303,10375016,4096
1625724955,267310377,10375024,4096
1625724955,267310377,10375032,4096
1625724955,267310377,10375040,4096
1625724955,267310377,10375048,4096
1625724955,267310377,10375056,4096
1625724955,267310377,10375064,4096
1625724955,267463887,10375072,4096
1625724955,267463887,10375080,4096
1625724955,267463887,10375088,4096
1625724955,267464961,10375096,4096
1625724955,267464961,10375104,4096
1625724955,267464961,10375112,4096
1625724955,267464961,10375120,4096
1625724955,267464961,10375128,4096
1625724955,267464961,10375136,4096
1625724955,267464961,10375144,4096
1625724955,267464961,10375152,4096
1625724955,267464961,10375160,4096
1625724955,267466034,10375168,4096
1625724955,267466034,10375176,4096
1625724955,267466034,10375184,4096
1625724955,267466034,10375192,4096
1625724955,267794525,10374464,4096
1625724955,267794525,10374472,4096
1625724955,267794525,10374480,4096
1625724955,267794525,10374488,4096
1625724955,267795599,10374496,4096
1625724955,267795599,10374504,4096
1625724955,267795599,10374512,4096
1625724955,267795599,10374520,4096
1625724955,267795599,10374528,4096
1625724955,267795599,10374536,4096
1625724955,267795599,10374544,4096
1625724955,267795599,10374552,4096
1625724955,267795599,10374560,4096
1625724955,267796672,10374568,4096
1625724955,267796672,10374576,4096
1625724955,267796672,10374584,4096
1625724955,267796672,10374592,4096
1625724955,267796672,10374600,4096
1625724955,267796672,10374608,4096
1625724955,267796672,10374616,4096
1625724955,267954477,10374304,4096
1625724955,267954477,10374312,4096
1625724955,267955550,10374320,4096
1625724955,267955550,10374328,4096
1625724955,267955550,10374336,4096
1625724955,267955550,10374344,4096
1625724955,267955550,10374352,4096
1625724955,267955550,10374360,4096
1625724955,267955550,10374368,4096
1625724955,267955550,10374376,4096
1625724955,267956624,10374384,4096
1625724955,267956624,10374392,4096
1625724955,267956624,10374400,4096
1625724955,267956624,10374408,4096
1625724955,267956624,10374416,4096
1625724955,267956624,10374424,4096
1625724955,267956624,10374432,4096
1625724955,267956624,10374440,4096
1625724955,267956624,10374448,4096
1625724955,267957697,10374456,4096
1625724955,268116575,10374624,4096
1625724955,268116575,10374632,4096
1625724955,268116575,10374640,4096
1625724955,268117649,10374648,4096
1625724955,268117649,10374656,4096
1625724955,268117649,10374664,4096
1625724955,268117649,10374672,4096
1625724955,268117649,10374680,4096
1625724955,268117649,10374688,4096
1625724955,268117649,10374696,4096
1625724955,268117649,10374704,4096
1625724955,268117649,10374712,4096
1625724955,268118722,10374720,4096
1625724955,268118722,10374728,4096
1625724955,268118722,10374736,4096
1625724955,268118722,10374744,4096
1625724955,268118722,10374752,4096
1625724955,268118722,10374760,4096
1625724955,268118722,10374768,4096
1625724955,268119796,10374776,4096
1625724955,268617900,10345472,4096
1625724955,268617900,10345480,4096
1625724955,268617900,10345488,4096
1625724955,268617900,10345496,4096
1625724955,268617900,10345504,4096
1625724955,268617900,10345512,4096
1625724955,268617900,10345520,4096
1625724955,268617900,10345528,4096
1625724955,268618973,10345536,4096
1625724955,268618973,10345544,4096
1625724955,268618973,10345552,4096
1625724955,268618973,10345560,4096
1625724955,268618973,10345568,4096
1625724955,268618973,10345576,4096
1625724955,268618973,10345584,4096
1625724955,268618973,10345592,4096
1625724955,268939950,10240288,4096
1625724955,268939950,10240296,4096
1625724955,268939950,10240304,4096
1625724955,268939950,10240312,4096
1625724955,268939950,10240320,4096
1625724955,268939950,10240328,4096
1625724955,268941023,10240336,4096
1625724955,268941023,10240344,4096
1625724955,268941023,10240352,4096
1625724955,268941023,10240360,4096
1625724955,268941023,10240368,4096
1625724955,268941023,10240376,4096
1625724955,269091313,10240192,4096
1625724955,269091313,10240200,4096
1625724955,269091313,10240208,4096
1625724955,269091313,10240216,4096
1625724955,269091313,10240224,4096
1625724955,269092387,10240232,4096
1625724955,269092387,10240240,4096
1625724955,269092387,10240248,4096
1625724955,269092387,10240256,4096
1625724955,269092387,10240264,4096
1625724955,269092387,10240272,4096
1625724955,269092387,10240280,4096
1625724955,269419804,44605824,4096
1625724955,269419804,44605832,4096
1625724955,269419804,44605840,4096
1625724955,269419804,44605848,4096
1625724955,269420878,44605856,4096
1625724955,269420878,44605864,4096
1625724955,269420878,44605872,4096
1625724955,269420878,44605880,4096
1625724955,269420878,44605888,4096
1625724955,269420878,44605896,4096
1625724955,269420878,44605904,4096
1625724955,269420878,44605912,4096
1625724955,270056390,10408320,4096
1625724955,270056390,10408328,4096
1625724955,270056390,10408336,4096
1625724955,270056390,10408344,4096
1625724955,270056390,10408352,4096
1625724955,270056390,10408360,4096
1625724955,270056390,10408368,4096
1625724955,270057463,10408376,4096
1625724955,270057463,10408384,4096
1625724955,270057463,10408392,4096
1625724955,270057463,10408400,4096
1625724955,270057463,10408408,4096
1625724955,270193798,10408416,4096
1625724955,270193798,10408424,4096
1625724955,270193798,10408432,4096
1625724955,270193798,10408440,4096
1625724955,270194871,10408448,4096
1625724955,270194871,10408456,4096
1625724955,270194871,10408464,4096
1625724955,270194871,10408472,4096
1625724955,270194871,10408480,4096
1625724955,270194871,10408488,4096
1625724955,270194871,10408496,4096
1625724955,270194871,10408504,4096
1625724955,270354823,44604160,4096
1625724955,270355896,44604168,4096
1625724955,270355896,44604176,4096
1625724955,270355896,44604184,4096
1625724955,270355896,44604192,4096
1625724955,270355896,44604200,4096
1625724955,270355896,44604208,4096
1625724955,270355896,44604216,4096
1625724955,285096125,10374080,4096
1625724955,285096125,10374088,4096
1625724955,285096125,10374096,4096
1625724955,285096125,10374104,4096
1625724955,285096125,10374112,4096
1625724955,285096125,10374120,4096
1625724955,285096125,10374128,4096
1625724955,285096125,10374136,4096
1625724955,285097198,10374144,4096
1625724955,285097198,10374152,4096
1625724955,285097198,10374160,4096
1625724955,285097198,10374168,4096
1625724955,285097198,10374176,4096
1625724955,285097198,10374184,4096
1625724955,285102566,10374192,4096
1625724955,285102566,10374200,4096
1625724955,285102566,10374208,4096
1625724955,285102566,10374216,4096
1625724955,285102566,10374224,4096
1625724955,285103639,10374232,4096
1625724955,285103639,10374240,4096
1625724955,285103639,10374248,4096
1625724955,285103639,10374256,4096
1625724955,285103639,10374264,4096
1625724955,285103639,10374272,4096
1625724955,285103639,10374280,4096
1625724955,285103639,10374288,4096
1625724955,285103639,10374296,4096
1625724955,285363426,45658784,4096
1625724955,285363426,45658792,4096
1625724955,285363426,45658800,4096
1625724955,285363426,45658808,4096
1625724955,285363426,45658816,4096
1625724955,285363426,45658824,4096
1625724955,285364500,45658832,4096
1625724955,285364500,45658840,4096
1625724955,285480438,10379136,4096
1625724955,285480438,10379144,4096
1625724955,285480438,10379152,4096
1625724955,285480438,10379160,4096
1625724955,285480438,10379168,4096
1625724955,285481511,10379176,4096
1625724955,285481511,10379184,4096
1625724955,285481511,10379192,4096
1625724955,285481511,10379200,4096
1625724955,285481511,10379208,4096
1625724955,285481511,10379216,4096
1625724955,285481511,10379224,4096
1625724955,285481511,10379232,4096
1625724955,285481511,10379240,4096
1625724955,285582420,10379248,4096
1625724955,285582420,10379256,4096
1625724955,285582420,10379264,4096
1625724955,285582420,10379272,4096
1625724955,285582420,10379280,4096
1625724955,285582420,10379288,4096
1625724955,285582420,10379296,4096
1625724955,285583494,10379304,4096
1625724955,285583494,10379312,4096
1625724955,285583494,10379320,4096
1625724955,285583494,10379328,4096
1625724955,285583494,10379336,4096
1625724955,285583494,10379344,4096
1625724955,285583494,10379352,4096
1625724955,285642536,44660192,4096
1625724955,285643610,44660200,4096
1625724955,285643610,44660208,4096
1625724955,285643610,44660216,4096
1625724955,285643610,44660224,4096
1625724955,285643610,44660232,4096
1625724955,285643610,44660240,4096
1625724955,285643610,44660248,4096
1625724955,292769503,44530304,4096
1625724955,292769503,44530312,4096
1625724955,292769503,44530320,4096
1625724955,292769503,44530328,4096
1625724955,292769503,44530336,4096
1625724955,292769503,44530344,4096
1625724955,292770576,44530352,4096
1625724955,292770576,44530360,4096
1625724955,292770576,44530368,4096
1625724955,292770576,44530376,4096
1625724955,292770576,44530384,4096
1625724955,292770576,44530392,4096
1625724955,292770576,44530400,4096
1625724955,292770576,44530408,4096
1625724955,292770576,44530416,4096
1625724955,292771650,44530424,4096
1625724955,292771650,44530432,4096
1625724955,292771650,44530440,4096
1625724955,292771650,44530448,4096
1625724955,292771650,44530456,4096
1625724955,292771650,44530464,4096
1625724955,292771650,44530472,1536
1625724955,292851089,44530475,4096
1625724955,292851089,44530483,4096
1625724955,292851089,44530491,4096
1625724955,292851089,44530499,4096
1625724955,292851089,44530507,4096
1625724955,292851089,44530515,4096
1625724955,292851089,44530523,4096
1625724955,292852162,44530531,4096
1625724955,292852162,44530539,4096
1625724955,292852162,44530547,4096
1625724955,292852162,44530555,4096
1625724955,292852162,44530563,4096
1625724955,292852162,44530571,4096
1625724955,292852162,44530579,4096
1625724955,292852162,44530587,4096
1625724955,292852162,44530595,4096
1625724955,292853236,44530603,4096
1625724955,292853236,44530611,4096
1625724955,292853236,44530619,4096
1625724955,292853236,44530627,4096
1625724955,292853236,44530635,4096
1625724955,292853236,44530643,1536
1625724955,293022849,44530646,4096
1625724955,293022849,44530654,4096
1625724955,293022849,44530662,4096
1625724955,293022849,44530670,4096
1625724955,293022849,44530678,4096
1625724955,293022849,44530686,4096
1625724955,293023922,44530694,4096
1625724955,293023922,44530702,4096
1625724955,293023922,44530710,4096
1625724955,293023922,44530718,4096
1625724955,293023922,44530726,4096
1625724955,293023922,44530734,4096
1625724955,293023922,44530742,4096
1625724955,293023922,44530750,4096
1625724955,293023922,44530758,4096
1625724955,293024996,44530766,4096
1625724955,293024996,44530774,4096
1625724955,293024996,44530782,4096
1625724955,293024996,44530790,4096
1625724955,293024996,44530798,4096
1625724955,293024996,44530806,4096
1625724955,293024996,44530814,1024
1625724955,293125905,44530816,4096
1625724955,293126978,44530824,4096
1625724955,293126978,44530832,4096
1625724955,293126978,44530840,4096
1625724955,293126978,44530848,4096
1625724955,293126978,44530856,4096
1625724955,293126978,44530864,4096
1625724955,293126978,44530872,4096
1625724955,293126978,44530880,4096
1625724955,293128052,44530888,4096
1625724955,293128052,44530896,4096
1625724955,293128052,44530904,4096
1625724955,293128052,44530912,4096
1625724955,293128052,44530920,4096
1625724955,293242916,44530928,4096
1625724955,293242916,44530936,4096
1625724955,293243990,44530944,4096
1625724955,293243990,44530952,4096
1625724955,293243990,44530960,4096
1625724955,293243990,44530968,4096
1625724955,293243990,44530976,4096
1625724955,293243990,44530984,4096
1625724955,293243990,44530992,4096
1625724955,293243990,44531000,4096
1625724955,293245063,44531008,4096
1625724955,293245063,44531016,4096
1625724955,293245063,44531024,4096
1625724955,293245063,44531032,4096
1625724955,293809724,45699744,4096
1625724955,293809724,45699752,4096
1625724955,293809724,45699760,4096
1625724955,293810798,45699768,4096
1625724955,379988157,62305192,4096
1625724955,379988157,62305200,4096
1625724955,379988157,62305208,4096
1625724955,379988157,62305216,4096
1625724955,380762151,62305224,4096
1625724955,380762151,62305232,4096
1625724955,380762151,62305240,4096
1625724955,380762151,62305248,4096
1625724955,380763224,62305256,4096
1625724955,380763224,62305264,4096
1625724955,380763224,62305272,4096
1625724955,380763224,62305280,4096
1625724955,380763224,62305288,4096
1625724955,380763224,62305296,4096
1625724955,380763224,62305304,4096
1625724955,380763224,62305312,4096
1625724955,380763224,62305320,4096
1625724955,380764298,62305328,4096
1625724955,380856619,62305336,4096
1625724955,380856619,62305344,4096
1625724955,380856619,62305352,4096
1625724955,380856619,62305360,4096
1625724955,380856619,62305368,4096
1625724955,380857692,62305376,4096
1625724955,380857692,62305384,4096
1625724955,380857692,62305392,4096
1625724955,380857692,62305400,4096
1625724955,380857692,62305408,4096
1625724955,380857692,62305416,4096
1625724955,380857692,62305424,4096
1625724955,380857692,62305432,4096
1625724955,380858766,62305440,4096
1625724955,381425574,62305448,4096
1625724955,381426647,62305456,4096
1625724955,381426647,62305464,4096
1625724955,381426647,62305472,4096
1625724955,381426647,62305480,4096
1625724955,381426647,62305488,4096
1625724955,381426647,62305496,4096
1625724955,381426647,62305504,4096
1625724955,381426647,62305512,4096
1625724955,381426647,62305520,4096
1625724955,381427721,62305528,4096
1625724955,381427721,62305536,4096
1625724955,381427721,62305544,4096
1625724955,381427721,62305552,4096
1625724955,381427721,62305560,4096
1625724955,381427721,62305568,4096
1625724955,382056792,62305576,4096
1625724955,382056792,62305584,4096
1625724955,382056792,62305592,4096
1625724955,382056792,62305600,4096
1625724955,382056792,62305608,4096
1625724955,382056792,62305616,4096
1625724955,382056792,62305624,4096
1625724955,382057865,62305632,4096
1625724955,382057865,62305640,4096
1625724955,382057865,62305648,4096
1625724955,382057865,62305656,4096
1625724955,382057865,62305664,4096
1625724955,382057865,62305672,4096
1625724955,382057865,62305680,2048
1625724955,382157701,62305684,4096
1625724955,382157701,62305692,4096
1625724955,382157701,62305700,4096
1625724955,382157701,62305708,4096
1625724955,382157701,62305716,4096
1625724955,382157701,62305724,4096
1625724955,382157701,62305732,4096
1625724955,382157701,62305740,4096
1625724955,382158774,62305748,4096
1625724955,382158774,62305756,4096
1625724955,382158774,62305764,4096
1625724955,382158774,62305772,4096
1625724955,382158774,62305780,4096
1625724955,382158774,62305788,2048
1625724955,53165376,2762160,4096
1625724955,53165376,2762168,4096
1625724955,53165376,2762176,4096
1625724955,53165376,2762184,4096
1625724955,53976942,2762192,4096
1625724955,53976942,2762200,4096
1625724955,53976942,2762208,4096
1625724955,53978016,2762216,4096
1625724955,53978016,2762224,4096
1625724955,53978016,2762232,4096
1625724955,53978016,2762240,1024
1625724956,173063231,6848096,4096
1625724956,213302305,48936688,4096
1625724956,213834761,10245824,4096
1625724956,317826853,1288712,4096
1625724956,317826853,1288720,4096
1625724956,317826853,1288728,3584
1625724956,488587425,48215328,4096
1625724956,488588498,48215336,4096
1625724956,488588498,48215344,4096
1625724956,488588498,48215352,4096
1625724956,489345316,48215360,4096
1625724956,489345316,48215368,4096
1625724956,489345316,48215376,4096
1625724956,594388364,48936696,4096
1625724956,595210665,3274936,4096
1625724956,595210665,3274944,4096
1625724956,595210665,3274952,4096
1625724956,595211739,3274960,4096
1625724956,595750636,3274968,4096
1625724956,595750636,3274976,2560
1625724956,659476816,6848104,4096
1625724956,681947318,48936712,4096
1625724956,682622550,60930144,4096
1625724956,682623623,60930152,4096
1625724956,682623623,60930160,4096
1625724956,682623623,60930168,4096
1625724956,683418013,60930176,4096
1625724956,683418013,60930184,4096
1625724956,683418013,60930192,4096
1625724956,683418013,60930200,4096
1625724956,683418013,60930208,4096
1625724956,683418013,60930216,4096
1625724956,683418013,60930224,4096
1625724956,683418013,60930232,4096
1625724956,683419087,60930240,4096
1625724956,683419087,60930248,4096
1625724956,683419087,60930256,4096
1625724956,683419087,60930264,4096
1625724956,683419087,60930272,4096
1625724956,683419087,60930280,4096
1625724956,683509261,60930288,4096
1625724956,683509261,60930296,4096
1625724956,683509261,60930304,4096
1625724956,683509261,60930312,4096
1625724956,683509261,60930320,4096
1625724956,683510334,60930328,4096
1625724956,683510334,60930336,4096
1625724956,683510334,60930344,4096
1625724956,683510334,60930352,4096
1625724956,683510334,60930360,4096
1625724956,683510334,60930368,4096
1625724956,683510334,60930376,4096
1625724956,683510334,60930384,4096
1625724956,683511408,60930392,4096
1625724956,684084657,60930400,4096
1625724956,684085730,60930408,4096
1625724956,684085730,60930416,4096
1625724956,684085730,60930424,4096
1625724956,684085730,60930432,4096
1625724956,684085730,60930440,4096
1625724956,684085730,60930448,4096
1625724956,684085730,60930456,4096
1625724956,684085730,60930464,4096
1625724956,684086804,60930472,4096
1625724956,684086804,60930480,4096
1625724956,684086804,60930488,4096
1625724956,684086804,60930496,4096
1625724956,684086804,60930504,4096
1625724956,684086804,60930512,4096
1625724956,684086804,60930520,4096
1625724956,684756668,60930528,4096
1625724956,684756668,60930536,4096
1625724956,684756668,60930544,4096
1625724956,684757741,60930552,4096
1625724956,684757741,60930560,4096
1625724956,684757741,60930568,4096
1625724956,684757741,60930576,4096
1625724956,684757741,60930584,4096
1625724956,684757741,60930592,4096
1625724956,684757741,60930600,4096
1625724956,684757741,60930608,4096
1625724956,684757741,60930616,4096
1625724956,684758815,60930624,4096
1625724956,684758815,60930632,4096
1625724956,684758815,60930640,4096
1625724956,684758815,60930648,4096
1625724956,684869385,60930656,4096
1625724956,684870459,60930664,4096
1625724956,684870459,60930672,4096
1625724956,684870459,60930680,4096
1625724956,684870459,60930688,4096
1625724956,684870459,60930696,4096
1625724956,684870459,60930704,4096
1625724956,684870459,60930712,4096
1625724956,684870459,60930720,4096
1625724956,684871532,60930728,4096
1625724956,684871532,60930736,4096
1625724956,684871532,60930744,4096
1625724956,684871532,60930752,4096
1625724956,684871532,60930760,4096
1625724956,684871532,60930768,4096
1625724956,684871532,60930776,4096
1625724956,689622843,60930784,4096
1625724956,689623917,60930792,4096
1625724956,689623917,60930800,4096
1625724956,689623917,60930808,4096
1625724956,689623917,60930816,4096
1625724956,689623917,60930824,4096
1625724956,689623917,60930832,4096
1625724956,689623917,60930840,4096
1625724956,689623917,60930848,4096
1625724956,689624990,60930856,4096
1625724956,689624990,60930864,4096
1625724956,689624990,60930872,4096
1625724956,689624990,60930880,4096
1625724956,689624990,60930888,4096
1625724956,689624990,60930896,4096
1625724956,689624990,60930904,4096
1625724956,689740928,60930912,4096
1625724956,689740928,60930920,4096
1625724956,689740928,60930928,4096
1625724956,689740928,60930936,4096
1625724956,689740928,60930944,4096
1625724956,689740928,60930952,4096
1625724956,689740928,60930960,4096
1625724956,689740928,60930968,4096
1625724956,689742002,60930976,4096
1625724956,689742002,60930984,4096
1625724956,689742002,60930992,4096
1625724956,689742002,60931000,4096
1625724956,689742002,60931008,4096
1625724956,689742002,60931016,4096
1625724956,689742002,60931024,4096
1625724956,689742002,60931032,4096
1625724956,694616765,60931040,4096
1625724956,694617839,60931048,4096
1625724956,694617839,60931056,4096
1625724956,694617839,60931064,4096
1625724956,694617839,60931072,4096
1625724956,694617839,60931080,4096
1625724956,694617839,60931088,4096
1625724956,694617839,60931096,4096
1625724956,694618912,60931104,4096
1625724956,694618912,60931112,4096
1625724956,694618912,60931120,4096
1625724956,694618912,60931128,4096
1625724956,694618912,60931136,4096
1625724956,694618912,60931144,4096
1625724956,694618912,60931152,4096
1625724956,694618912,60931160,4096
1625724956,694731630,60931168,4096
1625724956,694731630,60931176,4096
1625724956,694731630,60931184,4096
1625724956,694731630,60931192,4096
1625724956,694731630,60931200,4096
1625724956,694731630,60931208,4096
1625724956,694731630,60931216,4096
1625724956,694732703,60931224,4096
1625724956,694732703,60931232,4096
1625724956,694732703,60931240,4096
1625724956,694732703,60931248,4096
1625724956,694732703,60931256,4096
1625724956,694732703,60931264,4096
1625724956,694732703,60931272,4096
1625724956,694732703,60931280,4096
1625724956,694732703,60931288,4096
1625724956,699601026,60931296,4096
1625724956,699601026,60931304,4096
1625724956,699602099,60931312,4096
1625724956,699602099,60931320,4096
1625724956,699602099,60931328,4096
1625724956,699602099,60931336,4096
1625724956,699602099,60931344,4096
1625724956,699602099,60931352,4096
1625724956,699602099,60931360,4096
1625724956,699602099,60931368,4096
1625724956,699602099,60931376,4096
1625724956,699603173,60931384,4096
1625724956,699603173,60931392,4096
1625724956,699603173,60931400,4096
1625724956,699603173,60931408,4096
1625724956,699603173,60931416,4096
1625724956,699714817,60931424,4096
1625724956,699714817,60931432,4096
1625724956,699715890,60931440,4096
1625724956,699715890,60931448,4096
1625724956,699715890,60931456,4096
1625724956,699715890,60931464,4096
1625724956,699715890,60931472,4096
1625724956,699715890,60931480,4096
1625724956,699715890,60931488,4096
1625724956,699715890,60931496,4096
1625724956,699715890,60931504,4096
1625724956,699716964,60931512,4096
1625724956,699716964,60931520,4096
1625724956,699716964,60931528,4096
1625724956,699716964,60931536,4096
1625724956,699716964,60931544,4096
1625724956,704684048,60931552,4096
1625724956,704684048,60931560,4096
1625724956,704684048,60931568,4096
1625724956,704684048,60931576,4096
1625724956,704684048,60931584,4096
1625724956,704684048,60931592,4096
1625724956,704685122,60931600,4096
1625724956,704685122,60931608,4096
1625724956,704685122,60931616,4096
1625724956,704685122,60931624,4096
1625724956,704685122,60931632,4096
1625724956,704685122,60931640,4096
1625724956,704685122,60931648,4096
1625724956,704685122,60931656,4096
1625724956,704686195,60931664,4096
1625724956,704686195,60931672,4096
1625724956,704809648,60931680,4096
1625724956,704809648,60931688,4096
1625724956,704809648,60931696,4096
1625724956,704809648,60931704,4096
1625724956,704810721,60931712,4096
1625724956,704810721,60931720,4096
1625724956,704810721,60931728,4096
1625724956,704810721,60931736,4096
1625724956,704810721,60931744,4096
1625724956,704810721,60931752,4096
1625724956,704810721,60931760,4096
1625724956,704811795,60931768,4096
1625724956,704811795,60931776,4096
1625724956,704811795,60931784,4096
1625724956,704811795,60931792,4096
1625724956,704811795,60931800,4096
1625724956,709496549,60931808,4096
1625724956,709496549,60931816,4096
1625724956,709496549,60931824,4096
1625724956,709496549,60931832,4096
1625724956,709496549,60931840,4096
1625724956,709496549,60931848,4096
1625724956,709496549,60931856,4096
1625724956,709496549,60931864,4096
1625724956,709497622,60931872,4096
1625724956,709497622,60931880,4096
1625724956,709497622,60931888,4096
1625724956,709497622,60931896,4096
1625724956,709497622,60931904,4096
1625724956,709497622,60931912,4096
1625724956,709497622,60931920,4096
1625724956,709497622,60931928,4096
1625724956,709622148,60931936,4096
1625724956,709622148,60931944,4096
1625724956,709622148,60931952,4096
1625724956,709622148,60931960,4096
1625724956,709622148,60931968,4096
1625724956,709622148,60931976,4096
1625724956,709622148,60931984,4096
1625724956,709622148,60931992,4096
1625724956,709622148,60932000,4096
1625724956,709623222,60932008,4096
1625724956,709623222,60932016,4096
1625724956,709623222,60932024,4096
1625724956,709623222,60932032,4096
1625724956,709623222,60932040,4096
1625724956,709623222,60932048,4096
1625724956,709623222,60932056,4096
1625724956,714168421,60932064,4096
1625724956,714168421,60932072,4096
1625724956,714168421,60932080,4096
1625724956,714168421,60932088,4096
1625724956,714169494,60932096,4096
1625724956,714169494,60932104,4096
1625724956,714169494,60932112,4096
1625724956,714169494,60932120,2048
1625724956,78877562,50763040,4096
1625724956,78877562,50763048,4096
1625724956,78877562,50763056,4096
1625724956,78877562,50763064,4096
1625724956,79442223,50763072,4096
1625724956,79442223,50763080,4096
1625724956,79442223,50763088,4096
1625724956,79442223,50763096,4096
1625724956,79443296,50763104,512
1625724957,251560485,66474528,4096
1625724957,251560485,66474536,4096
1625724957,251560485,66474544,4096
1625724957,251560485,66474552,4096
1625724957,251561559,66474560,4096
1625724957,251561559,66474568,4096
1625724957,251561559,66474576,4096
1625724957,251561559,66474584,4096
1625724957,251561559,66474592,4096
1625724957,251561559,66474600,4096
1625724957,251561559,66474608,4096
1625724957,251561559,66474616,4096
1625724957,251561559,66474624,4096
1625724957,251562632,66474632,4096
1625724957,251562632,66474640,4096
1625724957,251562632,66474648,4096
1625724957,251562632,66474656,4096
1625724957,251562632,66474664,4096
1625724957,251562632,66474672,4096
1625724957,251562632,66474680,4096
1625724957,251562632,66474688,4096
1625724957,251562632,66474696,1536
1625724957,251729025,66474699,4096
1625724957,251729025,66474707,4096
1625724957,251729025,66474715,4096
1625724957,251729025,66474723,4096
1625724957,251730098,66474731,4096
1625724957,251730098,66474739,4096
1625724957,251730098,66474747,4096
1625724957,251730098,66474755,4096
1625724957,251730098,66474763,4096
1625724957,251730098,66474771,4096
1625724957,251730098,66474779,4096
1625724957,251730098,66474787,4096
1625724957,251730098,66474795,4096
1625724957,251731172,66474803,4096
1625724957,251731172,66474811,4096
1625724957,251731172,66474819,4096
1625724957,251731172,66474827,4096
1625724957,251731172,66474835,4096
1625724957,251731172,66474843,4096
1625724957,251731172,66474851,4096
1625724957,251731172,66474859,4096
1625724957,251731172,66474867,1536
1625724957,251891123,66474870,4096
1625724957,251892197,66474878,4096
1625724957,251892197,66474886,4096
1625724957,251892197,66474894,4096
1625724957,251892197,66474902,4096
1625724957,251892197,66474910,4096
1625724957,251892197,66474918,4096
1625724957,251892197,66474926,4096
1625724957,251892197,66474934,4096
1625724957,251892197,66474942,4096
1625724957,251893270,66474950,4096
1625724957,251893270,66474958,4096
1625724957,251893270,66474966,4096
1625724957,251893270,66474974,4096
1625724957,251893270,66474982,4096
1625724957,251893270,66474990,4096
1625724957,251893270,66474998,4096
1625724957,251893270,66475006,4096
1625724957,251894344,66475014,4096
1625724957,251894344,66475022,4096
1625724957,251894344,66475030,4096
1625724957,251894344,66475038,1024
1625724957,252015649,66475040,4096
1625724957,252016723,66475048,4096
1625724957,252016723,66475056,4096
1625724957,252016723,66475064,4096
1625724957,252016723,66475072,4096
1625724957,252016723,66475080,4096
1625724957,252016723,66475088,4096
1625724957,252016723,66475096,4096
1625724957,252016723,66475104,4096
1625724957,252016723,66475112,4096
1625724957,252017796,66475120,4096
1625724957,252017796,66475128,4096
1625724957,252017796,66475136,4096
1625724957,252017796,66475144,4096
1625724957,252017796,66475152,4096
1625724957,252017796,66475160,4096
1625724957,252147690,66475168,4096
1625724957,252147690,66475176,4096
1625724957,252147690,66475184,4096
1625724957,252147690,66475192,4096
1625724957,252147690,66475200,4096
1625724957,252147690,66475208,4096
1625724957,252147690,66475216,4096
1625724957,252148763,66475224,4096
1625724957,252148763,66475232,4096
1625724957,252148763,66475240,4096
1625724957,252148763,66475248,4096
1625724957,252148763,66475256,4096
1625724957,252148763,66475264,4096
1625724957,252148763,66475272,4096
1625724957,252148763,66475280,4096
1625724957,252148763,66475288,4096
1625724957,252190630,66497024,4096
1625724957,252190630,66497032,4096
1625724957,252190630,66497040,4096
1625724957,252191703,66497048,4096
1625724957,252351655,45396704,4096
1625724957,252351655,45396712,4096
1625724957,252352728,45396720,4096
1625724957,252352728,45396728,4096
1625724957,252352728,45396736,4096
1625724957,252352728,45396744,4096
1625724957,252352728,45396752,4096
1625724957,252352728,45396760,4096
1625724957,252352728,45396768,4096
1625724957,252352728,45396776,4096
1625724957,252352728,45396784,4096
1625724957,252353802,45396792,4096
1625724957,252353802,45396800,4096
1625724957,252353802,45396808,4096
1625724957,252353802,45396816,4096
1625724957,252353802,45396824,4096
1625724957,252353802,45396832,4096
1625724957,252353802,45396840,4096
1625724957,252353802,45396848,4096
1625724957,252353802,45396856,4096
1625724957,252354875,45396864,4096
1625724957,252354875,45396872,1536
1625724957,252512680,45396875,4096
1625724957,252512680,45396883,4096
1625724957,252512680,45396891,4096
1625724957,252512680,45396899,4096
1625724957,252512680,45396907,4096
1625724957,252512680,45396915,4096
1625724957,252512680,45396923,4096
1625724957,252513753,45396931,4096
1625724957,252513753,45396939,4096
1625724957,252513753,45396947,4096
1625724957,252513753,45396955,4096
1625724957,252513753,45396963,4096
1625724957,252513753,45396971,4096
1625724957,252513753,45396979,4096
1625724957,252513753,45396987,4096
1625724957,252514827,45396995,4096
1625724957,252514827,45397003,4096
1625724957,252514827,45397011,4096
1625724957,252514827,45397019,4096
1625724957,252514827,45397027,4096
1625724957,252514827,45397035,4096
1625724957,252514827,45397043,1536
1625724957,252679072,45397046,4096
1625724957,252679072,45397054,4096
1625724957,252679072,45397062,4096
1625724957,252679072,45397070,4096
1625724957,252679072,45397078,4096
1625724957,252680146,45397086,4096
1625724957,252680146,45397094,4096
1625724957,252680146,45397102,4096
1625724957,252680146,45397110,4096
1625724957,252680146,45397118,4096
1625724957,252680146,45397126,4096
1625724957,252680146,45397134,4096
1625724957,252680146,45397142,4096
1625724957,252680146,45397150,4096
1625724957,252681219,45397158,4096
1625724957,252681219,45397166,4096
1625724957,252681219,45397174,4096
1625724957,252681219,45397182,4096
1625724957,252681219,45397190,4096
1625724957,252681219,45397198,4096
1625724957,252681219,45397206,4096
1625724957,252681219,45397214,1024
1625724957,252801451,45397216,4096
1625724957,252801451,45397224,4096
1625724957,252802525,45397232,4096
1625724957,252802525,45397240,4096
1625724957,252802525,45397248,4096
1625724957,252802525,45397256,4096
1625724957,252802525,45397264,4096
1625724957,252802525,45397272,4096
1625724957,252802525,45397280,4096
1625724957,252803598,45397288,4096
1625724957,252803598,45397296,4096
1625724957,252803598,45397304,4096
1625724957,252803598,45397312,4096
1625724957,252803598,45397320,4096
1625724957,252803598,45397328,4096
1625724957,252803598,45397336,4096
1625724957,252925977,45397344,4096
1625724957,252925977,45397352,4096
1625724957,252925977,45397360,4096
1625724957,252925977,45397368,4096
1625724957,252927051,45397376,4096
1625724957,252927051,45397384,4096
1625724957,252927051,45397392,4096
1625724957,252927051,45397400,4096
1625724957,252927051,45397408,4096
1625724957,252927051,45397416,4096
1625724957,252927051,45397424,4096
1625724957,252927051,45397432,4096
1625724957,252927051,45397440,4096
1625724957,252928124,45397448,4096
1625724957,252928124,45397456,4096
1625724957,252928124,45397464,4096
1625724957,253044062,44514528,4096
1625724957,253044062,44514536,4096
1625724957,253044062,44514544,4096
1625724957,253044062,44514552,4096
1625724957,253044062,44514560,4096
1625724957,253044062,44514568,4096
1625724957,253044062,44514576,4096
1625724957,253044062,44514584,4096
1625724957,253930773,5597440,4096
1625724957,253930773,5597448,4096
1625724957,253930773,5597456,4096
1625724957,253930773,5597464,4096
1625724957,253931847,5597472,4096
1625724957,253931847,5597480,4096
1625724957,253931847,5597488,4096
1625724957,253931847,5597496,4096
1625724957,253931847,5597504,4096
1625724957,253931847,5597512,4096
1625724957,253931847,5597520,4096
1625724957,253931847,5597528,4096
1625724957,253931847,5597536,4096
1625724957,253932920,5597544,4096
1625724957,253932920,5597552,4096
1625724957,253932920,5597560,4096
1625724957,253932920,5597568,4096
1625724957,253932920,5597576,4096
1625724957,253932920,5597584,4096
1625724957,253932920,5597592,4096
1625724957,253932920,5597600,4096
1625724957,253932920,5597608,4096
1625724957,253933994,5597616,4096
1625724957,253933994,5597624,4096
1625724957,254116489,5597632,4096
1625724957,254116489,5597640,4096
1625724957,254116489,5597648,4096
1625724957,254117562,5597656,4096
1625724957,254117562,5597664,4096
1625724957,254117562,5597672,4096
1625724957,254117562,5597680,4096
1625724957,254117562,5597688,4096
1625724957,254117562,5597696,4096
1625724957,254117562,5597704,4096
1625724957,254117562,5597712,4096
1625724957,254117562,5597720,4096
1625724957,254118636,5597728,4096
1625724957,254118636,5597736,4096
1625724957,254118636,5597744,4096
1625724957,254118636,5597752,4096
1625724957,254118636,5597760,4096
1625724957,254118636,5597768,4096
1625724957,254118636,5597776,4096
1625724957,254118636,5597784,4096
1625724957,254118636,5597792,4096
1625724957,254119709,5597800,4096
1625724957,254119709,5597808,4096
1625724957,254119709,5597816,4096
1625724958,1060583077,3648480,4096
1625724958,1060584151,3648488,4096
1625724958,1060584151,3648496,4096
1625724958,1060584151,3648504,3072
1625724958,259784282,50767728,4096
1625724958,259785356,50767736,4096
1625724958,259785356,50767744,4096
1625724958,259785356,50767752,4096
1625724958,260282386,50767760,4096
1625724958,260282386,50767768,4096
1625724958,260282386,50767776,4096
1625724958,260282386,50767784,4096
1625724958,260282386,50767792,1536
1625724958,431236188,48936760,4096
1625724958,431956506,10377680,4096
1625724958,523572217,48936784,4096
1625724958,524302197,15803712,4096
1625724958,524302197,15803720,4096
1625724958,524302197,15803728,4096
1625724958,524302197,15803736,4096
1625724958,524734817,15803744,2560
1625724958,603411632,6848112,4096
1625724958,636843643,48936792,4096
1625724958,637580064,65964600,4096
1625724958,637581137,65964608,4096
1625724958,637581137,65964616,4096
1625724958,637581137,65964624,4096
1625724958,638429202,65964632,4096
1625724958,638430276,65964640,4096
1625724958,638430276,65964648,4096
1625724958,638430276,65964656,4096
1625724958,638430276,65964664,4096
1625724958,638430276,65964672,4096
1625724958,638431349,65964680,4096
1625724958,638431349,65964688,4096
1625724958,638431349,65964696,4096
1625724958,638431349,65964704,4096
1625724958,638431349,65964712,4096
1625724958,638431349,65964720,4096
1625724958,638431349,65964728,4096
1625724958,638431349,65964736,3072
1625724958,638521523,65964742,4096
1625724958,638521523,65964750,4096
1625724958,638521523,65964758,4096
1625724958,638521523,65964766,4096
1625724958,638521523,65964774,4096
1625724958,638521523,65964782,4096
1625724958,638522597,65964790,4096
1625724958,638522597,65964798,4096
1625724958,638522597,65964806,4096
1625724958,638522597,65964814,4096
1625724958,638522597,65964822,4096
1625724958,638522597,65964830,4096
1625724958,638522597,65964838,4096
1625724958,638522597,65964846,3072
1625724959,1052033437,10406120,3584
1625724959,168404455,48936800,4096
1625724959,169041041,1292288,4096
1625724959,169042114,1292296,4096
1625724959,169042114,1292304,2560
1625724959,255845324,5597824,4096
1625724959,255846398,5597832,4096
1625724959,255846398,5597840,4096
1625724959,255846398,5597848,4096
1625724959,255846398,5597856,4096
1625724959,255846398,5597864,4096
1625724959,255847471,5597872,4096
1625724959,255847471,5597880,4096
1625724959,255847471,5597888,4096
1625724959,255847471,5597896,4096
1625724959,255847471,5597904,4096
1625724959,255847471,5597912,4096
1625724959,255847471,5597920,4096
1625724959,255848545,5597928,4096
1625724959,255848545,5597936,4096
1625724959,255848545,5597944,4096
1625724959,256333767,5597952,4096
1625724959,256333767,5597960,4096
1625724959,256334840,5597968,4096
1625724959,256334840,5597976,4096
1625724959,256334840,5597984,4096
1625724959,256334840,5597992,4096
1625724959,256334840,5598000,4096
1625724959,256334840,5598008,4096
1625724959,256335914,5598016,4096
1625724959,256335914,5598024,4096
1625724959,256335914,5598032,4096
1625724959,256335914,5598040,4096
1625724959,256335914,5598048,4096
1625724959,256335914,5598056,4096
1625724959,256335914,5598064,4096
1625724959,256336987,5598072,4096
1625724959,256560275,60763840,4096
1625724959,256560275,60763848,4096
1625724959,256561349,60763856,4096
1625724959,256561349,60763864,4096
1625724959,257325681,66446144,4096
1625724959,257325681,66446152,4096
1625724959,257325681,66446160,4096
1625724959,257325681,66446168,4096
1625724959,257325681,66446176,4096
1625724959,257325681,66446184,4096
1625724959,257326754,66446192,4096
1625724959,257326754,66446200,4096
1625724959,257326754,66446208,4096
1625724959,257326754,66446216,4096
1625724959,257326754,66446224,4096
1625724959,257326754,66446232,4096
1625724959,257465236,10375360,4096
1625724959,257465236,10375368,4096
1625724959,257465236,10375376,4096
1625724959,257466309,10375384,4096
1625724959,257466309,10375392,4096
1625724959,257466309,10375400,4096
1625724959,257466309,10375408,4096
1625724959,257466309,10375416,4096
1625724959,257466309,10375424,4096
1625724959,257467383,10375432,4096
1625724959,257467383,10375440,4096
1625724959,257467383,10375448,4096
1625724959,257733611,12899904,4096
1625724959,257733611,12899912,4096
1625724959,257733611,12899920,4096
1625724959,257733611,12899928,4096
1625724959,257734684,12899936,4096
1625724959,257734684,12899944,4096
1625724959,257734684,12899952,4096
1625724959,257734684,12899960,4096
1625724959,257734684,12899968,4096
1625724959,257734684,12899976,4096
1625724959,257735758,12899984,4096
1625724959,257735758,12899992,4096
1625724959,257735758,12900000,4096
1625724959,257735758,12900008,4096
1625724959,257735758,12900016,4096
1625724959,257735758,12900024,4096
1625724959,257735758,12900032,4096
1625724959,257736831,12900040,4096
1625724959,257736831,12900048,4096
1625724959,257736831,12900056,4096
1625724959,257736831,12900064,4096
1625724959,257736831,12900072,1536
1625724959,257893562,12900075,4096
1625724959,257893562,12900083,4096
1625724959,257893562,12900091,4096
1625724959,257893562,12900099,4096
1625724959,257894636,12900107,4096
1625724959,257894636,12900115,4096
1625724959,257894636,12900123,4096
1625724959,257894636,12900131,4096
1625724959,257894636,12900139,4096
1625724959,257894636,12900147,4096
1625724959,257894636,12900155,4096
1625724959,257895709,12900163,4096
1625724959,257895709,12900171,4096
1625724959,257895709,12900179,4096
1625724959,257895709,12900187,4096
1625724959,257895709,12900195,4096
1625724959,257895709,12900203,4096
1625724959,257896783,12900211,4096
1625724959,257896783,12900219,4096
1625724959,257896783,12900227,4096
1625724959,257896783,12900235,4096
1625724959,257896783,12900243,1536
1625724959,258503310,12900246,4096
1625724959,258503310,12900254,4096
1625724959,258503310,12900262,4096
1625724959,258503310,12900270,4096
1625724959,258504384,12900278,4096
1625724959,258504384,12900286,4096
1625724959,258504384,12900294,4096
1625724959,258504384,12900302,4096
1625724959,258504384,12900310,4096
1625724959,258504384,12900318,4096
1625724959,258504384,12900326,4096
1625724959,258505457,12900334,4096
1625724959,258505457,12900342,4096
1625724959,258505457,12900350,4096
1625724959,258505457,12900358,4096
1625724959,258505457,12900366,4096
1625724959,258505457,12900374,4096
1625724959,258506531,12900382,4096
1625724959,258506531,12900390,4096
1625724959,258506531,12900398,4096
1625724959,258506531,12900406,4096
1625724959,258506531,12900414,1024
1625724959,258643939,12900416,4096
1625724959,258643939,12900424,4096
1625724959,258645012,12900432,4096
1625724959,258645012,12900440,4096
1625724959,258645012,12900448,4096
1625724959,258645012,12900456,4096
1625724959,258645012,12900464,4096
1625724959,258645012,12900472,4096
1625724959,258646086,12900480,4096
1625724959,258646086,12900488,4096
1625724959,258646086,12900496,4096
1625724959,258646086,12900504,4096
1625724959,258646086,12900512,4096
1625724959,258646086,12900520,4096
1625724959,258647159,12900528,4096
1625724959,258647159,12900536,4096
1625724959,258647159,12900544,4096
1625724959,258647159,12900552,4096
1625724959,258796376,12900560,4096
1625724959,258796376,12900568,4096
1625724959,258797449,12900576,4096
1625724959,258797449,12900584,4096
1625724959,258797449,12900592,4096
1625724959,258797449,12900600,4096
1625724959,258798523,12900608,4096
1625724959,258798523,12900616,4096
1625724959,258798523,12900624,4096
1625724959,258798523,12900632,4096
1625724959,258798523,12900640,4096
1625724959,258798523,12900648,4096
1625724959,258798523,12900656,4096
1625724959,258799596,12900664,4096
1625724959,258799596,12900672,4096
1625724959,258799596,12900680,4096
1625724959,258799596,12900688,4096
1625724959,258799596,12900696,4096
1625724959,282647399,5598080,4096
1625724959,282647399,5598088,4096
1625724959,282647399,5598096,4096
1625724959,282647399,5598104,4096
1625724959,282648472,5598112,4096
1625724959,282648472,5598120,4096
1625724959,282648472,5598128,4096
1625724959,282648472,5598136,4096
1625724959,282648472,5598144,4096
1625724959,282648472,5598152,4096
1625724959,282648472,5598160,4096
1625724959,282648472,5598168,4096
1625724959,283134768,5581408,4096
1625724959,283134768,5581416,4096
1625724959,283134768,5581424,4096
1625724959,283134768,5581432,4096
1625724959,283134768,5581440,4096
1625724959,283134768,5581448,4096
1625724959,283134768,5581456,4096
1625724959,283135841,5581464,4096
1625724959,283135841,5581472,4096
1625724959,283135841,5581480,4096
1625724959,283135841,5581488,4096
1625724959,283135841,5581496,4096
1625724959,283135841,5581504,4096
1625724959,283135841,5581512,4096
1625724959,283135841,5581520,4096
1625724959,283135841,5581528,4096
1625724959,283136915,5581536,4096
1625724959,283136915,5581544,4096
1625724959,283136915,5581552,4096
1625724959,283136915,5581560,4096
1625724959,283136915,5581568,4096
1625724959,283136915,5581576,4096
1625724959,283136915,5581584,4096
1625724959,283136915,5581592,4096
1625724959,283388114,5581600,4096
1625724959,283388114,5581608,4096
1625724959,283389187,5581616,4096
1625724959,283389187,5581624,4096
1625724959,283389187,5581632,4096
1625724959,283389187,5581640,4096
1625724959,283389187,5581648,4096
1625724959,283389187,5581656,4096
1625724959,283389187,5581664,4096
1625724959,283389187,5581672,4096
1625724959,283389187,5581680,4096
1625724959,283390261,5581688,4096
1625724959,283390261,5581696,4096
1625724959,283390261,5581704,4096
1625724959,283390261,5581712,4096
1625724959,283390261,5581720,4096
1625724959,283390261,5581728,4096
1625724959,283390261,5581736,4096
1625724959,283390261,5581744,4096
1625724959,283390261,5581752,4096
1625724959,283391334,5581760,4096
1625724959,283391334,5581768,4096
1625724959,283391334,5581776,4096
1625724959,283391334,5581784,4096
1625724959,283416025,45733920,4096
1625724959,283416025,45733928,4096
1625724959,283416025,45733936,4096
1625724959,283417098,45733944,4096
1625724959,283749883,5584288,4096
1625724959,283749883,5584296,4096
1625724959,283749883,5584304,4096
1625724959,283749883,5584312,4096
1625724959,283749883,5584320,4096
1625724959,283749883,5584328,4096
1625724959,283750957,5584336,4096
1625724959,283750957,5584344,4096
1625724959,283750957,5584352,4096
1625724959,283750957,5584360,4096
1625724959,283750957,5584368,4096
1625724959,283750957,5584376,4096
1625724959,283750957,5584384,4096
1625724959,283750957,5584392,4096
1625724959,283750957,5584400,4096
1625724959,283752030,5584408,4096
1625724959,283752030,5584416,4096
1625724959,283752030,5584424,4096
1625724959,283752030,5584432,4096
1625724959,283752030,5584440,4096
1625724959,283752030,5584448,4096
1625724959,283752030,5584456,4096
1625724959,283752030,5584464,4096
1625724959,283752030,5584472,4096
1625724959,284010744,5584480,4096
1625724959,284010744,5584488,4096
1625724959,284010744,5584496,4096
1625724959,284011817,5584504,4096
1625724959,284011817,5584512,4096
1625724959,284011817,5584520,4096
1625724959,284011817,5584528,4096
1625724959,284011817,5584536,4096
1625724959,284011817,5584544,4096
1625724959,284011817,5584552,4096
1625724959,284011817,5584560,4096
1625724959,284012891,5584568,4096
1625724959,284012891,5584576,4096
1625724959,284012891,5584584,4096
1625724959,284012891,5584592,4096
1625724959,284012891,5584600,4096
1625724959,284012891,5584608,4096
1625724959,284012891,5584616,4096
1625724959,284012891,5584624,4096
1625724959,284012891,5584632,4096
1625724959,284013964,5584640,4096
1625724959,284013964,5584648,4096
1625724959,284013964,5584656,4096
1625724959,284013964,5584664,4096
1625724959,284577552,5600000,4096
1625724959,284577552,5600008,4096
1625724959,284577552,5600016,4096
1625724959,284577552,5600024,4096
1625724959,284577552,5600032,4096
1625724959,284577552,5600040,4096
1625724959,284577552,5600048,4096
1625724959,284577552,5600056,4096
1625724959,284577552,5600064,4096
1625724959,284578625,5600072,4096
1625724959,284716033,5600080,4096
1625724959,284716033,5600088,4096
1625724959,284716033,5600096,4096
1625724959,284717107,5600104,4096
1625724959,284717107,5600112,4096
1625724959,284717107,5600120,4096
1625724959,284717107,5600128,4096
1625724959,284717107,5600136,4096
1625724959,284717107,5600144,4096
1625724959,284717107,5600152,4096
1625724959,317299979,10379120,4096
1625724959,383261186,6848120,4096
1625724959,395061098,6658720,4096
1625724959,395873738,10379384,4096
1625724959,481310382,48936808,4096
1625724959,482069347,62473072,4096
1625724959,482070420,62473080,4096
1625724959,482070420,62473088,4096
1625724959,482070420,62473096,4096
1625724959,482683389,62473104,4096
1625724959,482684462,62473112,4096
1625724959,482684462,62473120,4096
1625724959,482684462,62473128,4096
1625724959,482684462,62473136,1024
1625724959,699897526,1973560,4096
1625724959,699898599,1973568,512
1625724959,797172728,3764336,4096
1625724959,797172728,3764344,4096
1625724959,797172728,3764352,4096
1625724959,797173802,3764360,4096
1625724959,797988588,3764368,4096
1625724959,797988588,3764376,4096
1625724959,797989662,3764384,4096
1625724959,797989662,3764392,4096
1625724959,797989662,3764400,4096
1625724959,797989662,3764408,4096
1625724959,797989662,3764416,4096
1625724959,797989662,3764424,4096
1625724959,797989662,3764432,4096
1625724959,797989662,3764440,4096
1625724959,797989662,3764448,4096
1625724959,797990735,3764456,1536
1625724959,918503992,6848128,4096
1625724960,112444761,48936816,4096
1625724960,113016936,10426264,1536
1625724960,245492204,1993952,4096
1625724960,245492204,1993960,1024
1625724960,594245516,6848136,4096
1625724960,606204306,65349984,4096
1625724960,606205380,65349992,4096
1625724960,606205380,65350000,4096
1625724960,606205380,65350008,4096
1625724960,606958977,65350016,4096
1625724960,606958977,65350024,4096
1625724960,606958977,65350032,4096
1625724960,606958977,65350040,4096
1625724960,606960050,65350048,4096
1625724960,768836336,48936824,4096
1625724960,769691915,69215296,4096
1625724960,769691915,69215304,4096
1625724960,769692989,69215312,4096
1625724960,769692989,69215320,4096
1625724960,770531392,69215328,4096
1625724960,770531392,69215336,4096
1625724960,770531392,69215344,4096
1625724960,770531392,69215352,4096
1625724960,770531392,69215360,4096
1625724960,770531392,69215368,4096
1625724960,770531392,69215376,4096
1625724960,770531392,69215384,4096
1625724960,770532466,69215392,4096
1625724960,770532466,69215400,4096
1625724960,770532466,69215408,4096
1625724960,770532466,69215416,4096
1625724960,770532466,69215424,4096
1625724960,770532466,69215432,4096
1625724960,770635522,69215440,4096
1625724960,770635522,69215448,4096
1625724960,770635522,69215456,4096
1625724960,770635522,69215464,4096
1625724960,770635522,69215472,4096
1625724960,770635522,69215480,4096
1625724960,770635522,69215488,4096
1625724960,770635522,69215496,4096
1625724960,770636595,69215504,4096
1625724960,770636595,69215512,4096
1625724960,770636595,69215520,4096
1625724960,770636595,69215528,4096
1625724960,770636595,69215536,4096
1625724960,770636595,69215544,4096
1625724960,771351546,69215552,4096
1625724960,771352620,69215560,4096
1625724960,771352620,69215568,4096
1625724960,771352620,69215576,4096
1625724960,771352620,69215584,4096
1625724960,771352620,69215592,4096
1625724960,771352620,69215600,4096
1625724960,771352620,69215608,4096
1625724960,771352620,69215616,4096
1625724960,771353693,69215624,4096
1625724960,771353693,69215632,4096
1625724960,771353693,69215640,4096
1625724960,771353693,69215648,4096
1625724960,771353693,69215656,4096
1625724960,771353693,69215664,4096
1625724960,771353693,69215672,4096
1625724960,772199611,69215680,4096
1625724960,772199611,69215688,4096
1625724960,772199611,69215696,4096
1625724960,772199611,69215704,4096
1625724960,772199611,69215712,4096
1625724960,772200685,69215720,4096
1625724960,772200685,69215728,4096
1625724960,772200685,69215736,4096
1625724960,772200685,69215744,4096
1625724960,772200685,69215752,4096
1625724960,772200685,69215760,4096
1625724960,772200685,69215768,4096
1625724960,772200685,69215776,4096
1625724960,772200685,69215784,4096
1625724960,772201758,69215792,4096
1625724960,772201758,69215800,4096
1625724960,772325211,69215808,4096
1625724960,772325211,69215816,4096
1625724960,772325211,69215824,4096
1625724960,772325211,69215832,4096
1625724960,772326284,69215840,4096
1625724960,772326284,69215848,4096
1625724960,772326284,69215856,4096
1625724960,772326284,69215864,4096
1625724960,772326284,69215872,4096
1625724960,772326284,69215880,4096
1625724960,772326284,69215888,4096
1625724960,772326284,69215896,4096
1625724960,772326284,69215904,4096
1625724960,772327358,69215912,4096
1625724960,772327358,69215920,4096
1625724960,772327358,69215928,4096
1625724960,776299308,69215936,4096
1625724960,776299308,69215944,4096
1625724960,776300381,69215952,4096
1625724960,776300381,69215960,4096
1625724960,776300381,69215968,4096
1625724960,776300381,69215976,4096
1625724960,776300381,69215984,4096
1625724960,776300381,69215992,4096
1625724960,776300381,69216000,4096
1625724960,776300381,69216008,4096
1625724960,776300381,69216016,4096
1625724960,776301455,69216024,4096
1625724960,776301455,69216032,4096
1625724960,776301455,69216040,4096
1625724960,776301455,69216048,4096
1625724960,776301455,69216056,4096
1625724960,776424907,69216064,4096
1625724960,776424907,69216072,4096
1625724960,776424907,69216080,4096
1625724960,776424907,69216088,4096
1625724960,776424907,69216096,4096
1625724960,776424907,69216104,4096
1625724960,776425981,69216112,4096
1625724960,776425981,69216120,4096
1625724960,776425981,69216128,4096
1625724960,776425981,69216136,4096
1625724960,776425981,69216144,4096
1625724960,776425981,69216152,4096
1625724960,776425981,69216160,4096
1625724960,776425981,69216168,4096
1625724960,776425981,69216176,4096
1625724960,776427054,69216184,4096
1625724960,780607263,69216192,4096
1625724960,780607263,69216200,4096
1625724960,780607263,69216208,4096
1625724960,780607263,69216216,4096
1625724960,780608337,69216224,4096
1625724960,780608337,69216232,4096
1625724960,780608337,69216240,4096
1625724960,780608337,69216248,4096
1625724960,780608337,69216256,4096
1625724960,780608337,69216264,4096
1625724960,780608337,69216272,4096
1625724960,780608337,69216280,4096
1625724960,780608337,69216288,4096
1625724960,780609410,69216296,4096
1625724960,780609410,69216304,4096
1625724960,780609410,69216312,4096
1625724960,780731789,69216320,4096
1625724960,780731789,69216328,4096
1625724960,780731789,69216336,4096
1625724960,780732863,69216344,4096
1625724960,780732863,69216352,4096
1625724960,780732863,69216360,4096
1625724960,780732863,69216368,4096
1625724960,780732863,69216376,4096
1625724960,780732863,69216384,4096
1625724960,780732863,69216392,4096
1625724960,780732863,69216400,4096
1625724960,780732863,69216408,4096
1625724960,780733936,69216416,4096
1625724960,780733936,69216424,4096
1625724960,780733936,69216432,4096
1625724960,780733936,69216440,4096
1625724960,784190606,69216448,4096
1625724960,784190606,69216456,4096
1625724960,784190606,69216464,4096
1625724960,784190606,69216472,4096
1625724960,784191680,69216480,4096
1625724960,784191680,69216488,4096
1625724960,784191680,69216496,4096
1625724960,784191680,69216504,3072
1625724961,1018183262,6848152,4096
1625724961,1047693777,66594184,4096
1625724961,1047694850,66594192,4096
1625724961,1047694850,66594200,4096
1625724961,1047694850,66594208,4096
1625724961,1048394772,66594216,4096
1625724961,1048395846,66594224,4096
1625724961,1048395846,66594232,4096
1625724961,1048395846,66594240,4096
1625724961,1048395846,66594248,4096
1625724961,1048395846,66594256,1024
1625724961,243385710,5600160,4096
1625724961,243386784,5600168,4096
1625724961,243386784,5600176,4096
1625724961,243386784,5600184,4096
1625724961,243386784,5600192,4096
1625724961,243386784,5600200,4096
1625724961,243386784,5600208,4096
1625724961,243386784,5600216,4096
1625724961,243386784,5600224,4096
1625724961,243386784,5600232,4096
1625724961,243387857,5600240,4096
1625724961,243387857,5600248,4096
1625724961,243387857,5600256,4096
1625724961,243387857,5600264,4096
1625724961,243387857,5600272,4096
1625724961,243387857,5600280,4096
1625724961,243527412,5600288,4096
1625724961,243527412,5600296,4096
1625724961,243528486,5600304,4096
1625724961,243528486,5600312,4096
1625724961,243528486,5600320,4096
1625724961,243528486,5600328,4096
1625724961,243528486,5600336,4096
1625724961,243528486,5600344,4096
1625724961,243528486,5600352,4096
1625724961,243528486,5600360,4096
1625724961,243529559,5600368,4096
1625724961,243529559,5600376,4096
1625724961,243529559,5600384,4096
1625724961,243529559,5600392,4096
1625724961,243529559,5600400,4096
1625724961,243529559,5600408,4096
1625724961,243716348,5593739,4096
1625724961,243716348,5593747,4096
1625724961,243716348,5593755,4096
1625724961,243716348,5593763,4096
1625724961,243716348,5593771,4096
1625724961,243716348,5593779,4096
1625724961,243716348,5593787,4096
1625724961,243716348,5593795,4096
1625724961,243716348,5593803,4096
1625724961,243717422,5593811,4096
1625724961,243717422,5593819,4096
1625724961,243717422,5593827,4096
1625724961,243717422,5593835,4096
1625724961,243717422,5593843,4096
1625724961,243717422,5593851,4096
1625724961,243717422,5593859,4096
1625724961,243717422,5593867,4096
1625724961,243717422,5593875,1536
1625724961,243853756,5593600,4096
1625724961,243853756,5593608,4096
1625724961,243853756,5593616,4096
1625724961,243853756,5593624,4096
1625724961,243853756,5593632,4096
1625724961,243854830,5593640,4096
1625724961,243854830,5593648,4096
1625724961,243854830,5593656,4096
1625724961,243854830,5593664,4096
1625724961,243854830,5593672,4096
1625724961,243854830,5593680,4096
1625724961,243854830,5593688,4096
1625724961,243854830,5593696,4096
1625724961,243855903,5593704,4096
1625724961,243855903,5593712,4096
1625724961,243855903,5593720,4096
1625724961,243855903,5593728,4096
1625724961,243855903,5593736,1536
1625724961,243995458,5593878,4096
1625724961,243995458,5593886,4096
1625724961,243995458,5593894,4096
1625724961,243995458,5593902,4096
1625724961,243995458,5593910,4096
1625724961,243995458,5593918,4096
1625724961,243996532,5593926,4096
1625724961,243996532,5593934,4096
1625724961,243996532,5593942,4096
1625724961,243996532,5593950,4096
1625724961,243996532,5593958,4096
1625724961,243996532,5593966,4096
1625724961,243996532,5593974,4096
1625724961,243996532,5593982,4096
1625724961,243996532,5593990,4096
1625724961,243997605,5593998,4096
1625724961,243997605,5594006,4096
1625724961,243997605,5594014,1024
1625724961,244083485,66495872,4096
1625724961,244083485,66495880,4096
1625724961,244083485,66495888,4096
1625724961,244083485,66495896,4096
1625724961,244083485,66495904,4096
1625724961,244083485,66495912,4096
1625724961,244084559,66495920,4096
1625724961,244084559,66495928,4096
1625724961,244084559,66495936,4096
1625724961,244084559,66495944,4096
1625724961,244084559,66495952,4096
1625724961,244084559,66495960,4096
1625724961,244220893,5594432,4096
1625724961,244220893,5594440,4096
1625724961,244220893,5594448,4096
1625724961,244221967,5594456,4096
1625724961,244221967,5594464,4096
1625724961,244221967,5594472,4096
1625724961,244221967,5594480,4096
1625724961,244221967,5594488,4096
1625724961,244221967,5594496,4096
1625724961,244221967,5594504,4096
1625724961,244221967,5594512,4096
1625724961,244221967,5594520,4096
1625724961,244223040,5594528,4096
1625724961,244223040,5594536,4096
1625724961,244223040,5594544,4096
1625724961,244223040,5594552,4096
1625724961,244223040,5594560,4096
1625724961,244223040,5594568,1536
1625724961,244358301,5594571,4096
1625724961,244358301,5594579,4096
1625724961,244358301,5594587,4096
1625724961,244358301,5594595,4096
1625724961,244359375,5594603,4096
1625724961,244359375,5594611,4096
1625724961,244359375,5594619,4096
1625724961,244359375,5594627,4096
1625724961,244359375,5594635,4096
1625724961,244359375,5594643,4096
1625724961,244359375,5594651,4096
1625724961,244359375,5594659,4096
1625724961,244359375,5594667,4096
1625724961,244360448,5594675,4096
1625724961,244360448,5594683,4096
1625724961,244360448,5594691,4096
1625724961,244360448,5594699,4096
1625724961,244360448,5594707,1536
1625724961,244488195,5594710,4096
1625724961,244488195,5594718,4096
1625724961,244489268,5594726,4096
1625724961,244489268,5594734,4096
1625724961,244489268,5594742,4096
1625724961,244489268,5594750,4096
1625724961,244489268,5594758,4096
1625724961,244489268,5594766,4096
1625724961,244489268,5594774,4096
1625724961,244489268,5594782,4096
1625724961,244489268,5594790,4096
1625724961,244490342,5594798,4096
1625724961,244490342,5594806,4096
1625724961,244490342,5594814,4096
1625724961,244490342,5594822,4096
1625724961,244490342,5594830,4096
1625724961,244490342,5594838,4096
1625724961,244490342,5594846,1024
1625724961,244612721,44613920,4096
1625724961,244612721,44613928,4096
1625724961,244612721,44613936,4096
1625724961,244612721,44613944,4096
1625724961,244612721,44613952,4096
1625724961,244612721,44613960,4096
1625724961,244613794,44613968,4096
1625724961,244613794,44613976,4096
1625724961,244613794,44613984,4096
1625724961,244613794,44613992,4096
1625724961,244613794,44614000,4096
1625724961,244613794,44614008,4096
1625724961,244613794,44614016,4096
1625724961,244613794,44614024,4096
1625724961,244613794,44614032,4096
1625724961,244614868,44614040,4096
1625724961,245466153,5606368,4096
1625724961,245467227,5606376,4096
1625724961,245467227,5606384,4096
1625724961,245467227,5606392,4096
1625724961,245467227,5606400,4096
1625724961,245467227,5606408,4096
1625724961,245467227,5606416,4096
1625724961,245467227,5606424,4096
1625724961,245467227,5606432,4096
1625724961,245468300,5606440,4096
1625724961,245468300,5606448,4096
1625724961,245468300,5606456,4096
1625724961,245468300,5606464,4096
1625724961,245468300,5606472,4096
1625724961,245468300,5606480,4096
1625724961,245468300,5606488,4096
1625724961,245468300,5606496,4096
1625724961,245468300,5606504,4096
1625724961,245469374,5606512,4096
1625724961,245469374,5606520,4096
1625724961,245469374,5606528,4096
1625724961,245469374,5606536,1536
1625724961,245775321,5606710,4096
1625724961,245775321,5606718,4096
1625724961,245776395,5606726,4096
1625724961,245776395,5606734,4096
1625724961,245776395,5606742,4096
1625724961,245776395,5606750,4096
1625724961,245776395,5606758,4096
1625724961,245776395,5606766,4096
1625724961,245776395,5606774,4096
1625724961,245776395,5606782,4096
1625724961,245776395,5606790,4096
1625724961,245777468,5606798,4096
1625724961,245777468,5606806,4096
1625724961,245777468,5606814,4096
1625724961,245777468,5606822,4096
1625724961,245777468,5606830,4096
1625724961,245777468,5606838,4096
1625724961,245777468,5606846,4096
1625724961,245777468,5606854,4096
1625724961,245778542,5606862,4096
1625724961,245778542,5606870,4096
1625724961,245778542,5606878,1024
1625724961,245927758,5606539,4096
1625724961,245927758,5606547,4096
1625724961,245927758,5606555,4096
1625724961,245927758,5606563,4096
1625724961,245928832,5606571,4096
1625724961,245928832,5606579,4096
1625724961,245928832,5606587,4096
1625724961,245928832,5606595,4096
1625724961,245928832,5606603,4096
1625724961,245928832,5606611,4096
1625724961,245928832,5606619,4096
1625724961,245928832,5606627,4096
1625724961,245928832,5606635,4096
1625724961,245929905,5606643,4096
1625724961,245929905,5606651,4096
1625724961,245929905,5606659,4096
1625724961,245929905,5606667,4096
1625724961,245929905,5606675,4096
1625724961,245929905,5606683,4096
1625724961,245929905,5606691,4096
1625724961,245929905,5606699,4096
1625724961,245929905,5606707,1536
1625724961,246056578,950944,4096
1625724961,246056578,950952,4096
1625724961,246056578,950960,4096
1625724961,246056578,950968,4096
1625724961,246056578,950976,4096
1625724961,246056578,950984,4096
1625724961,246057652,950992,4096
1625724961,246057652,951000,4096
1625724961,246057652,951008,4096
1625724961,246057652,951016,4096
1625724961,246057652,951024,4096
1625724961,246057652,951032,4096
1625724961,246057652,951040,4096
1625724961,246057652,951048,4096
1625724961,246058725,951056,4096
1625724961,246058725,951064,4096
1625724961,246180031,951072,4096
1625724961,246181104,951080,4096
1625724961,246181104,951088,4096
1625724961,246181104,951096,4096
1625724961,246181104,951104,4096
1625724961,246181104,951112,4096
1625724961,246181104,951120,4096
1625724961,246181104,951128,4096
1625724961,246181104,951136,4096
1625724961,246181104,951144,4096
1625724961,246182178,951152,4096
1625724961,246182178,951160,4096
1625724961,246182178,951168,4096
1625724961,246182178,951176,4096
1625724961,246182178,951184,4096
1625724961,246182178,951192,4096
1625724961,271166817,1293720,4096
1625724961,271166817,1293728,4096
1625724961,271166817,1293736,1024
1625724961,279803124,951200,4096
1625724961,279803124,951208,4096
1625724961,279803124,951216,4096
1625724961,279803124,951224,4096
1625724961,279803124,951232,4096
1625724961,279803124,951240,4096
1625724961,279804198,951248,4096
1625724961,279804198,951256,4096
1625724961,279804198,951264,4096
1625724961,279804198,951272,4096
1625724961,279804198,951280,4096
1625724961,279804198,951288,4096
1625724961,279915842,951296,4096
1625724961,279915842,951304,4096
1625724961,279915842,951312,4096
1625724961,279915842,951320,4096
1625724961,279915842,951328,4096
1625724961,279915842,951336,4096
1625724961,279916915,951344,4096
1625724961,279916915,951352,4096
1625724961,279916915,951360,4096
1625724961,279916915,951368,4096
1625724961,279916915,951376,4096
1625724961,279916915,951384,4096
1625724961,410222639,3650528,4096
1625724961,410222639,3650536,4096
1625724961,410223713,3650544,4096
1625724961,410223713,3650552,2560
1625724961,483845416,6848144,4096
1625724961,542434899,1297072,4096
1625724961,542435973,1297080,4096
1625724961,542435973,1297088,1024
1625724961,685864161,48936832,4096
1625724961,686646742,2034232,4096
1625724961,686647816,2034240,3584
1625724961,795554391,71127064,4096
1625724961,795555464,71127072,4096
1625724961,795555464,71127080,4096
1625724961,795555464,71127088,4096
1625724961,796108317,71127096,4096
1625724961,796108317,71127104,4096
1625724961,796108317,71127112,4096
1625724961,796108317,71127120,2048
1625724961,945290465,48936840,4096
1625724961,946085928,65621480,4096
1625724961,946087002,65621488,4096
1625724961,946087002,65621496,4096
1625724961,946087002,65621504,4096
1625724961,946778336,65621512,4096
1625724961,946779409,65621520,4096
1625724961,946779409,65621528,4096
1625724961,946779409,65621536,3584
1625724962,135022040,68794712,4096
1625724962,135023113,68794720,4096
1625724962,135023113,68794728,4096
1625724962,135023113,68794736,4096
1625724962,135855076,68794744,4096
1625724962,135856149,68794752,4096
1625724962,135856149,68794760,4096
1625724962,135856149,68794768,4096
1625724962,135856149,68794776,4096
1625724962,135856149,68794784,1536
1625724962,260429383,48936848,4096
1625724962,270127382,3747296,4096
1625724962,270127382,3747304,4096
1625724962,270127382,3747312,4096
1625724962,270127382,3747320,4096
1625724962,270958271,3747328,4096
1625724962,270958271,3747336,4096
1625724962,270958271,3747344,4096
1625724962,270958271,3747352,4096
1625724962,270958271,3747360,4096
1625724962,270958271,3747368,4096
1625724962,270959345,3747376,4096
1625724962,270959345,3747384,4096
1625724962,270959345,3747392,4096
1625724962,270959345,3747400,4096
1625724962,270959345,3747408,4096
1625724962,270959345,3747416,4096
1625724962,270959345,3747424,4096
1625724962,270959345,3747432,4096
1625724962,271054886,3747440,4096
1625724962,271054886,3747448,4096
1625724962,271054886,3747456,4096
1625724962,271054886,3747464,4096
1625724962,271054886,3747472,4096
1625724962,271054886,3747480,4096
1625724962,271054886,3747488,4096
1625724962,271055960,3747496,4096
1625724962,271055960,3747504,4096
1625724962,271055960,3747512,4096
1625724962,271055960,3747520,4096
1625724962,271055960,3747528,4096
1625724962,271055960,3747536,4096
1625724962,271055960,3747544,4096
1625724962,271785940,3747552,4096
1625724962,271787013,3747560,4096
1625724962,271787013,3747568,4096
1625724962,271787013,3747576,4096
1625724962,271787013,3747584,4096
1625724962,271787013,3747592,4096
1625724962,271787013,3747600,4096
1625724962,271787013,3747608,4096
1625724962,271787013,3747616,4096
1625724962,271787013,3747624,4096
1625724962,271788087,3747632,4096
1625724962,271788087,3747640,4096
1625724962,271788087,3747648,4096
1625724962,271788087,3747656,4096
1625724962,271788087,3747664,4096
1625724962,271788087,3747672,4096
1625724962,272664063,3747680,4096
1625724962,272664063,3747688,4096
1625724962,272664063,3747696,4096
1625724962,272664063,3747704,4096
1625724962,272664063,3747712,4096
1625724962,272665136,3747720,4096
1625724962,272665136,3747728,4096
1625724962,272665136,3747736,4096
1625724962,272665136,3747744,4096
1625724962,272665136,3747752,4096
1625724962,272665136,3747760,4096
1625724962,272665136,3747768,4096
1625724962,272665136,3747776,4096
1625724962,272665136,3747784,4096
1625724962,272666210,3747792,4096
1625724962,272666210,3747800,4096
1625724962,272789662,3747808,4096
1625724962,272789662,3747816,4096
1625724962,272789662,3747824,4096
1625724962,272789662,3747832,4096
1625724962,272789662,3747840,4096
1625724962,272789662,3747848,4096
1625724962,272789662,3747856,4096
1625724962,272790736,3747864,4096
1625724962,272790736,3747872,4096
1625724962,272790736,3747880,4096
1625724962,272790736,3747888,4096
1625724962,272790736,3747896,4096
1625724962,272790736,3747904,4096
1625724962,272790736,3747912,4096
1625724962,272790736,3747920,4096
1625724962,272790736,3747928,4096
1625724962,277427182,3747936,4096
1625724962,277427182,3747944,4096
1625724962,277427182,3747952,4096
1625724962,277427182,3747960,4096
1625724962,277427182,3747968,4096
1625724962,277427182,3747976,4096
1625724962,277428256,3747984,4096
1625724962,277428256,3747992,4096
1625724962,277428256,3748000,4096
1625724962,277428256,3748008,4096
1625724962,277428256,3748016,4096
1625724962,277428256,3748024,4096
1625724962,277428256,3748032,4096
1625724962,277428256,3748040,4096
1625724962,277428256,3748048,4096
1625724962,277429329,3748056,4096
1625724962,277547414,3748064,4096
1625724962,277547414,3748072,4096
1625724962,277547414,3748080,4096
1625724962,277547414,3748088,4096
1625724962,277547414,3748096,4096
1625724962,277548488,3748104,4096
1625724962,277548488,3748112,4096
1625724962,277548488,3748120,4096
1625724962,277548488,3748128,4096
1625724962,277548488,3748136,4096
1625724962,277548488,3748144,4096
1625724962,277548488,3748152,4096
1625724962,277548488,3748160,4096
1625724962,277548488,3748168,4096
1625724962,277549561,3748176,4096
1625724962,277549561,3748184,4096
1625724962,281871472,3748192,4096
1625724962,281871472,3748200,4096
1625724962,281871472,3748208,4096
1625724962,281871472,3748216,4096
1625724962,281871472,3748224,4096
1625724962,281871472,3748232,4096
1625724962,281871472,3748240,4096
1625724962,281871472,3748248,4096
1625724962,281872546,3748256,4096
1625724962,281872546,3748264,4096
1625724962,281872546,3748272,4096
1625724962,281872546,3748280,4096
1625724962,281872546,3748288,4096
1625724962,281872546,3748296,4096
1625724962,281872546,3748304,4096
1625724962,281872546,3748312,4096
1625724962,281995998,3748320,4096
1625724962,281997072,3748328,4096
1625724962,281997072,3748336,4096
1625724962,281997072,3748344,4096
1625724962,281997072,3748352,4096
1625724962,281997072,3748360,4096
1625724962,281997072,3748368,4096
1625724962,281997072,3748376,4096
1625724962,281997072,3748384,4096
1625724962,281997072,3748392,4096
1625724962,281998145,3748400,4096
1625724962,281998145,3748408,4096
1625724962,281998145,3748416,4096
1625724962,281998145,3748424,4096
1625724962,281998145,3748432,4096
1625724962,281998145,3748440,4096
1625724962,286188016,3748448,4096
1625724962,286188016,3748456,4096
1625724962,286188016,3748464,4096
1625724962,286188016,3748472,4096
1625724962,286188016,3748480,4096
1625724962,286189089,3748488,4096
1625724962,286189089,3748496,4096
1625724962,286189089,3748504,4096
1625724962,286189089,3748512,4096
1625724962,286189089,3748520,4096
1625724962,286189089,3748528,4096
1625724962,286189089,3748536,4096
1625724962,286189089,3748544,4096
1625724962,286189089,3748552,4096
1625724962,286190163,3748560,4096
1625724962,286190163,3748568,4096
1625724962,286313615,3748576,4096
1625724962,286313615,3748584,4096
1625724962,286313615,3748592,4096
1625724962,286313615,3748600,4096
1625724962,286313615,3748608,4096
1625724962,286314689,3748616,4096
1625724962,286314689,3748624,4096
1625724962,286314689,3748632,4096
1625724962,286314689,3748640,4096
1625724962,286314689,3748648,4096
1625724962,286314689,3748656,4096
1625724962,286314689,3748664,4096
1625724962,286314689,3748672,4096
1625724962,286314689,3748680,4096
1625724962,286315762,3748688,4096
1625724962,286315762,3748696,4096
1625724962,290618350,3748704,4096
1625724962,290618350,3748712,4096
1625724962,290618350,3748720,4096
1625724962,290618350,3748728,4096
1625724962,290618350,3748736,4096
1625724962,290618350,3748744,4096
1625724962,290618350,3748752,4096
1625724962,290619424,3748760,4096
1625724962,290619424,3748768,4096
1625724962,290619424,3748776,4096
1625724962,290619424,3748784,4096
1625724962,290619424,3748792,4096
1625724962,290619424,3748800,4096
1625724962,290619424,3748808,4096
1625724962,290619424,3748816,4096
1625724962,290619424,3748824,4096
1625724962,290743950,3748832,4096
1625724962,290743950,3748840,4096
1625724962,290743950,3748848,4096
1625724962,290743950,3748856,4096
1625724962,290743950,3748864,4096
1625724962,290745023,3748872,4096
1625724962,290745023,3748880,4096
1625724962,290745023,3748888,4096
1625724962,290745023,3748896,4096
1625724962,290745023,3748904,4096
1625724962,290745023,3748912,4096
1625724962,290745023,3748920,4096
1625724962,290745023,3748928,4096
1625724962,290746097,3748936,4096
1625724962,290746097,3748944,4096
1625724962,290746097,3748952,4096
1625724962,294872631,3748960,4096
1625724962,294872631,3748968,4096
1625724962,294872631,3748976,4096
1625724962,294872631,3748984,4096
1625724962,294872631,3748992,4096
1625724962,294872631,3749000,4096
1625724962,294872631,3749008,4096
1625724962,294872631,3749016,4096
1625724962,294873704,3749024,4096
1625724962,294873704,3749032,4096
1625724962,294873704,3749040,4096
1625724962,294873704,3749048,4096
1625724962,294873704,3749056,4096
1625724962,294873704,3749064,4096
1625724962,294873704,3749072,4096
1625724962,294873704,3749080,4096
1625724962,294990716,3749088,4096
1625724962,294990716,3749096,4096
1625724962,294990716,3749104,4096
1625724962,294990716,3749112,4096
1625724962,294991789,3749120,4096
1625724962,294991789,3749128,4096
1625724962,294991789,3749136,4096
1625724962,294991789,3749144,4096
1625724962,294991789,3749152,4096
1625724962,294991789,3749160,4096
1625724962,294991789,3749168,4096
1625724962,294991789,3749176,4096
1625724962,294991789,3749184,4096
1625724962,294992863,3749192,4096
1625724962,294992863,3749200,4096
1625724962,294992863,3749208,4096
1625724962,299133352,3749216,4096
1625724962,299133352,3749224,4096
1625724962,299133352,3749232,4096
1625724962,299133352,3749240,4096
1625724962,299133352,3749248,4096
1625724962,299133352,3749256,4096
1625724962,299133352,3749264,4096
1625724962,299133352,3749272,4096
1625724962,299133352,3749280,4096
1625724962,299134426,3749288,4096
1625724962,299134426,3749296,4096
1625724962,299134426,3749304,4096
1625724962,299134426,3749312,4096
1625724962,299134426,3749320,4096
1625724962,299134426,3749328,4096
1625724962,299134426,3749336,4096
1625724962,299257878,3749344,4096
1625724962,299258952,3749352,4096
1625724962,299258952,3749360,4096
1625724962,299258952,3749368,4096
1625724962,299258952,3749376,4096
1625724962,299258952,3749384,4096
1625724962,299258952,3749392,4096
1625724962,299258952,3749400,4096
1625724962,299258952,3749408,4096
1625724962,299258952,3749416,4096
1625724962,299260025,3749424,4096
1625724962,299260025,3749432,4096
1625724962,299260025,3749440,4096
1625724962,299260025,3749448,4096
1625724962,299260025,3749456,4096
1625724962,299260025,3749464,4096
1625724962,303441308,3749472,4096
1625724962,303441308,3749480,4096
1625724962,303441308,3749488,4096
1625724962,303441308,3749496,4096
1625724962,303442381,3749504,4096
1625724962,303442381,3749512,4096
1625724962,303442381,3749520,4096
1625724962,303442381,3749528,4096
1625724962,303442381,3749536,4096
1625724962,303442381,3749544,4096
1625724962,303442381,3749552,4096
1625724962,303442381,3749560,4096
1625724962,303442381,3749568,4096
1625724962,303443455,3749576,4096
1625724962,303443455,3749584,4096
1625724962,303443455,3749592,4096
1625724962,303566907,3749600,4096
1625724962,303566907,3749608,4096
1625724962,303566907,3749616,4096
1625724962,303566907,3749624,4096
1625724962,303566907,3749632,4096
1625724962,303566907,3749640,4096
1625724962,303567981,3749648,4096
1625724962,303567981,3749656,4096
1625724962,303567981,3749664,4096
1625724962,303567981,3749672,4096
1625724962,303567981,3749680,4096
1625724962,303567981,3749688,4096
1625724962,303567981,3749696,4096
1625724962,303567981,3749704,4096
1625724962,303567981,3749712,4096
1625724962,303569054,3749720,4096
1625724962,308104592,3749728,4096
1625724962,308105665,3749736,4096
1625724962,308105665,3749744,4096
1625724962,308105665,3749752,4096
1625724962,308105665,3749760,4096
1625724962,308105665,3749768,4096
1625724962,308105665,3749776,4096
1625724962,308105665,3749784,4096
1625724962,308105665,3749792,4096
1625724962,308105665,3749800,4096
1625724962,308106739,3749808,4096
1625724962,308106739,3749816,4096
1625724962,308106739,3749824,4096
1625724962,308106739,3749832,4096
1625724962,308106739,3749840,4096
1625724962,308106739,3749848,4096
1625724962,308223750,3749856,4096
1625724962,308223750,3749864,4096
1625724962,308223750,3749872,4096
1625724962,308223750,3749880,4096
1625724962,308223750,3749888,4096
1625724962,308223750,3749896,4096
1625724962,308223750,3749904,4096
1625724962,308223750,3749912,4096
1625724962,308224824,3749920,4096
1625724962,308224824,3749928,4096
1625724962,308224824,3749936,4096
1625724962,308224824,3749944,4096
1625724962,308224824,3749952,4096
1625724962,308224824,3749960,4096
1625724962,308224824,3749968,4096
1625724962,308224824,3749976,4096
1625724962,312752847,3749984,4096
1625724962,312753920,3749992,4096
1625724962,312753920,3750000,4096
1625724962,312753920,3750008,4096
1625724962,312753920,3750016,4096
1625724962,312753920,3750024,4096
1625724962,312753920,3750032,4096
1625724962,312753920,3750040,4096
1625724962,312753920,3750048,4096
1625724962,312753920,3750056,4096
1625724962,312753920,3750064,4096
1625724962,312754994,3750072,4096
1625724962,312754994,3750080,4096
1625724962,312754994,3750088,4096
1625724962,312754994,3750096,4096
1625724962,312754994,3750104,4096
1625724962,312878446,3750112,4096
1625724962,312878446,3750120,4096
1625724962,312878446,3750128,4096
1625724962,312878446,3750136,4096
1625724962,312878446,3750144,4096
1625724962,312879520,3750152,4096
1625724962,312879520,3750160,4096
1625724962,312879520,3750168,4096
1625724962,312879520,3750176,4096
1625724962,312879520,3750184,4096
1625724962,312879520,3750192,4096
1625724962,312879520,3750200,4096
1625724962,312879520,3750208,4096
1625724962,312879520,3750216,4096
1625724962,312880593,3750224,4096
1625724962,312880593,3750232,4096
1625724962,317137021,3750240,4096
1625724962,317138094,3750248,4096
1625724962,317138094,3750256,4096
1625724962,317138094,3750264,4096
1625724962,317138094,3750272,4096
1625724962,317138094,3750280,4096
1625724962,317138094,3750288,4096
1625724962,317138094,3750296,4096
1625724962,317138094,3750304,4096
1625724962,317138094,3750312,4096
1625724962,317139168,3750320,4096
1625724962,317139168,3750328,4096
1625724962,317139168,3750336,4096
1625724962,317139168,3750344,4096
1625724962,317139168,3750352,4096
1625724962,317139168,3750360,4096
1625724962,317252959,3750368,4096
1625724962,317252959,3750376,4096
1625724962,317252959,3750384,4096
1625724962,317252959,3750392,4096
1625724962,317254032,3750400,4096
1625724962,317254032,3750408,4096
1625724962,317254032,3750416,4096
1625724962,317254032,3750424,4096
1625724962,317254032,3750432,4096
1625724962,317254032,3750440,4096
1625724962,317254032,3750448,4096
1625724962,317254032,3750456,4096
1625724962,317254032,3750464,4096
1625724962,317255106,3750472,4096
1625724962,317255106,3750480,4096
1625724962,317255106,3750488,4096
1625724962,321501872,3750496,4096
1625724962,321501872,3750504,4096
1625724962,321501872,3750512,4096
1625724962,321501872,3750520,4096
1625724962,321501872,3750528,4096
1625724962,321502945,3750536,4096
1625724962,321502945,3750544,4096
1625724962,321502945,3750552,4096
1625724962,321502945,3750560,4096
1625724962,321502945,3750568,4096
1625724962,321502945,3750576,4096
1625724962,321502945,3750584,4096
1625724962,321502945,3750592,4096
1625724962,321502945,3750600,4096
1625724962,321504019,3750608,4096
1625724962,321504019,3750616,4096
1625724962,321627471,3750624,4096
1625724962,321628545,3750632,4096
1625724962,321628545,3750640,4096
1625724962,321628545,3750648,4096
1625724962,321628545,3750656,4096
1625724962,321628545,3750664,4096
1625724962,321628545,3750672,4096
1625724962,321628545,3750680,4096
1625724962,321628545,3750688,4096
1625724962,321629618,3750696,4096
1625724962,321629618,3750704,4096
1625724962,321629618,3750712,4096
1625724962,321629618,3750720,4096
1625724962,321629618,3750728,4096
1625724962,321629618,3750736,4096
1625724962,321629618,3750744,4096
1625724962,325961191,3750752,4096
1625724962,325961191,3750760,4096
1625724962,325962264,3750768,4096
1625724962,325962264,3750776,4096
1625724962,325962264,3750784,4096
1625724962,325962264,3750792,4096
1625724962,325962264,3750800,4096
1625724962,325962264,3750808,4096
1625724962,325962264,3750816,4096
1625724962,325962264,3750824,4096
1625724962,325963338,3750832,4096
1625724962,325963338,3750840,4096
1625724962,325963338,3750848,4096
1625724962,325963338,3750856,4096
1625724962,325963338,3750864,4096
1625724962,325963338,3750872,4096
1625724962,326079276,3750880,4096
1625724962,326079276,3750888,4096
1625724962,326079276,3750896,4096
1625724962,326079276,3750904,4096
1625724962,326079276,3750912,4096
1625724962,326079276,3750920,4096
1625724962,326079276,3750928,4096
1625724962,326079276,3750936,4096
1625724962,326079276,3750944,4096
1625724962,326080349,3750952,4096
1625724962,326080349,3750960,4096
1625724962,326080349,3750968,4096
1625724962,326080349,3750976,4096
1625724962,326080349,3750984,4096
1625724962,326080349,3750992,4096
1625724962,326080349,3751000,4096
1625724962,330299204,3751008,4096
1625724962,330299204,3751016,4096
1625724962,330299204,3751024,4096
1625724962,330299204,3751032,4096
1625724962,330299204,3751040,4096
1625724962,330299204,3751048,4096
1625724962,330299204,3751056,4096
1625724962,330299204,3751064,4096
1625724962,330300278,3751072,4096
1625724962,330300278,3751080,4096
1625724962,330300278,3751088,4096
1625724962,330300278,3751096,4096
1625724962,330300278,3751104,4096
1625724962,330300278,3751112,4096
1625724962,330300278,3751120,4096
1625724962,330300278,3751128,4096
1625724962,330424804,3751136,4096
1625724962,330424804,3751144,4096
1625724962,330424804,3751152,4096
1625724962,330424804,3751160,4096
1625724962,330424804,3751168,4096
1625724962,330424804,3751176,4096
1625724962,330425877,3751184,4096
1625724962,330425877,3751192,4096
1625724962,330425877,3751200,4096
1625724962,330425877,3751208,4096
1625724962,330425877,3751216,4096
1625724962,330425877,3751224,4096
1625724962,330425877,3751232,4096
1625724962,330425877,3751240,4096
1625724962,330425877,3751248,4096
1625724962,330426951,3751256,4096
1625724962,334635071,3751264,4096
1625724962,334635071,3751272,4096
1625724962,334636144,3751280,4096
1625724962,334636144,3751288,4096
1625724962,334636144,3751296,4096
1625724962,334636144,3751304,4096
1625724962,334636144,3751312,4096
1625724962,334636144,3751320,4096
1625724962,334636144,3751328,4096
1625724962,334636144,3751336,4096
1625724962,334636144,3751344,4096
1625724962,334636144,3751352,4096
1625724962,334637218,3751360,4096
1625724962,334637218,3751368,4096
1625724962,334637218,3751376,4096
1625724962,334637218,3751384,4096
1625724962,334725245,3751392,4096
1625724962,334725245,3751400,4096
1625724962,334725245,3751408,4096
1625724962,334725245,3751416,4096
1625724962,334725245,3751424,4096
1625724962,334725245,3751432,4096
1625724962,334725245,3751440,4096
1625724962,334725245,3751448,4096
1625724962,334725245,3751456,4096
1625724962,334726318,3751464,4096
1625724962,334726318,3751472,4096
1625724963,256057805,45662560,4096
1625724963,256057805,45662568,4096
1625724963,256057805,45662576,4096
1625724963,256058878,45662584,4096
1625724963,256058878,45662592,4096
1625724963,256058878,45662600,4096
1625724963,256058878,45662608,4096
1625724963,256058878,45662616,4096
1625724963,256248888,45663776,4096
1625724963,256248888,45663784,4096
1625724963,256248888,45663792,4096
1625724963,256249961,45663800,4096
1625724963,256249961,45663808,4096
1625724963,256249961,45663816,4096
1625724963,256249961,45663824,4096
1625724963,256249961,45663832,4096
1625724963,256436750,10236896,4096
1625724963,256436750,10236904,4096
1625724963,256437824,10236912,4096
1625724963,256437824,10236920,4096
1625724963,256437824,10236928,4096
1625724963,256437824,10236936,4096
1625724963,256437824,10236944,4096
1625724963,256437824,10236952,4096
1625724963,256599922,951456,4096
1625724963,256599922,951464,4096
1625724963,256599922,951472,4096
1625724963,256599922,951480,4096
1625724963,256599922,951488,4096
1625724963,256599922,951496,4096
1625724963,256600996,951504,4096
1625724963,256600996,951512,4096
1625724963,256600996,951520,4096
1625724963,256600996,951528,4096
1625724963,256600996,951536,4096
1625724963,256600996,951544,4096
1625724963,256600996,951552,4096
1625724963,256600996,951560,4096
1625724963,256602069,951568,4096
1625724963,256602069,951576,4096
1625724963,257046498,951584,4096
1625724963,257046498,951592,4096
1625724963,257046498,951600,4096
1625724963,257046498,951608,4096
1625724963,257047572,951616,4096
1625724963,257047572,951624,4096
1625724963,257047572,951632,4096
1625724963,257047572,951640,4096
1625724963,257047572,951648,4096
1625724963,257047572,951656,4096
1625724963,257047572,951664,4096
1625724963,257047572,951672,4096
1625724963,257048645,951680,4096
1625724963,257048645,951688,4096
1625724963,257048645,951696,4096
1625724963,257048645,951704,4096
1625724963,257495221,13472032,4096
1625724963,257495221,13472040,4096
1625724963,257495221,13472048,4096
1625724963,257495221,13472056,4096
1625724963,257496295,13472064,4096
1625724963,257496295,13472072,4096
1625724963,257496295,13472080,4096
1625724963,257496295,13472088,4096
1625724963,257496295,13472096,4096
1625724963,257496295,13472104,4096
1625724963,257496295,13472112,4096
1625724963,257496295,13472120,4096
1625724963,257497368,13472128,4096
1625724963,257497368,13472136,4096
1625724963,257497368,13472144,4096
1625724963,257497368,13472152,4096
1625724963,257497368,13472160,4096
1625724963,257497368,13472168,4096
1625724963,257497368,13472176,4096
1625724963,257497368,13472184,4096
1625724963,257497368,13472192,4096
1625724963,257498442,13472200,1536
1625724963,257665908,13472203,4096
1625724963,257665908,13472211,4096
1625724963,257665908,13472219,4096
1625724963,257665908,13472227,4096
1625724963,257665908,13472235,4096
1625724963,257665908,13472243,4096
1625724963,257665908,13472251,4096
1625724963,257666981,13472259,4096
1625724963,257666981,13472267,4096
1625724963,257666981,13472275,4096
1625724963,257666981,13472283,4096
1625724963,257666981,13472291,4096
1625724963,257666981,13472299,4096
1625724963,257666981,13472307,4096
1625724963,257666981,13472315,4096
1625724963,257666981,13472323,4096
1625724963,257668055,13472331,4096
1625724963,257668055,13472339,4096
1625724963,257668055,13472347,4096
1625724963,257668055,13472355,4096
1625724963,257668055,13472363,4096
1625724963,257668055,13472371,1536
1625724963,257862358,13472374,4096
1625724963,257862358,13472382,4096
1625724963,257862358,13472390,4096
1625724963,257862358,13472398,4096
1625724963,257862358,13472406,4096
1625724963,257862358,13472414,4096
1625724963,257862358,13472422,4096
1625724963,257862358,13472430,4096
1625724963,257863432,13472438,4096
1625724963,257863432,13472446,4096
1625724963,257863432,13472454,4096
1625724963,257863432,13472462,4096
1625724963,257863432,13472470,4096
1625724963,257863432,13472478,4096
1625724963,257863432,13472486,4096
1625724963,257863432,13472494,4096
1625724963,257863432,13472502,4096
1625724963,257864505,13472510,4096
1625724963,257864505,13472518,4096
1625724963,257864505,13472526,4096
1625724963,257864505,13472534,4096
1625724963,257864505,13472542,1024
1625724963,257992252,13472544,4096
1625724963,257992252,13472552,4096
1625724963,257992252,13472560,4096
1625724963,257992252,13472568,4096
1625724963,257992252,13472576,4096
1625724963,257993325,13472584,4096
1625724963,257993325,13472592,4096
1625724963,257993325,13472600,4096
1625724963,257993325,13472608,4096
1625724963,257993325,13472616,4096
1625724963,257993325,13472624,4096
1625724963,257993325,13472632,4096
1625724963,257993325,13472640,4096
1625724963,257994399,13472648,4096
1625724963,257994399,13472656,4096
1625724963,257994399,13472664,4096
1625724963,258113557,13472672,4096
1625724963,258113557,13472680,4096
1625724963,258114631,13472688,4096
1625724963,258114631,13472696,4096
1625724963,258114631,13472704,4096
1625724963,258114631,13472712,4096
1625724963,258114631,13472720,4096
1625724963,258114631,13472728,4096
1625724963,258114631,13472736,4096
1625724963,258114631,13472744,4096
1625724963,258114631,13472752,4096
1625724963,258115704,13472760,4096
1625724963,258115704,13472768,4096
1625724963,258115704,13472776,4096
1625724963,258115704,13472784,4096
1625724963,258115704,13472792,4096
1625724963,258478547,62859520,4096
1625724963,258478547,62859528,4096
1625724963,258479621,62859536,4096
1625724963,258479621,62859544,4096
1625724963,258479621,62859552,4096
1625724963,258479621,62859560,4096
1625724963,258479621,62859568,4096
1625724963,258479621,62859576,4096
1625724963,258479621,62859584,4096
1625724963,258480694,62859592,4096
1625724963,258480694,62859600,4096
1625724963,258480694,62859608,4096
1625724963,258480694,62859616,4096
1625724963,258480694,62859624,4096
1625724963,258480694,62859632,4096
1625724963,258480694,62859640,4096
1625724963,258480694,62859648,4096
1625724963,258480694,62859656,4096
1625724963,258481768,62859664,4096
1625724963,258481768,62859672,4096
1625724963,258481768,62859680,4096
1625724963,258481768,62859688,1536
1625724963,258638499,62859691,4096
1625724963,258638499,62859699,4096
1625724963,258638499,62859707,4096
1625724963,258638499,62859715,4096
1625724963,258638499,62859723,4096
1625724963,258638499,62859731,4096
1625724963,258639572,62859739,4096
1625724963,258639572,62859747,4096
1625724963,258639572,62859755,4096
1625724963,258639572,62859763,4096
1625724963,258639572,62859771,4096
1625724963,258639572,62859779,4096
1625724963,258639572,62859787,4096
1625724963,258639572,62859795,4096
1625724963,258639572,62859803,4096
1625724963,258640646,62859811,4096
1625724963,258640646,62859819,4096
1625724963,258640646,62859827,4096
1625724963,258640646,62859835,4096
1625724963,258640646,62859843,4096
1625724963,258640646,62859851,4096
1625724963,258640646,62859859,1536
1625724963,258838170,62859862,4096
1625724963,258838170,62859870,4096
1625724963,258839243,62859878,4096
1625724963,258839243,62859886,4096
1625724963,258839243,62859894,4096
1625724963,258839243,62859902,4096
1625724963,258839243,62859910,4096
1625724963,258839243,62859918,4096
1625724963,258839243,62859926,4096
1625724963,258839243,62859934,4096
1625724963,258840317,62859942,4096
1625724963,258840317,62859950,4096
1625724963,258840317,62859958,4096
1625724963,258840317,62859966,4096
1625724963,258840317,62859974,4096
1625724963,258840317,62859982,4096
1625724963,258840317,62859990,4096
1625724963,258840317,62859998,4096
1625724963,258840317,62860006,4096
1625724963,258841390,62860014,4096
1625724963,258841390,62860022,4096
1625724963,258841390,62860030,1024
1625724963,258959475,62860032,4096
1625724963,258959475,62860040,4096
1625724963,258959475,62860048,4096
1625724963,258959475,62860056,4096
1625724963,258959475,62860064,4096
1625724963,258960549,62860072,4096
1625724963,258960549,62860080,4096
1625724963,258960549,62860088,4096
1625724963,258960549,62860096,4096
1625724963,258960549,62860104,4096
1625724963,258960549,62860112,4096
1625724963,258960549,62860120,4096
1625724963,258960549,62860128,4096
1625724963,258961622,62860136,4096
1625724963,258961622,62860144,4096
1625724963,258961622,62860152,4096
1625724963,259094736,62860160,4096
1625724963,259094736,62860168,4096
1625724963,259094736,62860176,4096
1625724963,259094736,62860184,4096
1625724963,259094736,62860192,4096
1625724963,259094736,62860200,4096
1625724963,259094736,62860208,4096
1625724963,259094736,62860216,4096
1625724963,259095810,62860224,4096
1625724963,259095810,62860232,4096
1625724963,259095810,62860240,4096
1625724963,259095810,62860248,4096
1625724963,259095810,62860256,4096
1625724963,259095810,62860264,4096
1625724963,259095810,62860272,4096
1625724963,259095810,62860280,4096
1625724963,259769968,45543616,4096
1625724963,259769968,45543624,4096
1625724963,259769968,45543632,4096
1625724963,259769968,45543640,4096
1625724963,259769968,45543648,4096
1625724963,259769968,45543656,4096
1625724963,259769968,45543664,4096
1625724963,259769968,45543672,4096
1625724963,259771041,45543680,4096
1625724963,259771041,45543688,4096
1625724963,259771041,45543696,4096
1625724963,259771041,45543704,4096
1625724963,259771041,45543712,4096
1625724963,259771041,45543720,4096
1625724963,259771041,45543728,4096
1625724963,259771041,45543736,4096
1625724963,260745779,44520672,4096
1625724963,260745779,44520680,4096
1625724963,260746853,44520688,4096
1625724963,260746853,44520696,4096
1625724964,318000615,2101112,4096
1625724964,318001689,2101120,4096
1625724964,458216891,6848160,4096
1625724964,505439083,6658728,4096
1625724964,507158830,2786144,4096
1625724964,507158830,2786152,4096
1625724964,507158830,2786160,4096
1625724964,507159903,2786168,4096
1625724964,507811518,2786176,4096
1625724964,507812591,2786184,4096
1625724964,507812591,2786192,4096
1625724964,507812591,2786200,4096
1625724964,507812591,2786208,4096
1625724964,507812591,2786216,4096
1625724964,507813665,2786224,2560
1625724964,607418362,6848168,4096
1625724964,629070857,48935728,4096
1625724964,629923216,3154352,4096
1625724964,629923216,3154360,4096
1625724964,629923216,3154368,4096
1625724964,629923216,3154376,4096
1625724964,630688622,3154384,4096
1625724964,630688622,3154392,4096
1625724964,630688622,3154400,4096
1625724964,630688622,3154408,4096
1625724964,630688622,3154416,4096
1625724964,630688622,3154424,4096
1625724964,630688622,3154432,1024
1625724964,752038135,48936864,4096
1625724964,752841113,62601712,4096
1625724964,752841113,62601720,4096
1625724964,752841113,62601728,4096
1625724964,752841113,62601736,4096
1625724964,753675223,62601744,4096
1625724964,753676296,62601752,4096
1625724964,753676296,62601760,4096
1625724964,753676296,62601768,4096
1625724964,753676296,62601776,4096
1625724964,753676296,62601784,4096
1625724964,753676296,62601792,4096
1625724964,753676296,62601800,4096
1625724964,753676296,62601808,4096
1625724964,753676296,62601816,4096
1625724964,753677370,62601824,4096
1625724964,753677370,62601832,4096
1625724964,753677370,62601840,1024
1625724964,877138458,6848176,4096
1625724965,1011830216,6848216,4096
1625724965,1012568784,45663008,4096
1625724965,1012569858,45663016,4096
1625724965,1012569858,45663024,4096
1625724965,1012569858,45663032,4096
1625724965,1012762014,10239744,4096
1625724965,1012762014,10239752,4096
1625724965,1012762014,10239760,4096
1625724965,1012762014,10239768,4096
1625724965,1012762014,10239776,4096
1625724965,1012762014,10239784,4096
1625724965,1012762014,10239792,4096
1625724965,1012762014,10239800,4096
1625724965,194869879,6848200,4096
1625724965,222397639,48936872,4096
1625724965,222951565,2107440,4096
1625724965,222951565,2107448,1024
1625724965,251732100,45543744,4096
1625724965,251732100,45543752,4096
1625724965,251732100,45543760,4096
1625724965,251732100,45543768,4096
1625724965,251733174,45543776,4096
1625724965,251733174,45543784,4096
1625724965,251733174,45543792,4096
1625724965,251733174,45543800,4096
1625724965,251733174,45543808,4096
1625724965,251733174,45543816,4096
1625724965,251733174,45543824,4096
1625724965,251733174,45543832,4096
1625724965,251733174,45543840,4096
1625724965,251734247,45543848,4096
1625724965,251734247,45543856,4096
1625724965,251734247,45543864,4096
1625724965,251734247,45543872,4096
1625724965,251734247,45543880,4096
1625724965,251734247,45543888,4096
1625724965,251734247,45543896,4096
1625724965,251734247,45543904,4096
1625724965,251734247,45543912,1536
1625724965,251901713,45543915,4096
1625724965,251901713,45543923,4096
1625724965,251901713,45543931,4096
1625724965,251901713,45543939,4096
1625724965,251901713,45543947,4096
1625724965,251901713,45543955,4096
1625724965,251901713,45543963,4096
1625724965,251902787,45543971,4096
1625724965,251902787,45543979,4096
1625724965,251902787,45543987,4096
1625724965,251902787,45543995,4096
1625724965,251902787,45544003,4096
1625724965,251902787,45544011,4096
1625724965,251902787,45544019,4096
1625724965,251902787,45544027,4096
1625724965,251902787,45544035,4096
1625724965,251903860,45544043,4096
1625724965,251903860,45544051,4096
1625724965,251903860,45544059,4096
1625724965,251903860,45544067,4096
1625724965,251903860,45544075,4096
1625724965,251903860,45544083,1536
1625724965,252068106,45544086,4096
1625724965,252068106,45544094,4096
1625724965,252068106,45544102,4096
1625724965,252069179,45544110,4096
1625724965,252069179,45544118,4096
1625724965,252069179,45544126,4096
1625724965,252069179,45544134,4096
1625724965,252069179,45544142,4096
1625724965,252069179,45544150,4096
1625724965,252069179,45544158,4096
1625724965,252069179,45544166,4096
1625724965,252069179,45544174,4096
1625724965,252070253,45544182,4096
1625724965,252070253,45544190,4096
1625724965,252070253,45544198,4096
1625724965,252070253,45544206,4096
1625724965,252070253,45544214,4096
1625724965,252070253,45544222,4096
1625724965,252070253,45544230,4096
1625724965,252070253,45544238,4096
1625724965,252070253,45544246,4096
1625724965,252071326,45544254,1024
1625724965,252195852,45544256,4096
1625724965,252195852,45544264,4096
1625724965,252195852,45544272,4096
1625724965,252195852,45544280,4096
1625724965,252195852,45544288,4096
1625724965,252195852,45544296,4096
1625724965,252195852,45544304,4096
1625724965,252195852,45544312,4096
1625724965,252196926,45544320,4096
1625724965,252196926,45544328,4096
1625724965,252196926,45544336,4096
1625724965,252196926,45544344,4096
1625724965,252196926,45544352,4096
1625724965,252196926,45544360,4096
1625724965,252196926,45544368,4096
1625724965,252196926,45544376,4096
1625724965,252692883,44952256,4096
1625724965,252693956,44952264,4096
1625724965,252693956,44952272,4096
1625724965,252693956,44952280,4096
1625724965,252693956,44952288,4096
1625724965,252693956,44952296,4096
1625724965,252693956,44952304,4096
1625724965,252695030,44952312,4096
1625724965,252695030,44952320,4096
1625724965,252695030,44952328,4096
1625724965,252695030,44952336,4096
1625724965,252695030,44952344,4096
1625724965,252695030,44952352,4096
1625724965,252695030,44952360,4096
1625724965,252695030,44952368,4096
1625724965,252695030,44952376,4096
1625724965,252696103,44952384,4096
1625724965,252696103,44952392,4096
1625724965,252696103,44952400,4096
1625724965,252696103,44952408,4096
1625724965,252696103,44952416,4096
1625724965,252696103,44952424,1536
1625724965,252924759,44952427,4096
1625724965,252925832,44952435,4096
1625724965,252925832,44952443,4096
1625724965,252925832,44952451,4096
1625724965,252925832,44952459,4096
1625724965,252925832,44952467,4096
1625724965,252925832,44952475,4096
1625724965,252925832,44952483,4096
1625724965,252925832,44952491,4096
1625724965,252925832,44952499,4096
1625724965,252926906,44952507,4096
1625724965,252926906,44952515,4096
1625724965,252926906,44952523,4096
1625724965,252926906,44952531,4096
1625724965,252926906,44952539,4096
1625724965,252926906,44952547,4096
1625724965,252926906,44952555,4096
1625724965,252926906,44952563,4096
1625724965,252926906,44952571,4096
1625724965,252927979,44952579,4096
1625724965,252927979,44952587,4096
1625724965,252927979,44952595,1536
1625724965,253083637,44952598,4096
1625724965,253083637,44952606,4096
1625724965,253083637,44952614,4096
1625724965,253083637,44952622,4096
1625724965,253083637,44952630,4096
1625724965,253084710,44952638,4096
1625724965,253084710,44952646,4096
1625724965,253084710,44952654,4096
1625724965,253084710,44952662,4096
1625724965,253084710,44952670,4096
1625724965,253084710,44952678,4096
1625724965,253084710,44952686,4096
1625724965,253084710,44952694,4096
1625724965,253084710,44952702,4096
1625724965,253085784,44952710,4096
1625724965,253085784,44952718,4096
1625724965,253085784,44952726,4096
1625724965,253085784,44952734,4096
1625724965,253085784,44952742,4096
1625724965,253085784,44952750,4096
1625724965,253085784,44952758,4096
1625724965,253085784,44952766,1024
1625724965,253227486,44952768,4096
1625724965,253228559,44952776,4096
1625724965,253228559,44952784,4096
1625724965,253228559,44952792,4096
1625724965,253228559,44952800,4096
1625724965,253228559,44952808,4096
1625724965,253228559,44952816,4096
1625724965,253228559,44952824,4096
1625724965,253228559,44952832,4096
1625724965,253229633,44952840,4096
1625724965,253229633,44952848,4096
1625724965,253229633,44952856,4096
1625724965,253229633,44952864,4096
1625724965,253229633,44952872,4096
1625724965,253229633,44952880,4096
1625724965,253229633,44952888,4096
1625724965,253229633,44952896,4096
1625724965,253229633,44952904,4096
1625724965,253689091,44952912,4096
1625724965,253689091,44952920,4096
1625724965,253689091,44952928,4096
1625724965,253689091,44952936,4096
1625724965,253689091,44952944,4096
1625724965,253689091,44952952,4096
1625724965,253690164,44952960,4096
1625724965,253690164,44952968,4096
1625724965,253690164,44952976,4096
1625724965,253690164,44952984,4096
1625724965,253690164,44952992,4096
1625724965,253690164,44953000,4096
1625724965,253690164,44953008,4096
1625724965,253690164,44953016,4096
1625724965,253690164,44953024,4096
1625724965,253691238,44953032,4096
1625724965,253691238,44953040,4096
1625724965,253691238,44953048,4096
1625724965,254166798,45460416,4096
1625724965,254166798,45460424,4096
1625724965,254167872,45460432,4096
1625724965,254167872,45460440,4096
1625724965,254167872,45460448,4096
1625724965,254167872,45460456,4096
1625724965,254167872,45460464,4096
1625724965,254167872,45460472,4096
1625724965,254167872,45460480,4096
1625724965,254167872,45460488,4096
1625724965,254167872,45460496,4096
1625724965,254168945,45460504,4096
1625724965,254168945,45460512,4096
1625724965,254168945,45460520,4096
1625724965,254168945,45460528,4096
1625724965,254168945,45460536,4096
1625724965,303829055,28431472,4096
1625724965,303829055,28431480,4096
1625724965,303829055,28431488,4096
1625724965,303829055,28431496,4096
1625724965,304594461,28431616,4096
1625724965,304594461,28431624,4096
1625724965,304595534,28431632,4096
1625724965,304595534,28431640,4096
1625724965,304595534,28431648,4096
1625724965,304595534,28431656,4096
1625724965,304595534,28431664,4096
1625724965,304595534,28431672,4096
1625724965,304595534,28431680,4096
1625724965,304595534,28431688,4096
1625724965,304596608,28431696,4096
1625724965,304596608,28431704,4096
1625724965,304596608,28431712,4096
1625724965,304596608,28431720,4096
1625724965,304687855,28431504,4096
1625724965,304687855,28431512,4096
1625724965,304688929,28431520,4096
1625724965,304688929,28431528,4096
1625724965,304688929,28431536,4096
1625724965,304688929,28431544,4096
1625724965,304688929,28431552,4096
1625724965,304688929,28431560,4096
1625724965,304688929,28431568,4096
1625724965,304688929,28431576,4096
1625724965,304690002,28431584,4096
1625724965,304690002,28431592,4096
1625724965,304690002,28431600,4096
1625724965,304690002,28431608,4096
1625724965,305143019,28431728,4096
1625724965,305143019,28431736,2048
1625724965,439875857,6848208,4096
1625724965,577849592,3652576,4096
1625724965,577849592,3652584,4096
1625724965,577850665,3652592,4096
1625724965,577850665,3652600,2560
1625724965,765465187,48936880,4096
1625724965,766095331,10447912,3584
1625724965,877412987,1301712,4096
1625724965,877412987,1301720,4096
1625724965,877414061,1301728,2560
1625724965,88346474,2105776,4096
1625724965,88347547,2105784,2048
1625724966,154268749,48936888,4096
1625724966,155033081,68801352,4096
1625724966,155033081,68801360,4096
1625724966,155033081,68801368,4096
1625724966,155033081,68801376,4096
1625724966,155628873,68801384,4096
1625724966,155628873,68801392,4096
1625724966,155628873,68801400,4096
1625724966,155628873,68801408,512
1625724966,16044889,2119216,4096
1625724966,16044889,2119224,2560
1625724966,310689507,2188312,4096
1625724966,310689507,2188320,512
1625724966,401725528,1302368,4096
1625724966,401726601,1302376,4096
1625724966,401726601,1302384,4096
1625724966,531480546,6848224,4096
1625724966,574103864,2191232,4096
1625724966,574103864,2191240,3072
1625724966,693454520,48936896,4096
1625724966,694292924,68802360,4096
1625724966,694292924,68802368,4096
1625724966,694293997,68802376,4096
1625724966,694293997,68802384,4096
1625724966,695014316,68802392,4096
1625724966,695014316,68802400,4096
1625724966,695015389,68802408,4096
1625724966,695015389,68802416,4096
1625724966,695015389,68802424,4096
1625724966,695015389,68802432,1024
1625724966,864327809,44655128,4096
1625724966,864328883,44655136,4096
1625724966,864328883,44655144,4096
1625724966,864328883,44655152,4096
1625724966,865084627,44655160,4096
1625724966,865084627,44655168,4096
1625724966,865084627,44655176,4096
1625724966,865084627,44655184,4096
1625724966,865085700,44655192,4096
1625724966,865085700,44655200,4096
1625724966,865085700,44655208,4096
1625724966,865085700,44655216,4096
1625724966,865085700,44655224,4096
1625724966,865085700,44655232,4096
1625724966,865085700,44655240,4096
1625724966,865085700,44655248,4096
1625724966,865085700,44655256,4096
1625724966,865086774,44655264,4096
1625724966,865179095,44655272,4096
1625724966,865179095,44655280,4096
1625724966,865179095,44655288,4096
1625724966,865179095,44655296,4096
1625724966,865179095,44655304,4096
1625724966,865179095,44655312,4096
1625724966,865179095,44655320,4096
1625724966,865179095,44655328,4096
1625724966,865180168,44655336,4096
1625724966,865180168,44655344,4096
1625724966,865180168,44655352,4096
1625724966,865180168,44655360,4096
1625724966,865180168,44655368,4096
1625724966,865180168,44655376,4096
1625724966,865758785,44655384,4096
1625724966,865758785,44655392,4096
1625724966,865758785,44655400,4096
1625724966,865758785,44655408,4096
1625724966,865758785,44655416,4096
1625724966,865758785,44655424,4096
1625724966,865759858,44655432,4096
1625724966,865759858,44655440,4096
1625724966,865759858,44655448,4096
1625724966,865759858,44655456,4096
1625724966,865759858,44655464,4096
1625724966,865759858,44655472,4096
1625724966,865759858,44655480,4096
1625724966,865759858,44655488,4096
1625724966,865759858,44655496,4096
1625724966,865760932,44655504,4096
1625724966,866362092,44655512,4096
1625724966,866363165,44655520,4096
1625724966,866363165,44655528,4096
1625724966,866363165,44655536,4096
1625724966,866363165,44655544,4096
1625724966,866363165,44655552,4096
1625724966,866363165,44655560,4096
1625724966,866363165,44655568,4096
1625724966,866363165,44655576,4096
1625724966,866363165,44655584,4096
1625724966,866364239,44655592,4096
1625724966,866364239,44655600,4096
1625724966,866364239,44655608,4096
1625724966,866364239,44655616,4096
1625724966,866364239,44655624,4096
1625724966,866364239,44655632,4096
1625724966,866475883,44655640,4096
1625724966,866475883,44655648,4096
1625724966,866475883,44655656,4096
1625724966,866475883,44655664,4096
1625724966,866475883,44655672,4096
1625724966,866475883,44655680,4096
1625724966,866476956,44655688,4096
1625724966,866476956,44655696,4096
1625724966,866476956,44655704,4096
1625724966,866476956,44655712,4096
1625724966,866476956,44655720,4096
1625724966,866476956,44655728,4096
1625724966,866476956,44655736,4096
1625724966,866476956,44655744,4096
1625724966,866476956,44655752,4096
1625724966,866478030,44655760,4096
1625724966,870661459,44655768,4096
1625724966,870661459,44655776,4096
1625724966,870661459,44655784,4096
1625724966,870662533,44655792,4096
1625724966,870662533,44655800,4096
1625724966,870662533,44655808,4096
1625724966,870662533,44655816,4096
1625724966,870662533,44655824,4096
1625724966,870662533,44655832,4096
1625724966,870662533,44655840,4096
1625724966,870662533,44655848,4096
1625724966,870662533,44655856,4096
1625724966,870663606,44655864,4096
1625724966,870663606,44655872,4096
1625724966,870663606,44655880,4096
1625724966,870663606,44655888,4096
1625724966,870790279,44655896,4096
1625724966,870790279,44655904,4096
1625724966,870790279,44655912,4096
1625724966,870790279,44655920,4096
1625724966,870790279,44655928,4096
1625724966,870790279,44655936,4096
1625724966,870791353,44655944,4096
1625724966,870791353,44655952,4096
1625724966,870791353,44655960,4096
1625724966,870791353,44655968,4096
1625724966,870791353,44655976,4096
1625724966,870791353,44655984,4096
1625724966,870791353,44655992,4096
1625724966,870791353,44656000,4096
1625724966,870791353,44656008,4096
1625724966,870792426,44656016,4096
1625724966,874727877,44656024,4096
1625724966,874727877,44656032,4096
1625724966,874727877,44656040,4096
1625724966,874727877,44656048,4096
1625724966,874727877,44656056,4096
1625724966,874728951,44656064,4096
1625724966,874728951,44656072,4096
1625724966,874728951,44656080,4096
1625724966,874728951,44656088,4096
1625724966,874728951,44656096,4096
1625724966,874728951,44656104,4096
1625724966,874728951,44656112,4096
1625724966,874728951,44656120,4096
1625724966,874728951,44656128,4096
1625724966,874730024,44656136,4096
1625724966,874730024,44656144,4096
1625724966,874852403,44656152,4096
1625724966,874852403,44656160,4096
1625724966,874852403,44656168,4096
1625724966,874853477,44656176,4096
1625724966,874853477,44656184,4096
1625724966,874853477,44656192,4096
1625724966,874853477,44656200,4096
1625724966,874853477,44656208,4096
1625724966,874853477,44656216,4096
1625724966,874853477,44656224,4096
1625724966,874853477,44656232,4096
1625724966,874853477,44656240,4096
1625724966,874854550,44656248,4096
1625724966,874854550,44656256,4096
1625724966,874854550,44656264,4096
1625724966,874854550,44656272,4096
1625724966,878795369,44656280,4096
1625724966,878796442,44656288,4096
1625724966,878796442,44656296,4096
1625724966,878796442,44656304,4096
1625724966,878796442,44656312,4096
1625724966,878796442,44656320,4096
1625724966,878796442,44656328,4096
1625724966,878796442,44656336,4096
1625724966,878796442,44656344,4096
1625724966,878797516,44656352,4096
1625724966,878797516,44656360,4096
1625724966,878797516,44656368,4096
1625724966,878797516,44656376,4096
1625724966,878797516,44656384,4096
1625724966,878797516,44656392,4096
1625724966,878797516,44656400,4096
1625724966,878920968,44656408,4096
1625724966,878920968,44656416,4096
1625724966,878920968,44656424,4096
1625724966,878920968,44656432,4096
1625724966,878920968,44656440,4096
1625724966,878920968,44656448,4096
1625724966,878922042,44656456,4096
1625724966,878922042,44656464,4096
1625724966,878922042,44656472,4096
1625724966,878922042,44656480,4096
1625724966,878922042,44656488,4096
1625724966,878922042,44656496,4096
1625724966,878922042,44656504,4096
1625724966,878922042,44656512,4096
1625724966,878922042,44656520,4096
1625724966,878923115,44656528,4096
1625724966,883030326,44656536,4096
1625724966,883030326,44656544,4096
1625724966,883030326,44656552,4096
1625724966,883030326,44656560,4096
1625724966,883030326,44656568,4096
1625724966,883030326,44656576,4096
1625724966,883030326,44656584,4096
1625724966,883031400,44656592,4096
1625724966,883031400,44656600,4096
1625724966,883031400,44656608,4096
1625724966,883031400,44656616,4096
1625724966,883031400,44656624,4096
1625724966,883031400,44656632,4096
1625724966,883031400,44656640,4096
1625724966,883031400,44656648,4096
1625724966,883031400,44656656,4096
1625724966,883155926,44656664,4096
1625724966,883155926,44656672,4096
1625724966,883155926,44656680,4096
1625724966,883155926,44656688,4096
1625724966,883155926,44656696,4096
1625724966,883155926,44656704,4096
1625724966,883155926,44656712,4096
1625724966,883155926,44656720,4096
1625724966,883155926,44656728,4096
1625724966,883156999,44656736,4096
1625724966,883156999,44656744,4096
1625724966,883156999,44656752,4096
1625724966,883156999,44656760,4096
1625724966,883156999,44656768,4096
1625724966,883156999,44656776,4096
1625724966,883156999,44656784,4096
1625724966,887286754,44656792,4096
1625724966,887286754,44656800,4096
1625724966,887286754,44656808,4096
1625724966,887287827,44656816,4096
1625724966,887287827,44656824,4096
1625724966,887287827,44656832,4096
1625724966,887287827,44656840,4096
1625724966,887287827,44656848,4096
1625724966,887287827,44656856,4096
1625724966,887287827,44656864,4096
1625724966,887288901,44656872,4096
1625724966,887288901,44656880,4096
1625724966,887288901,44656888,4096
1625724966,887288901,44656896,4096
1625724966,887288901,44656904,4096
1625724966,887288901,44656912,4096
1625724966,887414500,44656920,4096
1625724966,887415574,44656928,4096
1625724966,887415574,44656936,4096
1625724966,887415574,44656944,4096
1625724966,887415574,44656952,4096
1625724966,887415574,44656960,4096
1625724966,887415574,44656968,4096
1625724966,887415574,44656976,4096
1625724966,887415574,44656984,4096
1625724966,887415574,44656992,4096
1625724966,887416647,44657000,4096
1625724966,887416647,44657008,4096
1625724966,887416647,44657016,4096
1625724966,887416647,44657024,4096
1625724966,887416647,44657032,4096
1625724966,887416647,44657040,4096
1625724966,891741779,44657048,4096
1625724966,891742852,44657056,4096
1625724966,891742852,44657064,4096
1625724966,891742852,44657072,4096
1625724966,891742852,44657080,4096
1625724966,891742852,44657088,4096
1625724966,891742852,44657096,4096
1625724966,891742852,44657104,4096
1625724966,891742852,44657112,4096
1625724966,891743926,44657120,4096
1625724966,891743926,44657128,4096
1625724966,891743926,44657136,4096
1625724966,891743926,44657144,4096
1625724966,891743926,44657152,4096
1625724966,891743926,44657160,4096
1625724966,891743926,44657168,4096
1625724966,891860937,44657176,4096
1625724966,891862011,44657184,4096
1625724966,891862011,44657192,4096
1625724966,891862011,44657200,4096
1625724966,891862011,44657208,4096
1625724966,891862011,44657216,4096
1625724966,891862011,44657224,4096
1625724966,891862011,44657232,4096
1625724966,891862011,44657240,4096
1625724966,891862011,44657248,4096
1625724966,891863084,44657256,4096
1625724966,891863084,44657264,4096
1625724966,891863084,44657272,4096
1625724966,891863084,44657280,4096
1625724966,891863084,44657288,4096
1625724966,891863084,44657296,4096
1625724966,895856504,44657304,4096
1625724966,895856504,44657312,4096
1625724966,895856504,44657320,4096
1625724966,895856504,44657328,4096
1625724966,895856504,44657336,4096
1625724966,895856504,44657344,4096
1625724966,895857578,44657352,4096
1625724966,895857578,44657360,4096
1625724966,895857578,44657368,4096
1625724966,895857578,44657376,4096
1625724966,895857578,44657384,4096
1625724966,895857578,44657392,4096
1625724966,895857578,44657400,4096
1625724966,895857578,44657408,4096
1625724966,895857578,44657416,4096
1625724966,895858651,44657424,4096
1625724966,895970295,44657432,4096
1625724966,895970295,44657440,4096
1625724966,895970295,44657448,4096
1625724966,895970295,44657456,4096
1625724966,895970295,44657464,4096
1625724966,895970295,44657472,4096
1625724966,895971369,44657480,4096
1625724966,895971369,44657488,4096
1625724966,895971369,44657496,4096
1625724966,895971369,44657504,4096
1625724966,895971369,44657512,4096
1625724966,895971369,44657520,4096
1625724966,895971369,44657528,4096
1625724966,895971369,44657536,4096
1625724966,895971369,44657544,4096
1625724966,895972442,44657552,4096
1625724966,900298647,44657560,4096
1625724966,900298647,44657568,4096
1625724966,900298647,44657576,4096
1625724966,900298647,44657584,4096
1625724966,900299721,44657592,4096
1625724966,900299721,44657600,4096
1625724966,900299721,44657608,4096
1625724966,900299721,44657616,4096
1625724966,900299721,44657624,4096
1625724966,900299721,44657632,4096
1625724966,900299721,44657640,4096
1625724966,900299721,44657648,4096
1625724966,900299721,44657656,4096
1625724966,900300794,44657664,4096
1625724966,900300794,44657672,4096
1625724966,900300794,44657680,4096
1625724966,900414585,44657688,4096
1625724966,900414585,44657696,4096
1625724966,900414585,44657704,4096
1625724966,900414585,44657712,4096
1625724966,900414585,44657720,4096
1625724966,900414585,44657728,4096
1625724966,900415659,44657736,4096
1625724966,900415659,44657744,4096
1625724966,900415659,44657752,4096
1625724966,900415659,44657760,4096
1625724966,900415659,44657768,4096
1625724966,900415659,44657776,4096
1625724966,900415659,44657784,4096
1625724966,900415659,44657792,4096
1625724966,900415659,44657800,4096
1625724966,900416732,44657808,4096
1625724966,904445578,44657816,4096
1625724966,904445578,44657824,4096
1625724966,904445578,44657832,4096
1625724966,904445578,44657840,4096
1625724966,904445578,44657848,4096
1625724966,904445578,44657856,4096
1625724966,904445578,44657864,4096
1625724966,904446651,44657872,4096
1625724966,904446651,44657880,4096
1625724966,904446651,44657888,4096
1625724966,904446651,44657896,4096
1625724966,904446651,44657904,4096
1625724966,904446651,44657912,4096
1625724966,904446651,44657920,4096
1625724966,904446651,44657928,4096
1625724966,904446651,44657936,4096
1625724966,904573324,44657944,4096
1625724966,904573324,44657952,4096
1625724966,904573324,44657960,4096
1625724966,904573324,44657968,4096
1625724966,904573324,44657976,4096
1625724966,904573324,44657984,4096
1625724966,904574398,44657992,4096
1625724966,904574398,44658000,4096
1625724966,904574398,44658008,4096
1625724966,904574398,44658016,4096
1625724966,904574398,44658024,4096
1625724966,904574398,44658032,4096
1625724966,904574398,44658040,4096
1625724966,904574398,44658048,4096
1625724966,904574398,44658056,4096
1625724966,904574398,44658064,4096
1625724966,908729916,44658072,4096
1625724966,908729916,44658080,4096
1625724966,908729916,44658088,4096
1625724966,908729916,44658096,4096
1625724966,908729916,44658104,4096
1625724966,908730990,44658112,4096
1625724966,908730990,44658120,4096
1625724966,908730990,44658128,4096
1625724966,908730990,44658136,4096
1625724966,908730990,44658144,4096
1625724966,908730990,44658152,4096
1625724966,908730990,44658160,4096
1625724966,908730990,44658168,4096
1625724966,908730990,44658176,4096
1625724966,908730990,44658184,4096
1625724966,908732063,44658192,4096
1625724966,908843707,44658200,4096
1625724966,908843707,44658208,4096
1625724966,908843707,44658216,4096
1625724966,908843707,44658224,4096
1625724966,908843707,44658232,4096
1625724966,908843707,44658240,4096
1625724966,908843707,44658248,4096
1625724966,908843707,44658256,4096
1625724966,908844781,44658264,4096
1625724966,908844781,44658272,4096
1625724966,908844781,44658280,4096
1625724966,908844781,44658288,4096
1625724966,908844781,44658296,4096
1625724966,908844781,44658304,4096
1625724966,908844781,44658312,4096
1625724966,908844781,44658320,4096
1625724966,912867185,44658328,4096
1625724966,912867185,44658336,4096
1625724966,912867185,44658344,4096
1625724966,912868259,44658352,4096
1625724966,912868259,44658360,4096
1625724966,912868259,44658368,4096
1625724966,912868259,44658376,4096
1625724966,912868259,44658384,4096
1625724966,912868259,44658392,4096
1625724966,912868259,44658400,4096
1625724966,912868259,44658408,4096
1625724966,912868259,44658416,4096
1625724966,912869332,44658424,4096
1625724966,912869332,44658432,4096
1625724966,912869332,44658440,4096
1625724966,912869332,44658448,4096
1625724966,912980976,44658456,4096
1625724966,912980976,44658464,4096
1625724966,912980976,44658472,4096
1625724966,912980976,44658480,4096
1625724966,912980976,44658488,4096
1625724966,912980976,44658496,4096
1625724966,912982050,44658504,4096
1625724966,912982050,44658512,4096
1625724966,912982050,44658520,4096
1625724966,912982050,44658528,4096
1625724966,912982050,44658536,4096
1625724966,912982050,44658544,4096
1625724966,912982050,44658552,4096
1625724966,912982050,44658560,4096
1625724966,912982050,44658568,4096
1625724966,912983123,44658576,4096
1625724966,917036659,44658584,4096
1625724966,917036659,44658592,4096
1625724966,917036659,44658600,4096
1625724966,917036659,44658608,4096
1625724966,917036659,44658616,4096
1625724966,917037733,44658624,4096
1625724966,917037733,44658632,4096
1625724966,917037733,44658640,4096
1625724966,917037733,44658648,4096
1625724966,917037733,44658656,4096
1625724966,917037733,44658664,4096
1625724966,917037733,44658672,4096
1625724966,917037733,44658680,4096
1625724966,917037733,44658688,4096
1625724966,917038806,44658696,4096
1625724966,917038806,44658704,4096
1625724966,917161185,44658712,4096
1625724966,917161185,44658720,4096
1625724966,917161185,44658728,4096
1625724966,917161185,44658736,4096
1625724966,917161185,44658744,4096
1625724966,917161185,44658752,4096
1625724966,917161185,44658760,4096
1625724966,917161185,44658768,4096
1625724966,917161185,44658776,4096
1625724966,917162259,44658784,4096
1625724966,917162259,44658792,4096
1625724966,917162259,44658800,4096
1625724966,917162259,44658808,4096
1625724966,917162259,44658816,4096
1625724966,917162259,44658824,4096
1625724966,917162259,44658832,4096
1625724966,921166414,44658840,4096
1625724966,921166414,44658848,4096
1625724966,921166414,44658856,4096
1625724966,921166414,44658864,4096
1625724966,921166414,44658872,4096
1625724966,921167487,44658880,4096
1625724966,921167487,44658888,4096
1625724966,921167487,44658896,4096
1625724966,921167487,44658904,4096
1625724966,921167487,44658912,4096
1625724966,921167487,44658920,4096
1625724966,921167487,44658928,4096
1625724966,921167487,44658936,4096
1625724966,921167487,44658944,4096
1625724966,921168561,44658952,4096
1625724966,921168561,44658960,4096
1625724966,921283425,44658968,4096
1625724966,921283425,44658976,4096
1625724966,921283425,44658984,4096
1625724966,921283425,44658992,4096
1625724966,921283425,44659000,4096
1625724966,921284499,44659008,4096
1625724966,921284499,44659016,4096
1625724966,921284499,44659024,4096
1625724966,921284499,44659032,4096
1625724966,921284499,44659040,4096
1625724966,921284499,44659048,4096
1625724966,921284499,44659056,4096
1625724966,921284499,44659064,4096
1625724966,921284499,44659072,4096
1625724966,921285572,44659080,4096
1625724966,921285572,44659088,4096
1625724966,925211362,44659096,4096
1625724966,925212435,44659104,4096
1625724966,925212435,44659112,4096
1625724966,925212435,44659120,4096
1625724966,925212435,44659128,4096
1625724966,925212435,44659136,4096
1625724966,925212435,44659144,4096
1625724966,925212435,44659152,4096
1625724966,925212435,44659160,4096
1625724966,925212435,44659168,4096
1625724966,925213509,44659176,4096
1625724966,925213509,44659184,4096
1625724966,925213509,44659192,4096
1625724966,925213509,44659200,4096
1625724966,925213509,44659208,3072
1625724967,248124567,45724448,4096
1625724967,248124567,45724456,4096
1625724967,248125641,45724464,4096
1625724967,248125641,45724472,4096
1625724967,252761014,45724480,4096
1625724967,252761014,45724488,4096
1625724967,252761014,45724496,4096
1625724967,252762087,45724504,4096
1625724967,253407261,10375808,4096
1625724967,253407261,10375816,4096
1625724967,253407261,10375824,4096
1625724967,253407261,10375832,4096
1625724967,253407261,10375840,4096
1625724967,253408334,10375848,4096
1625724967,253408334,10375856,4096
1625724967,253408334,10375864,4096
1625724967,253548963,2681472,4096
1625724967,253550036,2681480,4096
1625724967,253550036,2681488,4096
1625724967,253550036,2681496,4096
1625724967,253550036,2681504,4096
1625724967,253550036,2681512,4096
1625724967,253550036,2681520,4096
1625724967,253550036,2681528,4096
1625724967,253728237,10405024,4096
1625724967,253728237,10405032,4096
1625724967,253728237,10405040,4096
1625724967,253729311,10405048,4096
1625724967,253729311,10405056,4096
1625724967,253729311,10405064,4096
1625724967,253729311,10405072,4096
1625724967,253729311,10405080,4096
1625724967,254041699,9844096,4096
1625724967,254041699,9844104,4096
1625724967,254041699,9844112,4096
1625724967,254041699,9844120,4096
1625724967,254041699,9844128,4096
1625724967,254041699,9844136,4096
1625724967,254042773,9844144,4096
1625724967,254042773,9844152,4096
1625724967,254042773,9844160,4096
1625724967,254042773,9844168,4096
1625724967,254042773,9844176,4096
1625724967,254042773,9844184,4096
1625724967,254042773,9844192,4096
1625724967,254042773,9844200,4096
1625724967,254042773,9844208,4096
1625724967,254043846,9844216,4096
1625724967,254043846,9844224,4096
1625724967,254043846,9844232,4096
1625724967,254043846,9844240,4096
1625724967,254043846,9844248,4096
1625724967,254043846,9844256,4096
1625724967,254043846,9844264,1536
1625724967,255029319,9844267,4096
1625724967,255029319,9844275,4096
1625724967,255029319,9844283,4096
1625724967,255029319,9844291,4096
1625724967,255029319,9844299,4096
1625724967,255029319,9844307,4096
1625724967,255029319,9844315,4096
1625724967,255029319,9844323,4096
1625724967,255029319,9844331,4096
1625724967,255030393,9844339,4096
1625724967,255030393,9844347,4096
1625724967,255030393,9844355,4096
1625724967,255030393,9844363,4096
1625724967,255030393,9844371,4096
1625724967,255030393,9844379,4096
1625724967,255030393,9844387,4096
1625724967,255030393,9844395,4096
1625724967,255031466,9844403,4096
1625724967,255031466,9844411,4096
1625724967,255031466,9844419,4096
1625724967,255031466,9844427,4096
1625724967,255031466,9844435,1536
1625724967,255202153,9844438,4096
1625724967,255202153,9844446,4096
1625724967,255202153,9844454,4096
1625724967,255202153,9844462,4096
1625724967,255202153,9844470,4096
1625724967,255202153,9844478,4096
1625724967,255203226,9844486,4096
1625724967,255203226,9844494,4096
1625724967,255203226,9844502,4096
1625724967,255203226,9844510,4096
1625724967,255203226,9844518,4096
1625724967,255203226,9844526,4096
1625724967,255203226,9844534,4096
1625724967,255203226,9844542,4096
1625724967,255203226,9844550,4096
1625724967,255204300,9844558,4096
1625724967,255204300,9844566,4096
1625724967,255204300,9844574,4096
1625724967,255204300,9844582,4096
1625724967,255204300,9844590,4096
1625724967,255204300,9844598,4096
1625724967,255204300,9844606,1024
1625724967,255278371,9844608,4096
1625724967,255279445,9844616,4096
1625724967,255279445,9844624,4096
1625724967,255279445,9844632,4096
1625724967,255279445,9844640,4096
1625724967,255279445,9844648,4096
1625724967,255279445,9844656,4096
1625724967,255279445,9844664,4096
1625724967,255279445,9844672,4096
1625724967,255279445,9844680,4096
1625724967,255351369,9844688,4096
1625724967,255352443,9844696,4096
1625724967,255352443,9844704,4096
1625724967,255352443,9844712,4096
1625724967,255352443,9844720,4096
1625724967,255352443,9844728,4096
1625724967,255352443,9844736,4096
1625724967,255352443,9844744,4096
1625724967,255352443,9844752,4096
1625724967,255352443,9844760,4096
1625724967,255391089,9844864,4096
1625724967,255391089,9844872,4096
1625724967,255391089,9844880,4096
1625724967,255392162,9844888,4096
1625724967,267183486,44605472,4096
1625724967,267183486,44605480,4096
1625724967,267183486,44605488,4096
1625724967,267184560,44605496,4096
1625724967,267184560,44605504,4096
1625724967,267184560,44605512,4096
1625724967,267184560,44605520,4096
1625724967,267184560,44605528,4096
1625724967,267188854,44618048,4096
1625724967,267188854,44618056,4096
1625724967,267188854,44618064,4096
1625724967,267188854,44618072,4096
1625724967,267189927,44618080,4096
1625724967,267189927,44618088,4096
1625724967,267189927,44618096,4096
1625724967,267189927,44618104,4096
1625724967,273061972,2814016,4096
1625724967,273061972,2814024,4096
1625724967,273061972,2814032,4096
1625724967,273063046,2814040,4096
1625724967,273598722,45339232,4096
1625724967,273598722,45339240,4096
1625724967,273598722,45339248,4096
1625724967,273598722,45339256,4096
1625724967,273598722,45339264,4096
1625724967,273598722,45339272,4096
1625724967,273599796,45339280,4096
1625724967,273599796,45339288,4096
1625724967,273795173,45340224,4096
1625724967,273795173,45340232,4096
1625724967,273795173,45340240,4096
1625724967,273796246,45340248,4096
1625724967,273796246,45340256,4096
1625724967,273796246,45340264,4096
1625724967,273796246,45340272,4096
1625724967,273796246,45340280,4096
1625724967,273949757,45348192,4096
1625724967,273949757,45348200,4096
1625724967,273949757,45348208,4096
1625724967,273950830,45348216,4096
1625724967,273950830,45348224,4096
1625724967,273950830,45348232,4096
1625724967,273950830,45348240,4096
1625724967,273950830,45348248,4096
1625724967,280917845,45385664,4096
1625724967,280917845,45385672,4096
1625724967,280917845,45385680,4096
1625724967,280917845,45385688,4096
1625724967,281279615,45375616,4096
1625724967,281279615,45375624,4096
1625724967,281279615,45375632,4096
1625724967,281279615,45375640,4096
1625724967,281279615,45375648,4096
1625724967,281279615,45375656,4096
1625724967,281279615,45375664,4096
1625724967,281279615,45375672,4096
1625724967,281331143,45385824,4096
1625724967,281332216,45385832,4096
1625724967,281332216,45385840,4096
1625724967,281332216,45385848,4096
1625724967,281332216,45385856,4096
1625724967,281332216,45385864,4096
1625724967,281332216,45385872,4096
1625724967,281332216,45385880,4096
1625724967,281567313,13136192,4096
1625724967,281567313,13136200,4096
1625724967,281567313,13136208,4096
1625724967,281567313,13136216,4096
1625724967,281567313,13136224,4096
1625724967,281568386,13136232,4096
1625724967,281568386,13136240,4096
1625724967,281568386,13136248,4096
1625724967,281568386,13136256,4096
1625724967,281568386,13136264,4096
1625724967,281568386,13136272,4096
1625724967,281568386,13136280,4096
1625724967,281568386,13136288,4096
1625724967,281568386,13136296,4096
1625724967,281569460,13136304,4096
1625724967,281569460,13136312,4096
1625724967,281569460,13136320,4096
1625724967,281569460,13136328,4096
1625724967,281569460,13136336,4096
1625724967,281569460,13136344,4096
1625724967,281569460,13136352,4096
1625724967,281569460,13136360,1536
1625724967,281719750,13136363,4096
1625724967,281719750,13136371,4096
1625724967,281719750,13136379,4096
1625724967,281719750,13136387,4096
1625724967,281719750,13136395,4096
1625724967,281719750,13136403,4096
1625724967,281719750,13136411,4096
1625724967,281720823,13136419,4096
1625724967,281720823,13136427,4096
1625724967,281720823,13136435,4096
1625724967,281720823,13136443,4096
1625724967,281720823,13136451,4096
1625724967,281720823,13136459,4096
1625724967,281720823,13136467,4096
1625724967,281720823,13136475,4096
1625724967,281720823,13136483,4096
1625724967,281721897,13136491,4096
1625724967,281721897,13136499,4096
1625724967,281721897,13136507,4096
1625724967,281721897,13136515,4096
1625724967,281721897,13136523,4096
1625724967,281721897,13136531,1536
1625724967,281887216,13136534,4096
1625724967,281887216,13136542,4096
1625724967,281887216,13136550,4096
1625724967,281887216,13136558,4096
1625724967,281887216,13136566,4096
1625724967,281887216,13136574,4096
1625724967,281887216,13136582,4096
1625724967,281888289,13136590,4096
1625724967,281888289,13136598,4096
1625724967,281888289,13136606,4096
1625724967,281888289,13136614,4096
1625724967,281888289,13136622,4096
1625724967,281888289,13136630,4096
1625724967,281888289,13136638,4096
1625724967,281888289,13136646,4096
1625724967,281888289,13136654,4096
1625724967,281889363,13136662,4096
1625724967,281889363,13136670,4096
1625724967,281889363,13136678,4096
1625724967,281889363,13136686,4096
1625724967,281889363,13136694,4096
1625724967,281889363,13136702,1024
1625724967,281962361,13136704,4096
1625724967,281962361,13136712,4096
1625724967,281962361,13136720,4096
1625724967,281962361,13136728,4096
1625724967,281962361,13136736,4096
1625724967,281963434,13136744,4096
1625724967,281963434,13136752,4096
1625724967,281963434,13136760,4096
1625724967,281963434,13136768,4096
1625724967,281963434,13136776,4096
1625724967,282040726,13136784,4096
1625724967,282040726,13136792,4096
1625724967,282040726,13136800,4096
1625724967,282040726,13136808,4096
1625724967,282041800,13136816,4096
1625724967,282041800,13136824,4096
1625724967,282041800,13136832,4096
1625724967,282041800,13136840,4096
1625724967,282041800,13136848,4096
1625724967,282041800,13136856,4096
1625724968,1025834238,28422144,4096
1625724968,1025834238,28422152,4096
1625724968,1025834238,28422160,4096
1625724968,1025834238,28422168,4096
1625724968,1026591055,28422176,4096
1625724968,1026591055,28422184,4096
1625724968,1026591055,28422192,4096
1625724968,1026591055,28422200,4096
1625724968,1026591055,28422208,4096
1625724968,1026592129,28422216,4096
1625724968,1026592129,28422224,4096
1625724968,1026592129,28422232,4096
1625724968,1026592129,28422240,4096
1625724968,1026592129,28422248,4096
1625724968,1026592129,28422256,4096
1625724968,1026592129,28422264,4096
1625724968,1026592129,28422272,4096
1625724968,1026592129,28422280,4096
1625724968,1026684450,28422288,4096
1625724968,1026684450,28422296,4096
1625724968,1026684450,28422304,4096
1625724968,1026685523,28422312,4096
1625724968,1026685523,28422320,4096
1625724968,1026685523,28422328,4096
1625724968,1026685523,28422336,4096
1625724968,1026685523,28422344,4096
1625724968,1026685523,28422352,4096
1625724968,1026685523,28422360,4096
1625724968,1026685523,28422368,4096
1625724968,1026685523,28422376,4096
1625724968,1026686597,28422384,4096
1625724968,1026686597,28422392,4096
1625724968,1027259846,28422400,4096
1625724968,1027259846,28422408,4096
1625724968,1027259846,28422416,4096
1625724968,1027259846,28422424,4096
1625724968,1027259846,28422432,4096
1625724968,1027259846,28422440,4096
1625724968,1027259846,28422448,4096
1625724968,1027259846,28422456,4096
1625724968,1027260919,28422464,4096
1625724968,1027260919,28422472,4096
1625724968,1027260919,28422480,4096
1625724968,1027260919,28422488,4096
1625724968,1027260919,28422496,4096
1625724968,1027260919,28422504,4096
1625724968,1027260919,28422512,4096
1625724968,1027260919,28422520,4096
1625724968,1027829874,28422528,4096
1625724968,1027829874,28422536,4096
1625724968,1027829874,28422544,4096
1625724968,1027829874,28422552,4096
1625724968,1027829874,28422560,4096
1625724968,1027830948,28422568,4096
1625724968,1027830948,28422576,4096
1625724968,1027830948,28422584,4096
1625724968,1027830948,28422592,4096
1625724968,1027830948,28422600,4096
1625724968,1027830948,28422608,4096
1625724968,1027830948,28422616,4096
1625724968,1027830948,28422624,4096
1625724968,1027830948,28422632,4096
1625724968,1027832021,28422640,4096
1625724968,1027832021,28422648,4096
1625724968,1027943665,28422656,4096
1625724968,1027943665,28422664,4096
1625724968,1027943665,28422672,4096
1625724968,1027943665,28422680,4096
1625724968,1027944739,28422688,4096
1625724968,1027944739,28422696,4096
1625724968,1027944739,28422704,4096
1625724968,1027944739,28422712,4096
1625724968,1027944739,28422720,4096
1625724968,1027944739,28422728,4096
1625724968,1027944739,28422736,4096
1625724968,1027944739,28422744,4096
1625724968,1027945812,28422752,4096
1625724968,1027945812,28422760,4096
1625724968,1027945812,28422768,4096
1625724968,1027945812,28422776,4096
1625724968,1031928497,28422784,4096
1625724968,1031929571,28422792,4096
1625724968,1031929571,28422800,4096
1625724968,1031929571,28422808,4096
1625724968,1031929571,28422816,4096
1625724968,1031929571,28422824,4096
1625724968,1031929571,28422832,4096
1625724968,1031929571,28422840,4096
1625724968,1031929571,28422848,4096
1625724968,1031930644,28422856,4096
1625724968,1031930644,28422864,4096
1625724968,1031930644,28422872,4096
1625724968,1031930644,28422880,4096
1625724968,1031930644,28422888,4096
1625724968,1031930644,28422896,4096
1625724968,1031930644,28422904,4096
1625724968,1032054097,28422912,4096
1625724968,1032054097,28422920,4096
1625724968,1032054097,28422928,4096
1625724968,1032055170,28422936,4096
1625724968,1032055170,28422944,4096
1625724968,1032055170,28422952,4096
1625724968,1032055170,28422960,4096
1625724968,1032055170,28422968,4096
1625724968,1032055170,28422976,4096
1625724968,1032055170,28422984,4096
1625724968,1032055170,28422992,4096
1625724968,1032055170,28423000,4096
1625724968,1032055170,28423008,4096
1625724968,1032056244,28423016,4096
1625724968,1032056244,28423024,4096
1625724968,1032056244,28423032,4096
1625724968,1035857507,28423040,4096
1625724968,1035857507,28423048,4096
1625724968,1035857507,28423056,4096
1625724968,1035857507,28423064,4096
1625724968,1035857507,28423072,4096
1625724968,1035858581,28423080,4096
1625724968,1035858581,28423088,4096
1625724968,1035858581,28423096,4096
1625724968,1035858581,28423104,4096
1625724968,1035858581,28423112,4096
1625724968,1035858581,28423120,4096
1625724968,1035858581,28423128,4096
1625724968,1035858581,28423136,4096
1625724968,1035858581,28423144,4096
1625724968,1035858581,28423152,4096
1625724968,1035859654,28423160,4096
1625724968,1035970225,28423168,4096
1625724968,1035970225,28423176,4096
1625724968,1035970225,28423184,4096
1625724968,1035971298,28423192,4096
1625724968,1035971298,28423200,4096
1625724968,1035971298,28423208,4096
1625724968,1035971298,28423216,4096
1625724968,1035971298,28423224,4096
1625724968,1035971298,28423232,4096
1625724968,1035971298,28423240,4096
1625724968,1035971298,28423248,4096
1625724968,1035972372,28423256,4096
1625724968,1035972372,28423264,4096
1625724968,1035972372,28423272,4096
1625724968,1035972372,28423280,4096
1625724968,1035972372,28423288,4096
1625724968,1039800473,28423296,4096
1625724968,1039800473,28423304,4096
1625724968,1039800473,28423312,4096
1625724968,1039801546,28423320,4096
1625724968,1039801546,28423328,4096
1625724968,1039801546,28423336,4096
1625724968,1039801546,28423344,4096
1625724968,1039801546,28423352,4096
1625724968,1039801546,28423360,4096
1625724968,1039801546,28423368,4096
1625724968,1039801546,28423376,4096
1625724968,1039801546,28423384,4096
1625724968,1039802620,28423392,4096
1625724968,1039802620,28423400,4096
1625724968,1039802620,28423408,4096
1625724968,1039802620,28423416,4096
1625724968,1039914264,28423424,4096
1625724968,1039914264,28423432,4096
1625724968,1039914264,28423440,4096
1625724968,1039914264,28423448,4096
1625724968,1039914264,28423456,4096
1625724968,1039914264,28423464,4096
1625724968,1039914264,28423472,4096
1625724968,1039915337,28423480,4096
1625724968,1039915337,28423488,4096
1625724968,1039915337,28423496,4096
1625724968,1039915337,28423504,4096
1625724968,1039915337,28423512,4096
1625724968,1039915337,28423520,4096
1625724968,1039915337,28423528,4096
1625724968,1039915337,28423536,4096
1625724968,1039915337,28423544,4096
1625724968,1043748806,28423552,4096
1625724968,1043748806,28423560,4096
1625724968,1043748806,28423568,4096
1625724968,1043749879,28423576,4096
1625724968,1043749879,28423584,4096
1625724968,1043749879,28423592,4096
1625724968,1043749879,28423600,4096
1625724968,1043749879,28423608,4096
1625724968,1043749879,28423616,4096
1625724968,1043749879,28423624,4096
1625724968,1043749879,28423632,4096
1625724968,1043749879,28423640,4096
1625724968,1043749879,28423648,4096
1625724968,1043750953,28423656,4096
1625724968,1043750953,28423664,4096
1625724968,1043750953,28423672,4096
1625724968,1043862597,28423680,4096
1625724968,1043862597,28423688,4096
1625724968,1043862597,28423696,4096
1625724968,1043862597,28423704,4096
1625724968,1043862597,28423712,4096
1625724968,1043862597,28423720,4096
1625724968,1043862597,28423728,4096
1625724968,1043863670,28423736,4096
1625724968,1043863670,28423744,4096
1625724968,1043863670,28423752,4096
1625724968,1043863670,28423760,4096
1625724968,1043863670,28423768,4096
1625724968,1043863670,28423776,4096
1625724968,1043863670,28423784,4096
1625724968,1043863670,28423792,4096
1625724968,1043863670,28423800,4096
1625724968,1047746520,28423808,4096
1625724968,1047747593,28423816,4096
1625724968,1047747593,28423824,4096
1625724968,1047747593,28423832,4096
1625724968,1047747593,28423840,4096
1625724968,1047747593,28423848,4096
1625724968,1047747593,28423856,4096
1625724968,1047747593,28423864,4096
1625724968,1047747593,28423872,4096
1625724968,1047747593,28423880,4096
1625724968,1047748667,28423888,4096
1625724968,1047748667,28423896,4096
1625724968,1047748667,28423904,4096
1625724968,1047748667,28423912,4096
1625724968,1047748667,28423920,4096
1625724968,1047748667,28423928,4096
1625724968,1047860311,28423936,4096
1625724968,1047860311,28423944,4096
1625724968,1047860311,28423952,4096
1625724968,1047860311,28423960,4096
1625724968,1047860311,28423968,4096
1625724968,1047861384,28423976,4096
1625724968,1047861384,28423984,4096
1625724968,1047861384,28423992,4096
1625724968,1047861384,28424000,4096
1625724968,1047861384,28424008,4096
1625724968,1047861384,28424016,4096
1625724968,1047861384,28424024,4096
1625724968,1047861384,28424032,4096
1625724968,1047861384,28424040,4096
1625724968,1047862458,28424048,4096
1625724968,1047862458,28424056,4096
1625724968,1051824746,28424064,4096
1625724968,1051824746,28424072,4096
1625724968,1051824746,28424080,4096
1625724968,1051824746,28424088,4096
1625724968,1051824746,28424096,4096
1625724968,1051824746,28424104,4096
1625724968,1051824746,28424112,4096
1625724968,1051825820,28424120,4096
1625724968,1051825820,28424128,4096
1625724968,1051825820,28424136,4096
1625724968,1051825820,28424144,4096
1625724968,1051825820,28424152,4096
1625724968,1051825820,28424160,4096
1625724968,1051825820,28424168,4096
1625724968,1051825820,28424176,4096
1625724968,1051825820,28424184,4096
1625724968,1051942831,28424192,4096
1625724968,1051942831,28424200,4096
1625724968,1051942831,28424208,4096
1625724968,1051942831,28424216,4096
1625724968,1051942831,28424224,4096
1625724968,1051942831,28424232,4096
1625724968,1051942831,28424240,4096
1625724968,1051942831,28424248,4096
1625724968,1051943905,28424256,4096
1625724968,1051943905,28424264,4096
1625724968,1051943905,28424272,4096
1625724968,1051943905,28424280,4096
1625724968,1051943905,28424288,4096
1625724968,1051943905,28424296,4096
1625724968,1051943905,28424304,4096
1625724968,1051943905,28424312,4096
1625724968,1056622218,28424320,4096
1625724968,1056622218,28424328,4096
1625724968,1056622218,28424336,4096
1625724968,1056622218,28424344,4096
1625724968,1056622218,28424352,4096
1625724968,1056623291,28424360,4096
1625724968,1056623291,28424368,4096
1625724968,1056623291,28424376,4096
1625724968,1056623291,28424384,4096
1625724968,1056623291,28424392,4096
1625724968,1056623291,28424400,4096
1625724968,1056623291,28424408,4096
1625724968,1056623291,28424416,4096
1625724968,1056623291,28424424,4096
1625724968,1056623291,28424432,4096
1625724968,1056624365,28424440,4096
1625724968,1056746744,28424448,4096
1625724968,1056746744,28424456,4096
1625724968,1056746744,28424464,4096
1625724968,1056746744,28424472,4096
1625724968,1056747817,28424480,4096
1625724968,1056747817,28424488,4096
1625724968,1056747817,28424496,4096
1625724968,1056747817,28424504,4096
1625724968,1056747817,28424512,4096
1625724968,1056747817,28424520,4096
1625724968,1056747817,28424528,4096
1625724968,1056747817,28424536,4096
1625724968,1056747817,28424544,4096
1625724968,1056748891,28424552,4096
1625724968,1056748891,28424560,4096
1625724968,1056748891,28424568,4096
1625724968,1061586082,28424576,4096
1625724968,1061587155,28424584,4096
1625724968,1061587155,28424592,4096
1625724968,1061587155,28424600,4096
1625724968,1061587155,28424608,4096
1625724968,1061587155,28424616,4096
1625724968,1061587155,28424624,4096
1625724968,1061587155,28424632,4096
1625724968,1061587155,28424640,4096
1625724968,1061588229,28424648,4096
1625724968,1061588229,28424656,4096
1625724968,1061588229,28424664,4096
1625724968,1061588229,28424672,4096
1625724968,1061588229,28424680,4096
1625724968,1061588229,28424688,4096
1625724968,1061588229,28424696,4096
1625724968,1061713828,28424704,4096
1625724968,1061713828,28424712,4096
1625724968,1061713828,28424720,4096
1625724968,1061714902,28424728,4096
1625724968,1061714902,28424736,4096
1625724968,1061714902,28424744,4096
1625724968,1061714902,28424752,4096
1625724968,1061714902,28424760,4096
1625724968,1061714902,28424768,4096
1625724968,1061714902,28424776,4096
1625724968,1061714902,28424784,4096
1625724968,1061714902,28424792,4096
1625724968,1061715975,28424800,4096
1625724968,1061715975,28424808,4096
1625724968,1061715975,28424816,4096
1625724968,1061715975,28424824,4096
1625724968,1066955729,28424832,4096
1625724968,1066955729,28424840,4096
1625724968,1066955729,28424848,4096
1625724968,1066955729,28424856,4096
1625724968,1066955729,28424864,4096
1625724968,1066955729,28424872,4096
1625724968,1066956802,28424880,4096
1625724968,1066956802,28424888,4096
1625724968,1066956802,28424896,4096
1625724968,1066956802,28424904,4096
1625724968,1066956802,28424912,4096
1625724968,1066956802,28424920,4096
1625724968,1066956802,28424928,4096
1625724968,1066956802,28424936,4096
1625724968,1066956802,28424944,4096
1625724968,1066957876,28424952,4096
1625724968,1067074887,28424960,4096
1625724968,1067074887,28424968,4096
1625724968,1067074887,28424976,4096
1625724968,1067074887,28424984,4096
1625724968,1067074887,28424992,4096
1625724968,1067074887,28425000,4096
1625724968,1067075961,28425008,4096
1625724968,1067075961,28425016,4096
1625724968,1067075961,28425024,4096
1625724968,1067075961,28425032,4096
1625724968,1067075961,28425040,4096
1625724968,1067075961,28425048,4096
1625724968,1067075961,28425056,4096
1625724968,1067075961,28425064,4096
1625724968,1067075961,28425072,4096
1625724968,1067075961,28425080,4096
1625724968,1071771450,28425088,4096
1625724968,1071772523,28425096,4096
1625724968,1071772523,28425104,4096
1625724968,1071772523,28425112,4096
1625724968,1071772523,28425120,4096
1625724968,1071772523,28425128,4096
1625724968,1071772523,28425136,4096
1625724968,1071772523,28425144,4096
1625724968,1071773597,28425152,4096
1625724968,1071773597,28425160,4096
1625724968,1071773597,28425168,4096
1625724968,1071773597,28425176,4096
1625724968,1071773597,28425184,4096
1625724968,1071773597,28425192,4096
1625724968,1071773597,28425200,4096
1625724968,1071773597,28425208,4096
1625724968,1071900270,28425216,4096
1625724968,1071900270,28425224,4096
1625724968,1071900270,28425232,4096
1625724968,1071900270,28425240,4096
1625724968,1071900270,28425248,4096
1625724968,1071900270,28425256,4096
1625724968,1071900270,28425264,4096
1625724968,1071900270,28425272,4096
1625724968,1071900270,28425280,4096
1625724968,1071901343,28425288,4096
1625724968,1071901343,28425296,4096
1625724968,1071901343,28425304,4096
1625724968,1071901343,28425312,4096
1625724968,1071901343,28425320,4096
1625724968,1071901343,28425328,4096
1625724968,1071901343,28425336,4096
1625724968,904215276,48936904,4096
1625724968,904847567,1303976,4096
1625724968,904847567,1303984,4096
1625724968,904847567,1303992,2048
1625724968,994499846,6848232,4096
1625724969,10269673,28425856,4096
1625724969,10269673,28425864,4096
1625724969,10270746,28425872,4096
1625724969,10270746,28425880,4096
1625724969,10270746,28425888,4096
1625724969,10270746,28425896,4096
1625724969,10270746,28425904,4096
1625724969,10270746,28425912,4096
1625724969,10270746,28425920,4096
1625724969,10270746,28425928,4096
1625724969,10270746,28425936,4096
1625724969,10271820,28425944,4096
1625724969,10271820,28425952,4096
1625724969,10271820,28425960,4096
1625724969,10271820,28425968,4096
1625724969,10271820,28425976,4096
1625724969,10384537,28425984,4096
1625724969,10385611,28425992,4096
1625724969,10385611,28426000,4096
1625724969,10385611,28426008,4096
1625724969,10385611,28426016,4096
1625724969,10385611,28426024,4096
1625724969,10385611,28426032,4096
1625724969,10385611,28426040,4096
1625724969,10385611,28426048,4096
1625724969,10385611,28426056,4096
1625724969,10385611,28426064,4096
1625724969,10386684,28426072,4096
1625724969,10386684,28426080,4096
1625724969,10386684,28426088,4096
1625724969,10386684,28426096,4096
1625724969,10386684,28426104,4096
1625724969,14200830,28426112,4096
1625724969,14200830,28426120,4096
1625724969,14200830,28426128,4096
1625724969,14200830,28426136,4096
1625724969,14201903,28426144,4096
1625724969,14201903,28426152,4096
1625724969,14201903,28426160,4096
1625724969,14201903,28426168,4096
1625724969,14201903,28426176,4096
1625724969,14201903,28426184,4096
1625724969,14201903,28426192,4096
1625724969,14201903,28426200,4096
1625724969,14201903,28426208,4096
1625724969,14202977,28426216,4096
1625724969,14202977,28426224,4096
1625724969,14202977,28426232,4096
1625724969,14313547,28426240,4096
1625724969,14313547,28426248,4096
1625724969,14313547,28426256,4096
1625724969,14313547,28426264,4096
1625724969,14314621,28426272,4096
1625724969,14314621,28426280,4096
1625724969,14314621,28426288,4096
1625724969,14314621,28426296,4096
1625724969,14314621,28426304,4096
1625724969,14314621,28426312,4096
1625724969,14314621,28426320,4096
1625724969,14314621,28426328,4096
1625724969,14314621,28426336,4096
1625724969,14315694,28426344,4096
1625724969,14315694,28426352,4096
1625724969,14315694,28426360,4096
1625724969,18125546,28426368,4096
1625724969,18125546,28426376,4096
1625724969,18125546,28426384,4096
1625724969,18125546,28426392,4096
1625724969,18125546,28426400,4096
1625724969,18126619,28426408,4096
1625724969,18126619,28426416,4096
1625724969,18126619,28426424,4096
1625724969,18126619,28426432,4096
1625724969,18126619,28426440,4096
1625724969,18126619,28426448,4096
1625724969,18126619,28426456,4096
1625724969,18126619,28426464,4096
1625724969,18126619,28426472,4096
1625724969,18127693,28426480,4096
1625724969,18127693,28426488,4096
1625724969,18239337,28426496,4096
1625724969,18239337,28426504,4096
1625724969,18239337,28426512,4096
1625724969,18239337,28426520,4096
1625724969,18239337,28426528,4096
1625724969,18239337,28426536,4096
1625724969,18239337,28426544,4096
1625724969,18239337,28426552,4096
1625724969,18240410,28426560,4096
1625724969,18240410,28426568,4096
1625724969,18240410,28426576,4096
1625724969,18240410,28426584,4096
1625724969,18240410,28426592,4096
1625724969,18240410,28426600,4096
1625724969,18240410,28426608,4096
1625724969,18240410,28426616,4096
1625724969,22195184,28426624,4096
1625724969,22195184,28426632,4096
1625724969,22195184,28426640,4096
1625724969,22195184,28426648,4096
1625724969,22195184,28426656,4096
1625724969,22195184,28426664,4096
1625724969,22195184,28426672,4096
1625724969,22195184,28426680,4096
1625724969,22196258,28426688,4096
1625724969,2239893,28425344,4096
1625724969,2239893,28425352,4096
1625724969,2239893,28425360,4096
1625724969,2239893,28425368,4096
1625724969,2239893,28425376,4096
1625724969,2239893,28425384,4096
1625724969,2239893,28425392,4096
1625724969,2240966,28425400,4096
1625724969,2240966,28425408,4096
1625724969,2240966,28425416,4096
1625724969,2240966,28425424,4096
1625724969,2240966,28425432,4096
1625724969,2240966,28425440,4096
1625724969,2240966,28425448,4096
1625724969,2240966,28425456,4096
1625724969,2240966,28425464,4096
1625724969,2353684,28425472,4096
1625724969,2353684,28425480,4096
1625724969,2353684,28425488,4096
1625724969,2353684,28425496,4096
1625724969,2353684,28425504,4096
1625724969,2353684,28425512,4096
1625724969,2353684,28425520,4096
1625724969,2353684,28425528,4096
1625724969,2354757,28425536,4096
1625724969,2354757,28425544,4096
1625724969,2354757,28425552,4096
1625724969,2354757,28425560,4096
1625724969,2354757,28425568,4096
1625724969,2354757,28425576,4096
1625724969,2354757,28425584,4096
1625724969,2354757,28425592,4096
1625724969,244098369,13136960,4096
1625724969,244098369,13136968,4096
1625724969,244099443,13136976,4096
1625724969,244099443,13136984,4096
1625724969,246610359,45474304,4096
1625724969,246610359,45474312,4096
1625724969,246610359,45474320,4096
1625724969,246610359,45474328,4096
1625724969,246610359,45474336,4096
1625724969,246610359,45474344,4096
1625724969,246610359,45474352,4096
1625724969,246611433,45474360,4096
1625724969,246880881,2817440,4096
1625724969,246880881,2817448,4096
1625724969,246880881,2817456,4096
1625724969,246880881,2817464,4096
1625724969,247497070,45474368,4096
1625724969,247497070,45474376,4096
1625724969,247497070,45474384,4096
1625724969,247498144,45474392,4096
1625724969,247743975,45542272,4096
1625724969,247743975,45542280,4096
1625724969,247743975,45542288,4096
1625724969,247743975,45542296,4096
1625724969,247743975,45542304,4096
1625724969,247743975,45542312,4096
1625724969,247745049,45542320,4096
1625724969,247745049,45542328,4096
1625724969,247745049,45542336,4096
1625724969,247745049,45542344,4096
1625724969,247745049,45542352,4096
1625724969,247745049,45542360,4096
1625724969,247879236,10238816,4096
1625724969,247879236,10238824,4096
1625724969,247879236,10238832,4096
1625724969,247879236,10238840,4096
1625724969,247879236,10238848,4096
1625724969,247879236,10238856,4096
1625724969,247879236,10238864,4096
1625724969,247880310,10238872,4096
1625724969,247880310,10238880,4096
1625724969,247880310,10238888,4096
1625724969,247880310,10238896,4096
1625724969,247880310,10238904,4096
1625724969,248754139,45384320,4096
1625724969,248754139,45384328,4096
1625724969,248754139,45384336,4096
1625724969,248754139,45384344,4096
1625724969,248754139,45384352,4096
1625724969,248754139,45384360,4096
1625724969,248754139,45384368,4096
1625724969,248754139,45384376,4096
1625724969,248755212,45384384,4096
1625724969,248755212,45384392,4096
1625724969,248755212,45384400,4096
1625724969,248755212,45384408,4096
1625724969,248755212,45384416,4096
1625724969,248755212,45384424,4096
1625724969,248755212,45384432,4096
1625724969,248755212,45384440,4096
1625724969,248936634,10244864,4096
1625724969,248936634,10244872,4096
1625724969,248936634,10244880,4096
1625724969,248936634,10244888,4096
1625724969,248936634,10244896,4096
1625724969,248937707,10244904,4096
1625724969,248937707,10244912,4096
1625724969,248937707,10244920,4096
1625724969,248937707,10244928,4096
1625724969,248937707,10244936,4096
1625724969,248937707,10244944,4096
1625724969,248937707,10244952,4096
1625724969,248937707,10244960,4096
1625724969,248937707,10244968,4096
1625724969,248938781,10244976,4096
1625724969,248938781,10244984,4096
1625724969,248938781,10244992,4096
1625724969,248938781,10245000,4096
1625724969,248938781,10245008,4096
1625724969,248938781,10245016,4096
1625724969,248938781,10245024,4096
1625724969,248938781,10245032,1536
1625724969,249098732,10245035,4096
1625724969,249098732,10245043,4096
1625724969,249098732,10245051,4096
1625724969,249099806,10245059,4096
1625724969,249099806,10245067,4096
1625724969,249099806,10245075,4096
1625724969,249099806,10245083,4096
1625724969,249099806,10245091,4096
1625724969,249099806,10245099,4096
1625724969,249099806,10245107,4096
1625724969,249099806,10245115,4096
1625724969,249099806,10245123,4096
1625724969,249100879,10245131,4096
1625724969,249100879,10245139,4096
1625724969,249100879,10245147,4096
1625724969,249100879,10245155,4096
1625724969,249100879,10245163,4096
1625724969,249100879,10245171,4096
1625724969,249100879,10245179,4096
1625724969,249100879,10245187,4096
1625724969,249100879,10245195,4096
1625724969,249101953,10245203,1536
1625724969,249289815,10245206,4096
1625724969,249289815,10245214,4096
1625724969,249290889,10245222,4096
1625724969,249290889,10245230,4096
1625724969,249290889,10245238,4096
1625724969,249290889,10245246,4096
1625724969,249290889,10245254,4096
1625724969,249290889,10245262,4096
1625724969,249290889,10245270,4096
1625724969,249290889,10245278,4096
1625724969,249291962,10245286,4096
1625724969,249291962,10245294,4096
1625724969,249291962,10245302,4096
1625724969,249291962,10245310,4096
1625724969,249291962,10245318,4096
1625724969,249291962,10245326,4096
1625724969,249291962,10245334,4096
1625724969,249291962,10245342,4096
1625724969,249291962,10245350,4096
1625724969,249293036,10245358,4096
1625724969,249293036,10245366,4096
1625724969,249293036,10245374,1024
1625724969,249404680,10245376,4096
1625724969,249404680,10245384,4096
1625724969,249404680,10245392,4096
1625724969,249405753,10245400,4096
1625724969,249405753,10245408,4096
1625724969,249405753,10245416,4096
1625724969,249405753,10245424,4096
1625724969,249405753,10245432,4096
1625724969,249405753,10245440,4096
1625724969,249405753,10245448,4096
1625724969,249405753,10245456,4096
1625724969,249405753,10245464,4096
1625724969,249406827,10245472,4096
1625724969,249406827,10245480,4096
1625724969,249406827,10245488,4096
1625724969,249406827,10245496,4096
1625724969,249406827,10245504,4096
1625724969,249406827,10245512,4096
1625724969,250602706,10245520,4096
1625724969,250602706,10245528,4096
1625724969,250602706,10245536,4096
1625724969,250602706,10245544,4096
1625724969,250602706,10245552,4096
1625724969,250602706,10245560,4096
1625724969,250603779,10245568,4096
1625724969,250603779,10245576,4096
1625724969,250603779,10245584,4096
1625724969,250603779,10245592,4096
1625724969,250603779,10245600,4096
1625724969,250603779,10245608,4096
1625724969,250603779,10245616,4096
1625724969,250603779,10245624,4096
1625724969,250603779,10245632,4096
1625724969,250604853,10245640,4096
1625724969,250604853,10245648,4096
1625724969,250604853,10245656,4096
1625724969,250974137,10239296,4096
1625724969,250974137,10239304,4096
1625724969,250974137,10239312,4096
1625724969,250974137,10239320,4096
1625724969,250974137,10239328,4096
1625724969,250974137,10239336,4096
1625724969,250975210,10239344,4096
1625724969,250975210,10239352,4096
1625724969,250975210,10239360,4096
1625724969,250975210,10239368,4096
1625724969,250975210,10239376,4096
1625724969,250975210,10239384,4096
1625724969,251245732,27810720,4096
1625724969,251246806,27810728,4096
1625724969,251246806,27810736,4096
1625724969,251246806,27810744,4096
1625724969,251246806,27810752,4096
1625724969,251246806,27810760,4096
1625724969,251246806,27810768,4096
1625724969,251247879,27810776,4096
1625724969,251247879,27810784,4096
1625724969,251247879,27810792,4096
1625724969,251247879,27810800,4096
1625724969,251247879,27810808,4096
1625724969,251247879,27810816,4096
1625724969,251247879,27810824,4096
1625724969,251247879,27810832,4096
1625724969,251247879,27810840,4096
1625724969,251248953,27810848,4096
1625724969,251248953,27810856,4096
1625724969,251248953,27810864,4096
1625724969,251248953,27810872,4096
1625724969,251248953,27810880,4096
1625724969,251248953,27810888,1536
1625724969,252263410,27810891,4096
1625724969,252263410,27810899,4096
1625724969,252263410,27810907,4096
1625724969,252263410,27810915,4096
1625724969,252263410,27810923,4096
1625724969,252263410,27810931,4096
1625724969,252264484,27810939,4096
1625724969,252264484,27810947,4096
1625724969,252264484,27810955,4096
1625724969,252264484,27810963,4096
1625724969,252264484,27810971,4096
1625724969,252264484,27810979,4096
1625724969,252264484,27810987,4096
1625724969,252264484,27810995,4096
1625724969,252264484,27811003,4096
1625724969,252265557,27811011,4096
1625724969,252265557,27811019,4096
1625724969,252265557,27811027,4096
1625724969,252265557,27811035,4096
1625724969,252265557,27811043,4096
1625724969,252265557,27811051,4096
1625724969,252265557,27811059,1536
1625724969,252426582,27811062,4096
1625724969,252427656,27811070,4096
1625724969,252427656,27811078,4096
1625724969,252427656,27811086,4096
1625724969,252427656,27811094,4096
1625724969,252427656,27811102,4096
1625724969,252427656,27811110,4096
1625724969,252427656,27811118,4096
1625724969,252427656,27811126,4096
1625724969,252427656,27811134,4096
1625724969,252428729,27811142,4096
1625724969,252428729,27811150,4096
1625724969,252428729,27811158,4096
1625724969,252428729,27811166,4096
1625724969,252428729,27811174,4096
1625724969,252428729,27811182,4096
1625724969,252428729,27811190,4096
1625724969,252428729,27811198,4096
1625724969,252429803,27811206,4096
1625724969,252429803,27811214,4096
1625724969,252429803,27811222,4096
1625724969,252429803,27811230,1024
1625724969,252585460,27811232,4096
1625724969,252586534,27811240,4096
1625724969,252586534,27811248,4096
1625724969,252586534,27811256,4096
1625724969,252586534,27811264,4096
1625724969,252586534,27811272,4096
1625724969,252586534,27811280,4096
1625724969,252586534,27811288,4096
1625724969,252586534,27811296,4096
1625724969,252587607,27811304,4096
1625724969,252587607,27811312,4096
1625724969,252587607,27811320,4096
1625724969,252587607,27811328,4096
1625724969,252587607,27811336,4096
1625724969,252587607,27811344,4096
1625724969,252587607,27811352,4096
1625724969,252587607,27811360,4096
1625724969,252587607,27811368,4096
1625724969,252588681,27811376,4096
1625724969,252588681,27811384,4096
1625724969,252737897,27811392,4096
1625724969,252737897,27811400,4096
1625724969,252737897,27811408,4096
1625724969,252737897,27811416,4096
1625724969,252737897,27811424,4096
1625724969,252738971,27811432,4096
1625724969,252738971,27811440,4096
1625724969,252738971,27811448,4096
1625724969,252738971,27811456,4096
1625724969,252738971,27811464,4096
1625724969,252738971,27811472,4096
1625724969,252738971,27811480,4096
1625724969,252738971,27811488,4096
1625724969,252738971,27811496,4096
1625724969,252740044,27811504,4096
1625724969,252740044,27811512,4096
1625724969,252740044,27811520,4096
1625724969,252740044,27811528,4096
1625724969,252740044,27811536,4096
1625724969,252740044,27811544,4096
1625724969,279935020,45591616,4096
1625724969,279935020,45591624,4096
1625724969,279935020,45591632,4096
1625724969,279935020,45591640,4096
1625724969,279936093,45591648,4096
1625724969,279936093,45591656,4096
1625724969,279936093,45591664,4096
1625724969,279936093,45591672,4096
1625724969,279936093,45591680,4096
1625724969,279936093,45591688,4096
1625724969,279936093,45591696,4096
1625724969,279936093,45591704,4096
1625724969,279936093,45591712,4096
1625724969,279937167,45591720,4096
1625724969,279937167,45591728,4096
1625724969,279937167,45591736,4096
1625724969,614276595,6850208,4096
1625724969,6205402,28425600,4096
1625724969,6205402,28425608,4096
1625724969,6205402,28425616,4096
1625724969,6205402,28425624,4096
1625724969,6205402,28425632,4096
1625724969,6205402,28425640,4096
1625724969,6205402,28425648,4096
1625724969,6206475,28425656,4096
1625724969,6206475,28425664,4096
1625724969,6206475,28425672,4096
1625724969,6206475,28425680,4096
1625724969,6206475,28425688,4096
1625724969,6206475,28425696,4096
1625724969,6206475,28425704,4096
1625724969,6206475,28425712,4096
1625724969,6206475,28425720,4096
1625724969,6318119,28425728,4096
1625724969,6318119,28425736,4096
1625724969,6318119,28425744,4096
1625724969,6318119,28425752,4096
1625724969,6318119,28425760,4096
1625724969,6319193,28425768,4096
1625724969,6319193,28425776,4096
1625724969,6319193,28425784,4096
1625724969,6319193,28425792,4096
1625724969,6319193,28425800,4096
1625724969,6319193,28425808,4096
1625724969,6319193,28425816,4096
1625724969,6319193,28425824,4096
1625724969,6319193,28425832,4096
1625724969,6320266,28425840,4096
1625724969,6320266,28425848,4096
1625724971,111706262,1863075,4096
1625724971,111707335,1863083,4096
1625724971,111707335,1863091,4096
1625724971,111707335,1863099,4096
1625724971,111707335,1863107,4096
1625724971,111707335,1863115,4096
1625724971,111707335,1863123,4096
1625724971,111707335,1863131,4096
1625724971,112397596,1866609,4096
1625724971,112397596,1866617,4096
1625724971,112397596,1866625,4096
1625724971,112993388,1867373,4096
1625724971,112993388,1867381,4096
1625724971,113634268,48943352,4096
1625724971,114232207,2287912,4096
1625724971,114783986,2291537,4096
1625724971,114783986,2291545,4096
1625724971,114783986,2291553,4096
1625724971,114783986,2291561,4096
1625724971,115289605,2291569,4096
1625724971,115289605,2291577,4096
1625724971,115289605,2291585,512
1625724971,116083995,2290874,4096
1625724971,116083995,2290882,4096
1625724971,116083995,2290890,4096
1625724971,116083995,2290898,4096
1625724971,116646509,2290350,4096
1625724971,116646509,2290358,4096
1625724971,116646509,2290366,4096
1625724971,116646509,2290374,4096
1625724971,117224052,2290022,4096
1625724971,117224052,2290030,4096
1625724971,117224052,2290038,4096
1625724971,117224052,2290046,4096
1625724971,117911092,2288338,4096
1625724971,117912165,2288346,4096
1625724971,117912165,2288354,4096
1625724971,117912165,2288362,4096
1625724971,117912165,2288370,4096
1625724971,117912165,2288378,4096
1625724971,117912165,2288386,4096
1625724971,117912165,2288394,4096
1625724971,118551971,2288746,4096
1625724971,118551971,2288754,4096
1625724971,118553045,2288762,4096
1625724971,118553045,2288770,4096
1625724971,118553045,2288778,4096
1625724971,118553045,2288786,4096
1625724971,118553045,2288794,4096
1625724971,118553045,2288802,4096
1625724971,119286245,2289298,4096
1625724971,119286245,2289306,4096
1625724971,119286245,2289314,4096
1625724971,119286245,2289322,4096
1625724971,119286245,2289330,4096
1625724971,119286245,2289338,4096
1625724971,119287319,2289346,4096
1625724971,119287319,2289354,4096
1625724971,119924978,2290543,4096
1625724971,119924978,2290551,4096
1625724971,119924978,2290559,4096
1625724971,119924978,2290567,4096
1625724971,120565857,2288898,4096
1625724971,120565857,2288906,4096
1625724971,120565857,2288914,4096
1625724971,120565857,2288922,4096
1625724971,120565857,2288930,4096
1625724971,120565857,2288938,4096
1625724971,120565857,2288946,4096
1625724971,120566931,2288954,4096
1625724971,121270073,2288034,4096
1625724971,121271147,2288042,4096
1625724971,121271147,2288050,4096
1625724971,121271147,2288058,4096
1625724971,121271147,2288066,4096
1625724971,121271147,2288074,4096
1625724971,121271147,2288082,4096
1625724971,121271147,2288090,4096
1625724971,121814338,2290527,4096
1625724971,121814338,2290535,4096
1625724971,123013437,2287938,4096
1625724971,123013437,2287946,4096
1625724971,123013437,2287954,4096
1625724971,123013437,2287962,4096
1625724971,123013437,2287970,4096
1625724971,123013437,2287978,4096
1625724971,123014511,2287986,4096
1625724971,123014511,2287994,4096
1625724971,123700477,2289194,4096
1625724971,123700477,2289202,4096
1625724971,123700477,2289210,4096
1625724971,123700477,2289218,4096
1625724971,123700477,2289226,4096
1625724971,123700477,2289234,4096
1625724971,123701551,2289242,4096
1625724971,123701551,2289250,4096
1625724971,124319887,2289018,4096
1625724971,124319887,2289026,4096
1625724971,124319887,2289034,4096
1625724971,124319887,2289042,4096
1625724971,124319887,2289050,4096
1625724971,124319887,2289058,4096
1625724971,124319887,2289066,4096
1625724971,124319887,2289074,4096
1625724971,124853416,2288962,4096
1625724971,124853416,2288970,4096
1625724971,124854490,2288978,4096
1625724971,124854490,2288986,4096
1625724971,124854490,2288994,4096
1625724971,124854490,2289002,4096
1625724971,124854490,2289010,4096
1625724971,125469605,2288562,4096
1625724971,125469605,2288570,4096
1625724971,125469605,2288578,4096
1625724971,125469605,2288586,4096
1625724971,125469605,2288594,4096
1625724971,125469605,2288602,4096
1625724971,125469605,2288610,4096
1625724971,125469605,2288618,4096
1625724971,125982738,2290575,4096
1625724971,125982738,2290583,4096
1625724971,125982738,2290591,4096
1625724971,125982738,2290599,4096
1625724971,126632206,2289130,4096
1625724971,126632206,2289138,4096
1625724971,126632206,2289146,4096
1625724971,126632206,2289154,4096
1625724971,126633279,2289162,4096
1625724971,126633279,2289170,4096
1625724971,126633279,2289178,4096
1625724971,126633279,2289186,4096
1625724971,127277379,2288426,4096
1625724971,127278453,2288434,4096
1625724971,127278453,2288442,4096
1625724971,127278453,2288450,4096
1625724971,127278453,2288458,4096
1625724971,127278453,2288466,4096
1625724971,127278453,2288474,4096
1625724971,127278453,2288482,4096
1625724971,127874245,2290615,4096
1625724971,127874245,2290623,4096
1625724971,127874245,2290631,4096
1625724971,127874245,2290639,4096
1625724971,128476479,2289082,4096
1625724971,128476479,2289090,4096
1625724971,128476479,2289098,4096
1625724971,128476479,2289106,4096
1625724971,128476479,2289114,4096
1625724971,128476479,2289122,4096
1625724971,129044360,2288498,4096
1625724971,129044360,2288506,4096
1625724971,129044360,2288514,4096
1625724971,129044360,2288522,4096
1625724971,129044360,2288530,4096
1625724971,129044360,2288538,4096
1625724971,129044360,2288546,4096
1625724971,129044360,2288554,4096
1625724971,129580037,2290214,4096
1625724971,129580037,2290222,4096
1625724971,129580037,2290230,4096
1625724971,129580037,2290238,4096
1625724971,130040568,2290647,4096
1625724971,130040568,2290655,4096
1625724971,130040568,2290663,4096
1625724971,130041642,2290671,3072
1625724971,130699697,2289442,4096
1625724971,130699697,2289450,4096
1625724971,130699697,2289458,4096
1625724971,130700771,2289466,4096
1625724971,130700771,2289474,4096
1625724971,130700771,2289482,4096
1625724971,130700771,2289490,4096
1625724971,130700771,2289498,4096
1625724971,131299784,2287914,4096
1625724971,131299784,2287922,4096
1625724971,131299784,2287930,4096
1625724971,131922414,2288098,4096
1625724971,131922414,2288106,4096
1625724971,131922414,2288114,4096
1625724971,131922414,2288122,4096
1625724971,131922414,2288130,4096
1625724971,131922414,2288138,4096
1625724971,131922414,2288146,4096
1625724971,131923487,2288154,4096
1625724971,132548264,2288834,4096
1625724971,132548264,2288842,4096
1625724971,132548264,2288850,4096
1625724971,132549338,2288858,4096
1625724971,132549338,2288866,4096
1625724971,132549338,2288874,4096
1625724971,132549338,2288882,4096
1625724971,132549338,2288890,4096
1625724971,133202026,2288274,4096
1625724971,133202026,2288282,4096
1625724971,133202026,2288290,4096
1625724971,133202026,2288298,4096
1625724971,133202026,2288306,4096
1625724971,133202026,2288314,4096
1625724971,133202026,2288322,4096
1625724971,133202026,2288330,4096
1625724971,133821435,2288634,4096
1625724971,133821435,2288642,4096
1625724971,133821435,2288650,4096
1625724971,133822509,2288658,4096
1625724971,133822509,2288666,4096
1625724971,133822509,2288674,4096
1625724971,133822509,2288682,4096
1625724971,133822509,2288690,4096
1625724971,134423669,2288210,4096
1625724971,134423669,2288218,4096
1625724971,134424742,2288226,4096
1625724971,134424742,2288234,4096
1625724971,134424742,2288242,4096
1625724971,134424742,2288250,4096
1625724971,134424742,2288258,4096
1625724971,134424742,2288266,4096
1625724971,135005506,2291194,4096
1625724971,135006579,2291202,4096
1625724971,135006579,2291210,4096
1625724971,135006579,2291218,4096
1625724971,135511124,2290302,4096
1625724971,135512198,2290310,4096
1625724971,135512198,2290318,4096
1625724971,135512198,2290326,4096
1625724971,136046801,6814576,4096
1625724971,136581404,499336,2048
1625724971,137166461,2288002,4096
1625724971,137167535,2288010,4096
1625724971,137167535,2288018,4096
1625724971,137167535,2288026,4096
1625724971,137673153,2290134,4096
1625724971,137673153,2290142,4096
1625724971,137673153,2290150,4096
1625724971,137673153,2290158,4096
1625724971,138254990,2288162,4096
1625724971,138254990,2288170,4096
1625724971,138254990,2288178,4096
1625724971,138254990,2288186,4096
1625724971,138256064,2288194,4096
1625724971,138256064,2288202,4096
1625724971,139471266,2289258,4096
1625724971,139472339,2289266,4096
1625724971,139472339,2289274,4096
1625724971,139472339,2289282,4096
1625724971,139472339,2289290,4096
1625724971,140013383,2290086,4096
1625724971,140013383,2290094,4096
1625724971,140013383,2290102,4096
1625724971,140013383,2290110,4096
1625724971,140497532,2290182,4096
1625724971,140497532,2290190,4096
1625724971,140497532,2290198,4096
1625724971,140497532,2290206,4096
1625724971,140937667,2290246,4096
1625724971,140937667,2290254,4096
1625724971,140938740,2290262,4096
1625724971,140938740,2290270,4096
1625724971,141364920,2290166,4096
1625724971,141364920,2290174,4096
1625724971,141779291,2290278,4096
1625724971,141779291,2290286,4096
1625724971,141779291,2290294,4096
1625724971,142474919,2288698,4096
1625724971,142474919,2288706,4096
1625724971,142474919,2288714,4096
1625724971,142474919,2288722,4096
1625724971,142474919,2288730,4096
1625724971,142474919,2288738,4096
1625724971,143073932,2289626,4096
1625724971,143073932,2289634,4096
1625724971,143073932,2289642,4096
1625724971,143075005,2289650,4096
1625724971,143075005,2289658,4096
1625724971,143075005,2289666,4096
1625724971,143075005,2289674,4096
1625724971,143075005,2289682,4096
1625724971,143552713,2288626,4096
1625724971,144319192,2289562,4096
1625724971,144319192,2289570,4096
1625724971,144319192,2289578,4096
1625724971,144319192,2289586,4096
1625724971,144319192,2289594,4096
1625724971,144319192,2289602,4096
1625724971,144319192,2289610,4096
1625724971,144319192,2289618,4096
1625724971,145161889,2290054,4096
1625724971,145162963,2290062,4096
1625724971,145162963,2290070,4096
1625724971,145162963,2290078,4096
1625724971,146586424,1866849,4096
1625724971,146587497,1866857,4096
1625724971,146587497,1866865,4096
1625724971,146587497,1866873,4096
1625724971,147142497,1865219,4096
1625724971,147142497,1865227,4096
1625724971,147142497,1865235,4096
1625724971,147143570,1865243,4096
1625724971,147143570,1865251,4096
1625724971,147143570,1865259,4096
1625724971,147873550,1866545,4096
1625724971,147873550,1866553,4096
1625724971,147873550,1866561,4096
1625724971,147873550,1866569,4096
1625724971,148421035,49171944,4096
1625724971,148992137,611096,4096
1625724971,148992137,611104,3584
1625724971,149803703,1863011,4096
1625724971,149804777,1863019,4096
1625724971,149804777,1863027,4096
1625724971,149804777,1863035,4096
1625724971,149804777,1863043,4096
1625724971,149804777,1863051,4096
1625724971,149804777,1863059,4096
1625724971,149804777,1863067,4096
1625724971,150435995,1649376,4096
1625724971,150435995,1649384,4096
1625724971,150435995,1649392,4096
1625724971,150435995,1649400,4096
1625724971,150437068,1649408,4096
1625724971,150437068,1649416,4096
1625724971,150437068,1649424,4096
1625724971,150437068,1649432,4096
1625724971,150974892,2735818,4096
1625724971,150974892,2735826,4096
1625724971,151674814,1863203,4096
1625724971,151675887,1863211,4096
1625724971,151675887,1863219,4096
1625724971,151675887,1863227,4096
1625724971,152240548,1649504,4096
1625724971,152240548,1649512,4096
1625724971,152240548,1649520,4096
1625724971,152241622,1649528,4096
1625724971,152241622,1649536,4096
1625724971,152241622,1649544,4096
1625724971,152241622,1649552,4096
1625724971,152241622,1649560,4096
1625724971,153276476,1863971,4096
1625724971,153276476,1863979,4096
1625724971,154013970,1864179,4096
1625724971,154015044,1864187,4096
1625724971,154015044,1864195,4096
1625724971,154015044,1864203,4096
1625724971,154015044,1864211,4096
1625724971,154015044,1864219,4096
1625724971,154015044,1864227,4096
1625724971,154015044,1864235,4096
1625724971,154555014,1866529,4096
1625724971,154555014,1866537,4096
1625724971,155058486,1864147,4096
1625724971,155058486,1864155,4096
1625724971,155058486,1864163,4096
1625724971,155059559,1864171,4096
1625724971,156660148,1866473,4096
1625724971,156660148,1866481,4096
1625724971,156660148,1866489,4096
1625724971,161130202,3513024,4096
1625724971,161131275,3513032,4096
1625724971,161546720,3513056,4096
1625724971,161547793,3513064,4096
1625724971,162066294,3512224,4096
1625724971,162067367,3512232,4096
1625724971,166238988,500608,4096
1625724971,166238988,500616,4096
1625724971,166238988,500624,4096
1625724971,166238988,500632,4096
1625724971,166238988,500640,4096
1625724971,166240062,500648,4096
1625724971,166240062,500656,4096
1625724971,166240062,500664,4096
1625724971,166240062,500672,4096
1625724971,166240062,500680,4096
1625724971,166240062,500688,1024
1625724971,166845516,6836800,4096
1625724971,167718271,480440,4096
1625724971,167718271,480448,4096
1625724971,167719345,480456,4096
1625724971,168980707,2320000,4096
1625724971,169136365,1410872,4096
1625724971,169206142,3066616,4096
1625724971,169513163,1019712,4096
1625724971,169835213,3243184,4096
1625724971,170015561,1884984,4096
1625724971,170332244,1458264,4096
1625724971,170450329,1978576,4096
1625724971,170743394,1397216,4096
1625724971,171069738,986312,4096
1625724971,171286585,1099976,4096
1625724971,171519535,970872,4096
1625724971,171828703,953568,4096
1625724971,172093857,1007128,4096
1625724971,172549021,2384520,4096
1625724971,172609137,2512112,4096
1625724971,172778750,1563376,4096
1625724971,173023508,3089944,4096
1625724971,173368102,3090256,1536
1625724971,197989898,2514673,4096
1625724971,197990971,2514681,4096
1625724971,198628630,2513124,4096
1625724971,198628630,2513132,4096
1625724971,198628630,2513140,4096
1625724971,198628630,2513148,4096
1625724971,198629704,2513156,4096
1625724971,198629704,2513164,4096
1625724971,198629704,2513172,4096
1625724971,198629704,2513180,4096
1625724971,200692971,6815904,4096
1625724971,201246897,775320,4096
1625724971,201766471,775327,1536
1625724971,202117505,775322,2560
1625724971,203692330,2607458,4096
1625724971,203692330,2607466,4096
1625724971,203692330,2607474,4096
1625724971,203692330,2607482,4096
1625724971,203692330,2607490,4096
1625724971,203692330,2607498,4096
1625724971,203692330,2607506,4096
1625724971,203693403,2607514,4096
1625724971,208155943,6812816,4096
1625724971,208913834,1268128,4096
1625724971,208913834,1268136,4096
1625724971,208913834,1268144,4096
1625724971,208913834,1268152,4096
1625724971,208914907,1268160,4096
1625724971,208914907,1268168,4096
1625724971,208914907,1268176,4096
1625724971,208914907,1268184,4096
1625724971,209765119,1268440,4096
1625724971,209765119,1268448,4096
1625724971,209765119,1268456,4096
1625724971,209765119,1268464,4096
1625724971,209765119,1268472,4096
1625724971,209765119,1268480,4096
1625724971,209766193,1268488,4096
1625724971,209766193,1268496,2560
1625724971,210967439,1268192,4096
1625724971,210967439,1268200,4096
1625724971,210967439,1268208,4096
1625724971,210968513,1268216,4096
1625724971,210968513,1268224,4096
1625724971,210968513,1268232,4096
1625724971,210968513,1268240,4096
1625724971,210968513,1268248,4096
1625724971,213432195,1268256,4096
1625724971,213433269,1268264,4096
1625724971,213433269,1268272,4096
1625724971,213433269,1268280,4096
1625724971,213433269,1268288,4096
1625724971,213433269,1268296,4096
1625724971,213433269,1268304,4096
1625724971,213433269,1268312,4096
1625724971,216393982,1268320,4096
1625724971,216395055,1268328,4096
1625724971,216395055,1268336,4096
1625724971,216395055,1268344,4096
1625724971,216395055,1268352,4096
1625724971,216395055,1268360,4096
1625724971,216395055,1268368,4096
1625724971,216395055,1268376,4096
1625724971,217613478,1268384,4096
1625724971,217613478,1268392,4096
1625724971,217613478,1268400,4096
1625724971,217613478,1268408,4096
1625724971,217613478,1268416,4096
1625724971,217614551,1268424,4096
1625724971,217614551,1268432,4096
1625724971,220442150,1268483,4096
1625724971,220443224,1268491,4096
1625724971,220443224,1268499,1024
1625724971,231152460,1563508,4096
1625724971,231152460,1563516,4096
1625724971,231152460,1563524,4096
1625724971,231152460,1563532,4096
1625724971,231153533,1563540,4096
1625724971,231153533,1563548,4096
1625724971,232490041,3513088,4096
1625724971,232491114,3513096,4096
1625724971,232944131,3513104,4096
1625724971,232944131,3513112,4096
1625724971,233465852,3512528,4096
1625724971,233465852,3512536,4096
1625724971,241191832,48939384,4096
1625724971,241713553,877200,4096
1625724971,242134365,877314,512
1625724971,242623881,877311,1536
1625724971,243188542,877242,4096
1625724971,243189615,877250,4096
1625724971,243189615,877258,4096
1625724971,243189615,877266,4096
1625724971,243189615,877274,4096
1625724971,243189615,877282,4096
1625724971,243189615,877290,4096
1625724971,243190689,877298,3072
1625724971,243741394,877202,4096
1625724971,243741394,877210,4096
1625724971,243741394,877218,4096
1625724971,243741394,877226,4096
1625724971,243742468,877234,4096
1625724971,244143957,877304,2048
1625724971,244658163,48944088,4096
1625724971,245150900,906088,4096
1625724971,245568491,906134,512
1625724971,246019361,906131,1536
1625724971,246552891,906090,4096
1625724971,246552891,906098,4096
1625724971,246553964,906106,4096
1625724971,246553964,906114,4096
1625724971,246553964,906122,2048
1625724971,246965115,906126,1536
1625724971,249353652,3535760,4096
1625724971,249353652,3535768,4096
1625724971,249885035,3512592,4096
1625724971,249885035,3512600,4096
1625724971,250399241,3512576,4096
1625724971,250399241,3512584,4096
1625724971,252418495,1555970,4096
1625724971,252418495,1555978,4096
1625724971,252418495,1555986,4096
1625724971,252418495,1555994,4096
1625724971,252418495,1556002,4096
1625724971,252418495,1556010,4096
1625724971,252418495,1556018,4096
1625724971,252419568,1556026,4096
1625724971,255644362,3090254,1024
1625724971,256754361,3090170,4096
1625724971,256755435,3090178,4096
1625724971,256755435,3090186,4096
1625724971,256755435,3090194,4096
1625724971,256755435,3090202,4096
1625724971,256755435,3090210,4096
1625724971,256755435,3090218,4096
1625724971,256755435,3090226,2048
1625724971,258778982,3089946,4096
1625724971,258778982,3089954,4096
1625724971,258778982,3089962,4096
1625724971,258778982,3089970,4096
1625724971,258778982,3089978,4096
1625724971,258778982,3089986,4096
1625724971,258778982,3089994,4096
1625724971,258780056,3090002,4096
1625724971,265138396,1563757,4096
1625724971,265139470,1563765,4096
1625724971,265139470,1563773,4096
1625724971,265139470,1563781,4096
1625724971,265423947,10373088,4096
1625724971,265423947,10373096,4096
1625724971,265423947,10373104,4096
1625724971,265423947,10373112,4096
1625724971,265423947,10373120,4096
1625724971,265423947,10373128,4096
1625724971,265423947,10373136,4096
1625724971,265423947,10373144,4096
1625724971,265425021,10373152,4096
1625724971,265425021,10373160,4096
1625724971,265425021,10373168,4096
1625724971,265425021,10373176,4096
1625724971,265845833,876000,4096
1625724971,265845833,876008,4096
1625724971,265845833,876016,4096
1625724971,265845833,876024,4096
1625724971,265845833,876032,4096
1625724971,265846906,876040,4096
1625724971,265846906,876048,4096
1625724971,265846906,876056,4096
1625724971,265846906,876064,4096
1625724971,265846906,876072,4096
1625724971,265846906,876080,4096
1625724971,265846906,876088,4096
1625724971,265846906,876096,4096
1625724971,265846906,876104,4096
1625724971,265846906,876112,4096
1625724971,265847980,876120,4096
1625724971,265847980,876128,4096
1625724971,265847980,876136,4096
1625724971,265847980,876144,4096
1625724971,265847980,876152,4096
1625724971,265847980,876160,4096
1625724971,265847980,876168,1536
1625724971,266256983,876171,4096
1625724971,266258057,876179,4096
1625724971,266258057,876187,4096
1625724971,266258057,876195,4096
1625724971,266258057,876203,4096
1625724971,266258057,876211,4096
1625724971,266258057,876219,4096
1625724971,266258057,876227,4096
1625724971,266258057,876235,4096
1625724971,266259130,876243,4096
1625724971,266259130,876251,4096
1625724971,266259130,876259,4096
1625724971,266259130,876267,4096
1625724971,266259130,876275,4096
1625724971,266259130,876283,4096
1625724971,266259130,876291,4096
1625724971,266259130,876299,4096
1625724971,266260204,876307,4096
1625724971,266260204,876315,4096
1625724971,266260204,876323,4096
1625724971,266260204,876331,4096
1625724971,266260204,876339,1536
1625724971,266416935,876342,4096
1625724971,266416935,876350,4096
1625724971,266416935,876358,4096
1625724971,266416935,876366,4096
1625724971,266416935,876374,4096
1625724971,266416935,876382,4096
1625724971,266416935,876390,4096
1625724971,266418008,876398,4096
1625724971,266418008,876406,4096
1625724971,266418008,876414,4096
1625724971,266418008,876422,4096
1625724971,266418008,876430,4096
1625724971,266418008,876438,4096
1625724971,266418008,876446,4096
1625724971,266418008,876454,4096
1625724971,266419082,876462,4096
1625724971,266419082,876470,4096
1625724971,266419082,876478,4096
1625724971,266419082,876486,4096
1625724971,266419082,876494,4096
1625724971,266419082,876502,4096
1625724971,266419082,876510,1024
1625724971,266456654,876512,4096
1625724971,266456654,876520,4096
1625724971,266456654,876528,4096
1625724971,266456654,876536,4096
1625724971,267146915,10237568,4096
1625724971,267146915,10237576,4096
1625724971,267146915,10237584,4096
1625724971,267146915,10237592,4096
1625724971,267146915,10237600,4096
1625724971,267146915,10237608,4096
1625724971,267146915,10237616,4096
1625724971,267146915,10237624,4096
1625724971,267256412,10237952,4096
1625724971,267257485,10237960,4096
1625724971,267257485,10237968,4096
1625724971,267257485,10237976,4096
1625724971,267257485,10237984,4096
1625724971,267257485,10237992,4096
1625724971,267257485,10238000,4096
1625724971,267257485,10238008,4096
1625724971,271104909,3090106,4096
1625724971,271104909,3090114,4096
1625724971,271105983,3090122,4096
1625724971,271105983,3090130,4096
1625724971,271105983,3090138,4096
1625724971,271105983,3090146,4096
1625724971,271105983,3090154,4096
1625724971,271105983,3090162,4096
1625724971,271884270,3090230,3072
1625724971,272509047,3090042,4096
1625724971,272509047,3090050,4096
1625724971,272509047,3090058,4096
1625724971,272510121,3090066,4096
1625724971,272510121,3090074,4096
1625724971,272510121,3090082,4096
1625724971,272510121,3090090,4096
1625724971,272510121,3090098,4096
1625724971,275833677,3090010,4096
1625724971,275834750,3090018,4096
1625724971,275834750,3090026,4096
1625724971,275834750,3090034,4096
1625724971,279024119,10242016,4096
1625724971,279024119,10242024,4096
1625724971,279024119,10242032,4096
1625724971,279024119,10242040,4096
1625724971,279024119,10242048,4096
1625724971,279024119,10242056,4096
1625724971,279024119,10242064,4096
1625724971,279024119,10242072,4096
1625724971,279324699,10242112,4096
1625724971,279324699,10242120,4096
1625724971,279324699,10242128,4096
1625724971,279325772,10242136,4096
1625724971,279325772,10242144,4096
1625724971,279325772,10242152,4096
1625724971,279325772,10242160,4096
1625724971,279325772,10242168,4096
1625724971,279325772,10242176,4096
1625724971,279325772,10242184,4096
1625724971,279325772,10242192,4096
1625724971,279325772,10242200,4096
1625724971,279714379,10242208,4096
1625724971,279714379,10242216,4096
1625724971,279714379,10242224,4096
1625724971,279714379,10242232,4096
1625724971,279714379,10242240,4096
1625724971,279714379,10242248,4096
1625724971,279715453,10242256,4096
1625724971,279715453,10242264,4096
1625724971,279715453,10242272,4096
1625724971,279715453,10242280,4096
1625724971,279715453,10242288,4096
1625724971,279715453,10242296,4096
1625724971,280074002,876608,4096
1625724971,280074002,876616,4096
1625724971,280074002,876624,4096
1625724971,280075075,876632,4096
1625724971,280075075,876640,4096
1625724971,280075075,876648,4096
1625724971,280075075,876656,4096
1625724971,280075075,876664,4096
1625724971,280075075,876672,4096
1625724971,280075075,876680,4096
1625724971,280075075,876688,4096
1625724971,280075075,876696,4096
1625724971,280558150,876704,4096
1625724971,280558150,876712,4096
1625724971,280558150,876720,4096
1625724971,280558150,876728,4096
1625724971,280558150,876736,4096
1625724971,280558150,876744,4096
1625724971,280558150,876752,4096
1625724971,280559224,876760,4096
1625724971,280559224,876768,4096
1625724971,280559224,876776,4096
1625724971,280559224,876784,4096
1625724971,280559224,876792,4096
1625724971,280870539,10240544,4096
1625724971,280870539,10240552,4096
1625724971,280870539,10240560,4096
1625724971,280870539,10240568,4096
1625724971,280870539,10240576,4096
1625724971,280870539,10240584,4096
1625724971,280870539,10240592,4096
1625724971,280871612,10240600,4096
1625724971,280871612,10240608,4096
1625724971,280871612,10240616,4096
1625724971,280871612,10240624,4096
1625724971,280871612,10240632,4096
1625724971,280897376,13614656,4096
1625724971,280897376,13614664,4096
1625724971,280897376,13614672,4096
1625724971,280897376,13614680,4096
1625724971,281846350,6850488,4096
1625724971,288111296,10237088,4096
1625724971,288111296,10237096,4096
1625724971,288111296,10237104,4096
1625724971,288111296,10237112,4096
1625724971,294932315,10237120,4096
1625724971,294933389,10237128,4096
1625724971,294933389,10237136,4096
1625724971,294933389,10237144,4096
1625724971,304441378,10237664,4096
1625724971,304441378,10237672,4096
1625724971,304441378,10237680,4096
1625724971,304441378,10237688,4096
1625724971,305044685,10237696,4096
1625724971,305044685,10237704,4096
1625724971,305044685,10237712,4096
1625724971,305044685,10237720,4096
1625724971,308624808,6153920,4096
1625724971,308624808,6153928,4096
1625724971,308624808,6153936,4096
1625724971,308624808,6153944,4096
1625724971,308625881,6153952,4096
1625724971,308625881,6153960,4096
1625724971,308625881,6153968,4096
1625724971,308625881,6153976,4096
1625724971,308938270,6137120,4096
1625724971,308938270,6137128,4096
1625724971,308938270,6137136,4096
1625724971,308938270,6137144,4096
1625724971,308938270,6137152,4096
1625724971,308938270,6137160,4096
1625724971,308938270,6137168,4096
1625724971,308939343,6137176,4096
1625724971,309531915,6137248,4096
1625724971,309531915,6137256,4096
1625724971,309532989,6137264,4096
1625724971,309532989,6137272,4096
1625724971,313911795,10375488,4096
1625724971,313911795,10375496,4096
1625724971,313911795,10375504,4096
1625724971,313912869,10375512,4096
1625724971,313976205,10237728,4096
1625724971,313976205,10237736,4096
1625724971,313976205,10237744,4096
1625724971,313976205,10237752,4096
1625724971,313976205,10237760,4096
1625724971,313976205,10237768,4096
1625724971,313977279,10237776,4096
1625724971,313977279,10237784,4096
1625724971,314536572,10240416,4096
1625724971,314536572,10240424,4096
1625724971,314536572,10240432,4096
1625724971,314536572,10240440,4096
1625724971,314536572,10240448,4096
1625724971,314536572,10240456,4096
1625724971,314536572,10240464,4096
1625724971,314537646,10240472,4096
1625724971,315233274,6134560,4096
1625724971,315233274,6134568,4096
1625724971,315233274,6134576,4096
1625724971,315233274,6134584,4096
1625724971,315233274,6134592,4096
1625724971,315233274,6134600,4096
1625724971,315233274,6134608,4096
1625724971,315234347,6134616,4096
1625724971,315234347,6134624,4096
1625724971,315234347,6134632,4096
1625724971,315637983,6134640,4096
1625724971,315639057,6134648,4096
1625724971,315639057,6134656,4096
1625724971,315639057,6134664,4096
1625724971,315639057,6134672,4096
1625724971,315639057,6134680,4096
1625724971,315639057,6134688,4096
1625724971,315639057,6134696,4096
1625724971,315639057,6134704,4096
1625724971,315640130,6134712,4096
1625724971,318407613,6044832,4096
1625724971,318407613,6044840,4096
1625724971,318407613,6044848,4096
1625724971,318407613,6044856,4096
1625724971,318408687,6044864,4096
1625724971,318408687,6044872,4096
1625724971,318408687,6044880,4096
1625724971,318408687,6044888,4096
1625724971,318408687,6044896,4096
1625724971,318408687,6044904,4096
1625724971,318598696,6044912,4096
1625724971,318598696,6044920,4096
1625724971,318599770,6044928,4096
1625724971,318599770,6044936,4096
1625724971,318599770,6044944,4096
1625724971,318599770,6044952,4096
1625724971,318599770,6044960,4096
1625724971,318599770,6044968,4096
1625724971,318599770,6044976,4096
1625724971,318599770,6044984,4096
1625724971,318942216,6135104,4096
1625724971,318942216,6135112,4096
1625724971,318942216,6135120,4096
1625724971,318943290,6135128,4096
1625724971,318943290,6135136,4096
1625724971,318943290,6135144,4096
1625724971,318943290,6135152,4096
1625724971,318943290,6135160,4096
1625724971,318943290,6135168,4096
1625724971,318943290,6135176,4096
1625724971,319023802,6135184,4096
1625724971,319023802,6135192,4096
1625724971,319023802,6135200,4096
1625724971,319023802,6135208,4096
1625724971,319023802,6135216,4096
1625724971,319024876,6135224,4096
1625724971,319024876,6135232,4096
1625724971,319024876,6135240,4096
1625724971,319024876,6135248,4096
1625724971,319024876,6135256,4096
1625724971,322614660,6154848,4096
1625724971,322615733,6154856,4096
1625724971,322615733,6154864,4096
1625724971,322615733,6154872,4096
1625724971,322615733,6154880,4096
1625724971,322615733,6154888,4096
1625724971,322615733,6154896,4096
1625724971,322615733,6154904,4096
1625724971,322615733,6154912,4096
1625724971,322616807,6154920,4096
1625724971,322616807,6154928,4096
1625724971,322616807,6154936,4096
1625724971,322616807,6154944,4096
1625724971,322616807,6154952,4096
1625724971,322616807,6154960,4096
1625724971,322616807,6154968,4096
1625724971,330914962,6040608,4096
1625724971,330914962,6040616,4096
1625724971,330914962,6040624,4096
1625724971,330914962,6040632,4096
1625724971,330916035,6040640,4096
1625724971,330916035,6040648,4096
1625724971,330916035,6040656,4096
1625724971,330916035,6040664,4096
1625724971,330916035,6040672,4096
1625724971,330916035,6040680,4096
1625724971,330982592,6040688,4096
1625724971,330982592,6040696,4096
1625724971,330982592,6040704,4096
1625724971,330983666,6040712,4096
1625724971,330983666,6040720,4096
1625724971,330983666,6040728,4096
1625724971,330983666,6040736,4096
1625724971,330983666,6040744,4096
1625724971,330983666,6040752,4096
1625724971,330983666,6040760,4096
1625724971,331335774,6229088,4096
1625724971,331335774,6229096,4096
1625724971,331335774,6229104,4096
1625724971,331335774,6229112,4096
1625724971,331335774,6229120,4096
1625724971,331335774,6229128,4096
1625724971,331335774,6229136,4096
1625724971,331335774,6229144,4096
1625724971,331335774,6229152,4096
1625724971,331336847,6229160,4096
1625724971,331336847,6229168,4096
1625724971,331336847,6229176,4096
1625724971,331414139,6134336,4096
1625724971,331414139,6134344,4096
1625724971,331414139,6134352,4096
1625724971,331414139,6134360,4096
1625724971,331414139,6134368,4096
1625724971,331415213,6134376,4096
1625724971,331415213,6134384,4096
1625724971,331415213,6134392,4096
1625724971,331415213,6134400,4096
1625724971,331415213,6134408,4096
1625724971,331415213,6134416,4096
1625724971,331415213,6134424,4096
1625724971,331500019,6228992,4096
1625724971,331500019,6229000,4096
1625724971,331500019,6229008,4096
1625724971,331500019,6229016,4096
1625724971,331500019,6229024,4096
1625724971,331500019,6229032,4096
1625724971,331500019,6229040,4096
1625724971,331500019,6229048,4096
1625724971,331501093,6229056,4096
1625724971,331501093,6229064,4096
1625724971,331501093,6229072,4096
1625724971,331501093,6229080,4096
1625724971,331695396,6052768,4096
1625724971,331695396,6052776,4096
1625724971,331696470,6052784,4096
1625724971,331696470,6052792,4096
1625724971,331696470,6052800,4096
1625724971,331696470,6052808,4096
1625724971,331696470,6052816,4096
1625724971,331696470,6052824,4096
1625724971,331696470,6052832,4096
1625724971,331696470,6052840,4096
1625724971,331697543,6052848,4096
1625724971,331697543,6052856,4096
1625724971,331921905,6216640,4096
1625724971,331921905,6216648,4096
1625724971,331921905,6216656,4096
1625724971,331921905,6216664,4096
1625724971,331921905,6216672,4096
1625724971,331921905,6216680,4096
1625724971,331921905,6216688,4096
1625724971,331921905,6216696,4096
1625724971,331921905,6216704,4096
1625724971,331922978,6216712,4096
1625724971,331922978,6216720,4096
1625724971,331922978,6216728,4096
1625724971,331922978,6216736,4096
1625724971,331922978,6216744,4096
1625724971,331922978,6216752,4096
1625724971,331922978,6216760,4096
1625724971,358517867,0,512
1625724971,361425979,3513280,4096
1625724971,361425979,3513288,4096
1625724971,363488172,2514897,4096
1625724971,363489246,2514905,4096
1625724971,363489246,2514913,4096
1625724971,363489246,2514921,4096
1625724971,364471498,3513616,4096
1625724971,364471498,3513624,4096
1625724971,364988925,3512496,4096
1625724971,364988925,3512504,4096
1625724971,367546002,3512768,4096
1625724971,367546002,3512776,4096
1625724971,367956079,3512816,4096
1625724971,367956079,3512824,4096
1625724971,368457404,3532448,4096
1625724971,368458477,3532456,4096
1625724971,37181745,48936928,4096
1625724971,372991868,2514825,4096
1625724971,372992941,2514833,4096
1625724971,372992941,2514841,4096
1625724971,372992941,2514849,4096
1625724971,375468432,2512180,4096
1625724971,375468432,2512188,4096
1625724971,375469506,2512196,4096
1625724971,376901555,2649216,4096
1625724971,376901555,2649224,4096
1625724971,376901555,2649232,4096
1625724971,376902628,2649240,4096
1625724971,376902628,2649248,4096
1625724971,376902628,2649256,4096
1625724971,376902628,2649264,4096
1625724971,376902628,2649272,4096
1625724971,377509156,2650160,4096
1625724971,377509156,2650168,4096
1625724971,377509156,2650176,4096
1625724971,377509156,2650184,4096
1625724971,377509156,2650192,4096
1625724971,377509156,2650200,4096
1625724971,377509156,2650208,4096
1625724971,377510229,2650216,4096
1625724971,378142521,2650512,4096
1625724971,378142521,2650520,4096
1625724971,378143594,2650528,4096
1625724971,378143594,2650536,4096
1625724971,378143594,2650544,4096
1625724971,378143594,2650552,4096
1625724971,378143594,2650560,4096
1625724971,378143594,2650568,3584
1625724971,378685712,2650448,4096
1625724971,378685712,2650456,4096
1625724971,378685712,2650464,4096
1625724971,378685712,2650472,4096
1625724971,378685712,2650480,4096
1625724971,378685712,2650488,4096
1625724971,378685712,2650496,4096
1625724971,378685712,2650504,4096
1625724971,37916019,62822688,4096
1625724971,37917092,62822696,4096
1625724971,37917092,62822704,4096
1625724971,37917092,62822712,4096
1625724971,379480102,28187824,4096
1625724971,379480102,28187832,4096
1625724971,379480102,28187840,4096
1625724971,379480102,28187848,4096
1625724971,379480102,28187856,4096
1625724971,379480102,28187864,4096
1625724971,379480102,28187872,4096
1625724971,379480102,28187880,4096
1625724971,380081262,28187888,4096
1625724971,380081262,28187896,4096
1625724971,380081262,28187904,4096
1625724971,380081262,28187912,4096
1625724971,380081262,28187920,2048
1625724971,380737170,1862712,4096
1625724971,380738244,1862720,4096
1625724971,380738244,1862728,4096
1625724971,380738244,1862736,4096
1625724971,380738244,1862744,4096
1625724971,380738244,1862752,4096
1625724971,380738244,1862760,4096
1625724971,380738244,1862768,4096
1625724971,381416696,1867336,4096
1625724971,381416696,1867344,4096
1625724971,381416696,1867352,4096
1625724971,381416696,1867360,4096
1625724971,381417769,1867368,4096
1625724971,381417769,1867376,4096
1625724971,381417769,1867384,4096
1625724971,381417769,1867392,4096
1625724971,381909432,1867400,4096
1625724971,381909432,1867408,4096
1625724971,381909432,1867416,4096
1625724971,381909432,1867424,4096
1625724971,381910506,1867432,4096
1625724971,382567488,1862995,4096
1625724971,382567488,1863003,4096
1625724971,383401597,1862787,4096
1625724971,383402671,1862795,4096
1625724971,383884672,1863363,4096
1625724971,384571712,1650016,4096
1625724971,384571712,1650024,4096
1625724971,384572786,1650032,4096
1625724971,384572786,1650040,4096
1625724971,384572786,1650048,4096
1625724971,384572786,1650056,4096
1625724971,384572786,1650064,4096
1625724971,384572786,1650072,4096
1625724971,385278075,1651872,4096
1625724971,385278075,1651880,4096
1625724971,385278075,1651888,4096
1625724971,385279149,1651896,4096
1625724971,385279149,1651904,4096
1625724971,385279149,1651912,4096
1625724971,385279149,1651920,4096
1625724971,385279149,1651928,4096
1625724971,385949013,1654688,4096
1625724971,385949013,1654696,4096
1625724971,385949013,1654704,4096
1625724971,385949013,1654712,4096
1625724971,385949013,1654720,4096
1625724971,385949013,1654728,4096
1625724971,385950086,1654736,4096
1625724971,385950086,1654744,4096
1625724971,386490057,1866961,4096
1625724971,386490057,1866969,4096
1625724971,386490057,1866977,4096
1625724971,386490057,1866985,4096
1625724971,38782333,62822720,4096
1625724971,38782333,62822728,4096
1625724971,38782333,62822736,4096
1625724971,38782333,62822744,4096
1625724971,38782333,62822752,4096
1625724971,38782333,62822760,4096
1625724971,38782333,62822768,4096
1625724971,38783407,62822776,4096
1625724971,38783407,62822784,4096
1625724971,38783407,62822792,4096
1625724971,38783407,62822800,4096
1625724971,38783407,62822808,4096
1625724971,38783407,62822816,4096
1625724971,38783407,62822824,4096
1625724971,38885389,62822832,4096
1625724971,38885389,62822840,4096
1625724971,38885389,62822848,4096
1625724971,38885389,62822856,4096
1625724971,38885389,62822864,4096
1625724971,38886463,62822872,4096
1625724971,38886463,62822880,4096
1625724971,38886463,62822888,4096
1625724971,38886463,62822896,4096
1625724971,38886463,62822904,4096
1625724971,38886463,62822912,4096
1625724971,38886463,62822920,4096
1625724971,38886463,62822928,4096
1625724971,38886463,62822936,4096
1625724971,39574576,62822944,4096
1625724971,39574576,62822952,4096
1625724971,39575650,62822960,4096
1625724971,39575650,62822968,4096
1625724971,39575650,62822976,4096
1625724971,39575650,62822984,4096
1625724971,39575650,62822992,4096
1625724971,39575650,62823000,4096
1625724971,39575650,62823008,4096
1625724971,39575650,62823016,4096
1625724971,39575650,62823024,4096
1625724971,39576723,62823032,4096
1625724971,39576723,62823040,4096
1625724971,39576723,62823048,4096
1625724971,39576723,62823056,4096
1625724971,39576723,62823064,4096
1625724971,40146752,62823072,4096
1625724971,40146752,62823080,4096
1625724971,40146752,62823088,4096
1625724971,40146752,62823096,4096
1625724971,40146752,62823104,4096
1625724971,40146752,62823112,4096
1625724971,40147825,62823120,4096
1625724971,40147825,62823128,4096
1625724971,40147825,62823136,4096
1625724971,40147825,62823144,4096
1625724971,40147825,62823152,4096
1625724971,40147825,62823160,4096
1625724971,40147825,62823168,4096
1625724971,40147825,62823176,4096
1625724971,40147825,62823184,4096
1625724971,40148899,62823192,4096
1625724971,40261616,62823200,4096
1625724971,40261616,62823208,4096
1625724971,40261616,62823216,4096
1625724971,40261616,62823224,4096
1625724971,40261616,62823232,4096
1625724971,40261616,62823240,4096
1625724971,40261616,62823248,4096
1625724971,40262690,62823256,4096
1625724971,40262690,62823264,4096
1625724971,40262690,62823272,4096
1625724971,40262690,62823280,4096
1625724971,40262690,62823288,4096
1625724971,40262690,62823296,4096
1625724971,40262690,62823304,4096
1625724971,40262690,62823312,4096
1625724971,40263763,62823320,4096
1625724971,43887899,62823328,4096
1625724971,43887899,62823336,4096
1625724971,43887899,62823344,4096
1625724971,43888973,62823352,4096
1625724971,43888973,62823360,4096
1625724971,43888973,62823368,4096
1625724971,43888973,62823376,4096
1625724971,43888973,62823384,4096
1625724971,43888973,62823392,4096
1625724971,43888973,62823400,4096
1625724971,43888973,62823408,4096
1625724971,43888973,62823416,4096
1625724971,43890046,62823424,4096
1625724971,43890046,62823432,4096
1625724971,43890046,62823440,4096
1625724971,43890046,62823448,4096
1625724971,44003837,62823456,4096
1625724971,44003837,62823464,4096
1625724971,44003837,62823472,4096
1625724971,44004911,62823480,4096
1625724971,44004911,62823488,4096
1625724971,44004911,62823496,4096
1625724971,44004911,62823504,4096
1625724971,44004911,62823512,4096
1625724971,44004911,62823520,4096
1625724971,44004911,62823528,4096
1625724971,44004911,62823536,4096
1625724971,44004911,62823544,4096
1625724971,44005984,62823552,4096
1625724971,44005984,62823560,4096
1625724971,44005984,62823568,4096
1625724971,44005984,62823576,4096
1625724971,47485198,62823584,4096
1625724971,47485198,62823592,4096
1625724971,47485198,62823600,4096
1625724971,47485198,62823608,4096
1625724971,47485198,62823616,4096
1625724971,47485198,62823624,2048
1625724971,590730946,48936936,4096
1625724971,591429795,1304488,4096
1625724971,591429795,1304496,4096
1625724971,591429795,1304504,2560
1625724971,656420558,6851320,4096
1625724971,713401938,9529240,4096
1625724971,714097566,6658736,4096
1625724971,715496337,48936944,4096
1625724971,716720127,3355544,4096
1625724971,716721200,3355552,4096
1625724971,716721200,3355560,4096
1625724971,716722274,3355568,4096
1625724971,717760348,3355576,4096
1625724971,717760348,3355584,512
1625724971,831756387,6851344,4096
1625724971,895619975,48936952,4096
1625724971,896303795,68868800,4096
1625724971,896303795,68868808,4096
1625724971,896303795,68868816,4096
1625724971,896303795,68868824,4096
1625724971,896936086,68868832,4096
1625724971,896936086,68868840,4096
1625724971,896937160,68868848,4096
1625724971,896937160,68868856,4096
1625724971,896937160,68868864,2560
1625724971,977150153,6851376,4096
1625724972,20923301,10091896,4096
1625724972,20923301,10091904,4096
1625724972,20923301,10091912,4096
1625724972,20923301,10091920,4096
1625724972,21665089,10091928,4096
1625724972,21666163,10091936,4096
1625724972,21666163,10091944,4096
1625724972,21666163,10091952,4096
1625724972,21666163,10091960,4096
1625724972,21667236,10091968,4096
1625724972,21667236,10091976,4096
1625724972,21667236,10091984,4096
1625724972,21667236,10091992,4096
1625724972,21667236,10092000,4096
1625724972,21667236,10092008,4096
1625724972,21667236,10092016,4096
1625724972,21668310,10092024,4096
1625724972,21668310,10092032,4096
1625724972,21758484,10092040,4096
1625724972,21758484,10092048,4096
1625724972,21758484,10092056,4096
1625724972,21758484,10092064,4096
1625724972,21758484,10092072,4096
1625724972,21759557,10092080,4096
1625724972,21759557,10092088,4096
1625724972,21759557,10092096,4096
1625724972,21759557,10092104,4096
1625724972,21759557,10092112,4096
1625724972,21759557,10092120,4096
1625724972,21759557,10092128,4096
1625724972,21760631,10092136,4096
1625724972,21760631,10092144,4096
1625724972,23139005,10092152,4096
1625724972,23140078,10092160,4096
1625724972,23140078,10092168,4096
1625724972,23140078,10092176,4096
1625724972,23140078,10092184,4096
1625724972,23140078,10092192,4096
1625724972,23140078,10092200,4096
1625724972,23141152,10092208,4096
1625724972,23141152,10092216,4096
1625724972,23141152,10092224,4096
1625724972,23141152,10092232,4096
1625724972,23141152,10092240,4096
1625724972,23141152,10092248,4096
1625724972,23141152,10092256,4096
1625724972,23142225,10092264,4096
1625724972,23142225,10092272,4096
1625724972,24392853,10092280,4096
1625724972,24392853,10092288,4096
1625724972,24392853,10092296,4096
1625724972,24392853,10092304,4096
1625724972,24392853,10092312,4096
1625724972,24393926,10092320,4096
1625724972,24393926,10092328,4096
1625724972,24393926,10092336,4096
1625724972,24393926,10092344,4096
1625724972,24393926,10092352,4096
1625724972,24393926,10092360,4096
1625724972,24393926,10092368,4096
1625724972,24395000,10092376,4096
1625724972,24395000,10092384,4096
1625724972,24395000,10092392,4096
1625724972,24395000,10092400,4096
1625724972,24519526,10092408,4096
1625724972,24519526,10092416,4096
1625724972,24519526,10092424,4096
1625724972,24520599,10092432,4096
1625724972,24520599,10092440,4096
1625724972,24520599,10092448,4096
1625724972,24520599,10092456,4096
1625724972,24520599,10092464,4096
1625724972,24520599,10092472,4096
1625724972,24521673,10092480,4096
1625724972,24521673,10092488,4096
1625724972,24521673,10092496,4096
1625724972,24521673,10092504,4096
1625724972,24521673,10092512,4096
1625724972,24521673,10092520,4096
1625724972,24521673,10092528,4096
1625724972,30528979,10092536,4096
1625724972,30528979,10092544,4096
1625724972,30528979,10092552,4096
1625724972,30528979,10092560,4096
1625724972,30528979,10092568,4096
1625724972,30530052,10092576,4096
1625724972,30530052,10092584,4096
1625724972,30530052,10092592,4096
1625724972,30530052,10092600,4096
1625724972,30530052,10092608,4096
1625724972,30530052,10092616,4096
1625724972,30530052,10092624,4096
1625724972,30531126,10092632,4096
1625724972,30531126,10092640,4096
1625724972,30531126,10092648,4096
1625724972,30531126,10092656,4096
1625724972,30654578,10092664,4096
1625724972,30655652,10092672,4096
1625724972,30655652,10092680,4096
1625724972,30655652,10092688,4096
1625724972,30655652,10092696,4096
1625724972,30655652,10092704,4096
1625724972,30655652,10092712,4096
1625724972,30656725,10092720,4096
1625724972,30656725,10092728,4096
1625724972,30656725,10092736,4096
1625724972,30656725,10092744,4096
1625724972,30656725,10092752,4096
1625724972,30656725,10092760,4096
1625724972,30656725,10092768,4096
1625724972,30657799,10092776,4096
1625724972,30657799,10092784,4096
1625724972,36693016,10092792,4096
1625724972,36694089,10092800,4096
1625724972,36694089,10092808,4096
1625724972,36694089,10092816,4096
1625724972,36694089,10092824,4096
1625724972,36694089,10092832,4096
1625724972,36694089,10092840,4096
1625724972,36694089,10092848,4096
1625724972,36694089,10092856,4096
1625724972,36695163,10092864,4096
1625724972,36695163,10092872,4096
1625724972,36695163,10092880,4096
1625724972,36695163,10092888,4096
1625724972,36695163,10092896,4096
1625724972,36695163,10092904,4096
1625724972,36695163,10092912,4096
1625724972,36818615,10092920,4096
1625724972,36818615,10092928,4096
1625724972,36818615,10092936,4096
1625724972,36818615,10092944,4096
1625724972,36819689,10092952,4096
1625724972,36819689,10092960,4096
1625724972,36819689,10092968,4096
1625724972,36819689,10092976,4096
1625724972,36819689,10092984,4096
1625724972,36819689,10092992,4096
1625724972,36819689,10093000,4096
1625724972,36819689,10093008,4096
1625724972,36819689,10093016,4096
1625724972,36820762,10093024,4096
1625724972,36820762,10093032,4096
1625724972,36820762,10093040,4096
1625724972,41312286,10093048,4096
1625724972,41312286,10093056,4096
1625724972,41313360,10093064,4096
1625724972,41313360,10093072,4096
1625724972,41313360,10093080,4096
1625724972,41313360,10093088,4096
1625724972,41313360,10093096,4096
1625724972,41313360,10093104,4096
1625724972,41313360,10093112,4096
1625724972,41313360,10093120,4096
1625724972,41313360,10093128,4096
1625724972,41313360,10093136,4096
1625724972,41314433,10093144,4096
1625724972,41314433,10093152,4096
1625724972,41314433,10093160,4096
1625724972,41314433,10093168,4096
1625724972,41437886,10093176,4096
1625724972,41437886,10093184,4096
1625724972,41437886,10093192,4096
1625724972,41437886,10093200,4096
1625724972,41437886,10093208,4096
1625724972,41437886,10093216,4096
1625724972,41437886,10093224,4096
1625724972,41438959,10093232,4096
1625724972,41438959,10093240,4096
1625724972,41438959,10093248,4096
1625724972,41438959,10093256,4096
1625724972,41438959,10093264,4096
1625724972,41438959,10093272,4096
1625724972,41438959,10093280,4096
1625724972,41438959,10093288,4096
1625724972,41438959,10093296,4096
1625724972,46313723,10093304,4096
1625724972,46313723,10093312,4096
1625724972,46313723,10093320,4096
1625724972,46313723,10093328,4096
1625724972,46313723,10093336,4096
1625724972,46313723,10093344,4096
1625724972,46313723,10093352,4096
1625724972,46313723,10093360,4096
1625724972,46314796,10093368,4096
1625724972,46314796,10093376,4096
1625724972,46314796,10093384,4096
1625724972,46314796,10093392,4096
1625724972,46314796,10093400,4096
1625724972,46314796,10093408,4096
1625724972,46314796,10093416,4096
1625724972,46314796,10093424,4096
1625724972,46433955,10093432,4096
1625724972,46433955,10093440,4096
1625724972,46433955,10093448,4096
1625724972,46435028,10093456,4096
1625724972,46435028,10093464,4096
1625724972,46435028,10093472,4096
1625724972,46435028,10093480,4096
1625724972,46435028,10093488,4096
1625724972,46435028,10093496,4096
1625724972,46435028,10093504,4096
1625724972,46435028,10093512,4096
1625724972,46435028,10093520,4096
1625724972,46436102,10093528,4096
1625724972,46436102,10093536,4096
1625724972,46436102,10093544,4096
1625724972,46436102,10093552,4096
1625724972,473792158,6857304,4096
1625724972,50596988,10093560,4096
1625724972,50596988,10093568,4096
1625724972,50596988,10093576,4096
1625724972,50596988,10093584,4096
1625724972,50596988,10093592,4096
1625724972,50596988,10093600,4096
1625724972,50598061,10093608,4096
1625724972,50598061,10093616,4096
1625724972,50598061,10093624,4096
1625724972,50598061,10093632,4096
1625724972,50598061,10093640,4096
1625724972,50598061,10093648,4096
1625724972,50598061,10093656,4096
1625724972,50598061,10093664,4096
1625724972,50598061,10093672,4096
1625724972,50599135,10093680,4096
1625724972,50723661,10093688,4096
1625724972,50723661,10093696,4096
1625724972,50723661,10093704,4096
1625724972,50723661,10093712,4096
1625724972,50723661,10093720,4096
1625724972,50723661,10093728,4096
1625724972,50723661,10093736,4096
1625724972,50723661,10093744,4096
1625724972,50724734,10093752,4096
1625724972,50724734,10093760,4096
1625724972,50724734,10093768,4096
1625724972,50724734,10093776,4096
1625724972,50724734,10093784,4096
1625724972,50724734,10093792,4096
1625724972,50724734,10093800,4096
1625724972,50724734,10093808,4096
1625724972,55031616,10093816,4096
1625724972,55031616,10093824,4096
1625724972,55031616,10093832,4096
1625724972,55031616,10093840,4096
1625724972,55031616,10093848,4096
1625724972,55031616,10093856,4096
1625724972,55032690,10093864,4096
1625724972,55032690,10093872,4096
1625724972,55032690,10093880,4096
1625724972,55032690,10093888,4096
1625724972,55032690,10093896,4096
1625724972,55032690,10093904,4096
1625724972,55032690,10093912,4096
1625724972,55032690,10093920,4096
1625724972,55032690,10093928,4096
1625724972,55033763,10093936,4096
1625724972,55150775,10093944,4096
1625724972,55150775,10093952,4096
1625724972,55150775,10093960,4096
1625724972,55150775,10093968,4096
1625724972,55150775,10093976,4096
1625724972,55151848,10093984,4096
1625724972,55151848,10093992,4096
1625724972,55151848,10094000,4096
1625724972,55151848,10094008,4096
1625724972,55151848,10094016,4096
1625724972,55151848,10094024,4096
1625724972,55151848,10094032,4096
1625724972,55151848,10094040,4096
1625724972,55151848,10094048,4096
1625724972,55152922,10094056,4096
1625724972,55152922,10094064,4096
1625724972,59154930,10094072,4096
1625724972,59154930,10094080,4096
1625724972,59156003,10094088,4096
1625724972,59156003,10094096,4096
1625724972,59156003,10094104,4096
1625724972,59156003,10094112,4096
1625724972,59156003,10094120,4096
1625724972,59156003,10094128,4096
1625724972,59156003,10094136,4096
1625724972,59156003,10094144,4096
1625724972,59156003,10094152,4096
1625724972,59157077,10094160,4096
1625724972,59157077,10094168,4096
1625724972,59157077,10094176,4096
1625724972,59157077,10094184,4096
1625724972,59157077,10094192,4096
1625724972,59280529,10094200,4096
1625724972,59280529,10094208,4096
1625724972,59280529,10094216,4096
1625724972,59280529,10094224,4096
1625724972,59280529,10094232,4096
1625724972,59280529,10094240,4096
1625724972,59281603,10094248,4096
1625724972,59281603,10094256,4096
1625724972,59281603,10094264,4096
1625724972,59281603,10094272,4096
1625724972,59281603,10094280,4096
1625724972,59281603,10094288,4096
1625724972,59281603,10094296,4096
1625724972,59281603,10094304,4096
1625724972,59281603,10094312,4096
1625724972,59282676,10094320,4096
1625724972,63539104,10094328,4096
1625724972,63540177,10094336,4096
1625724972,63540177,10094344,4096
1625724972,63540177,10094352,4096
1625724972,63540177,10094360,4096
1625724972,63540177,10094368,4096
1625724972,63540177,10094376,4096
1625724972,63540177,10094384,4096
1625724972,63541251,10094392,4096
1625724972,63541251,10094400,4096
1625724972,63541251,10094408,4096
1625724972,63541251,10094416,4096
1625724972,63541251,10094424,4096
1625724972,63541251,10094432,4096
1625724972,63541251,10094440,4096
1625724972,63541251,10094448,4096
1625724972,63658262,10094456,4096
1625724972,63658262,10094464,4096
1625724972,63658262,10094472,4096
1625724972,63658262,10094480,4096
1625724972,63658262,10094488,4096
1625724972,63658262,10094496,4096
1625724972,63658262,10094504,4096
1625724972,63658262,10094512,4096
1625724972,63658262,10094520,4096
1625724972,63659336,10094528,4096
1625724972,63659336,10094536,4096
1625724972,63659336,10094544,4096
1625724972,63659336,10094552,4096
1625724972,63659336,10094560,4096
1625724972,63659336,10094568,4096
1625724972,63659336,10094576,4096
1625724972,67711798,10094584,4096
1625724972,67711798,10094592,4096
1625724972,67711798,10094600,4096
1625724972,67711798,10094608,4096
1625724972,67711798,10094616,4096
1625724972,67711798,10094624,4096
1625724972,67711798,10094632,4096
1625724972,67712872,10094640,4096
1625724972,67712872,10094648,4096
1625724972,67712872,10094656,4096
1625724972,67712872,10094664,4096
1625724972,67712872,10094672,4096
1625724972,67712872,10094680,4096
1625724972,67712872,10094688,4096
1625724972,67712872,10094696,4096
1625724972,67712872,10094704,4096
1625724972,67836324,10094712,4096
1625724972,67837398,10094720,4096
1625724972,67837398,10094728,4096
1625724972,67837398,10094736,4096
1625724972,67837398,10094744,4096
1625724972,67837398,10094752,4096
1625724972,67837398,10094760,4096
1625724972,67837398,10094768,4096
1625724972,67837398,10094776,4096
1625724972,67837398,10094784,4096
1625724972,67838471,10094792,4096
1625724972,67838471,10094800,4096
1625724972,67838471,10094808,4096
1625724972,67838471,10094816,4096
1625724972,67838471,10094824,4096
1625724972,67838471,10094832,4096
1625724972,71854435,10094840,4096
1625724972,71855508,10094848,4096
1625724972,71855508,10094856,4096
1625724972,71855508,10094864,4096
1625724972,71855508,10094872,4096
1625724972,71855508,10094880,4096
1625724972,71855508,10094888,4096
1625724972,71855508,10094896,4096
1625724972,71855508,10094904,4096
1625724972,71855508,10094912,4096
1625724972,71856582,10094920,4096
1625724972,71856582,10094928,4096
1625724972,71856582,10094936,2560
1625724973,1057652419,1305392,4096
1625724973,1057652419,1305400,4096
1625724973,1057652419,1305408,512
1625724973,253133946,6154784,4096
1625724973,253133946,6154792,4096
1625724973,253133946,6154800,4096
1625724973,253133946,6154808,4096
1625724973,253310000,6154816,4096
1625724973,253310000,6154824,4096
1625724973,253311074,6154832,4096
1625724973,253311074,6154840,4096
1625724973,257877743,10237888,4096
1625724973,257877743,10237896,4096
1625724973,257877743,10237904,4096
1625724973,257877743,10237912,4096
1625724973,258704338,10237920,4096
1625724973,258704338,10237928,4096
1625724973,258704338,10237936,4096
1625724973,258705411,10237944,4096
1625724973,259198148,7479136,4096
1625724973,259198148,7479144,4096
1625724973,259199221,7479152,4096
1625724973,259199221,7479160,4096
1625724973,262814769,10238112,4096
1625724973,262815843,10238120,4096
1625724973,262815843,10238128,4096
1625724973,262815843,10238136,4096
1625724973,262815843,10238144,4096
1625724973,262815843,10238152,4096
1625724973,262815843,10238160,4096
1625724973,262815843,10238168,4096
1625724973,263322535,10238208,4096
1625724973,263323608,10238216,4096
1625724973,263323608,10238224,4096
1625724973,263323608,10238232,4096
1625724973,263323608,10238240,4096
1625724973,263323608,10238248,4096
1625724973,263323608,10238256,4096
1625724973,263323608,10238264,4096
1625724973,263348299,10244320,4096
1625724973,263348299,10244328,4096
1625724973,263348299,10244336,4096
1625724973,263348299,10244344,4096
1625724973,263574807,10375616,4096
1625724973,263574807,10375624,4096
1625724973,263574807,10375632,4096
1625724973,263574807,10375640,4096
1625724973,264503385,6136128,4096
1625724973,264503385,6136136,4096
1625724973,264503385,6136144,4096
1625724973,264503385,6136152,4096
1625724973,264503385,6136160,4096
1625724973,264503385,6136168,4096
1625724973,264504458,6136176,4096
1625724973,264504458,6136184,4096
1625724973,264504458,6136192,4096
1625724973,264504458,6136200,4096
1625724973,264504458,6136208,4096
1625724973,264504458,6136216,4096
1625724973,264504458,6136224,4096
1625724973,264504458,6136232,4096
1625724973,264504458,6136240,4096
1625724973,264505532,6136248,4096
1625724973,264505532,6136256,4096
1625724973,264505532,6136264,4096
1625724973,264505532,6136272,4096
1625724973,264505532,6136280,4096
1625724973,264734187,6136288,4096
1625724973,264734187,6136296,4096
1625724973,264735261,6136304,4096
1625724973,264735261,6136312,4096
1625724973,264735261,6136320,4096
1625724973,264735261,6136328,4096
1625724973,264735261,6136336,4096
1625724973,264735261,6136344,4096
1625724973,264735261,6136352,4096
1625724973,264735261,6136360,4096
1625724973,264735261,6136368,4096
1625724973,264736334,6136376,4096
1625724973,264736334,6136384,4096
1625724973,264736334,6136392,4096
1625724973,264736334,6136400,4096
1625724973,264736334,6136408,4096
1625724973,264736334,6136416,4096
1625724973,264736334,6136424,4096
1625724973,264736334,6136432,4096
1625724973,264736334,6136440,4096
1625724973,265017591,7512608,4096
1625724973,265017591,7512616,4096
1625724973,265018665,7512624,4096
1625724973,265018665,7512632,4096
1625724973,265018665,7512640,4096
1625724973,265018665,7512648,4096
1625724973,265018665,7512656,4096
1625724973,265018665,7512664,4096
1625724973,265018665,7512672,4096
1625724973,265018665,7512680,4096
1625724973,265019738,7512688,4096
1625724973,265019738,7512696,4096
1625724973,265019738,7512704,4096
1625724973,265019738,7512712,4096
1625724973,265019738,7512720,4096
1625724973,265019738,7512728,4096
1625724973,265019738,7512736,4096
1625724973,265019738,7512744,4096
1625724973,265019738,7512752,4096
1625724973,265019738,7512760,4096
1625724973,265072340,6052864,4096
1625724973,265072340,6052872,4096
1625724973,265072340,6052880,4096
1625724973,265072340,6052888,4096
1625724973,265072340,6052896,4096
1625724973,265072340,6052904,4096
1625724973,265072340,6052912,4096
1625724973,265072340,6052920,4096
1625724973,265232291,7512448,4096
1625724973,265233365,7512456,4096
1625724973,265233365,7512464,4096
1625724973,265233365,7512472,4096
1625724973,265233365,7512480,4096
1625724973,265233365,7512488,4096
1625724973,265233365,7512496,4096
1625724973,265233365,7512504,4096
1625724973,265233365,7512512,4096
1625724973,265234438,7512520,4096
1625724973,265234438,7512528,4096
1625724973,265234438,7512536,4096
1625724973,265234438,7512544,4096
1625724973,265234438,7512552,4096
1625724973,265234438,7512560,4096
1625724973,265234438,7512568,4096
1625724973,265234438,7512576,4096
1625724973,265234438,7512584,4096
1625724973,265235512,7512592,4096
1625724973,265235512,7512600,4096
1625724973,281414230,7530240,4096
1625724973,281414230,7530248,4096
1625724973,281414230,7530256,4096
1625724973,281414230,7530264,4096
1625724973,281415304,7530272,4096
1625724973,281415304,7530280,4096
1625724973,281415304,7530288,4096
1625724973,281415304,7530296,4096
1625724973,281415304,7530304,4096
1625724973,281415304,7530312,4096
1625724973,281415304,7530320,4096
1625724973,281415304,7530328,4096
1625724973,281415304,7530336,4096
1625724973,281416377,7530344,4096
1625724973,281416377,7530352,4096
1625724973,281416377,7530360,4096
1625724973,281416377,7530368,4096
1625724973,281416377,7530376,4096
1625724973,281416377,7530384,4096
1625724973,281416377,7530392,4096
1625724973,281628930,7530400,4096
1625724973,281628930,7530408,4096
1625724973,281630004,7530416,4096
1625724973,281630004,7530424,4096
1625724973,281630004,7530432,4096
1625724973,281630004,7530440,4096
1625724973,281630004,7530448,4096
1625724973,281630004,7530456,4096
1625724973,281630004,7530464,4096
1625724973,281630004,7530472,4096
1625724973,281630004,7530480,4096
1625724973,281631077,7530488,4096
1625724973,281631077,7530496,4096
1625724973,281631077,7530504,4096
1625724973,281631077,7530512,4096
1625724973,281631077,7530520,4096
1625724973,281631077,7530528,4096
1625724973,281631077,7530536,4096
1625724973,281631077,7530544,4096
1625724973,281631077,7530552,4096
1625724973,281753456,6072768,4096
1625724973,281753456,6072776,4096
1625724973,281753456,6072784,4096
1625724973,281753456,6072792,4096
1625724973,281754530,6072800,4096
1625724973,281754530,6072808,4096
1625724973,281754530,6072816,4096
1625724973,281754530,6072824,4096
1625724973,281962789,7474016,4096
1625724973,281962789,7474024,4096
1625724973,281962789,7474032,4096
1625724973,281962789,7474040,4096
1625724973,281962789,7474048,4096
1625724973,281963862,7474056,4096
1625724973,281963862,7474064,4096
1625724973,281963862,7474072,4096
1625724973,281963862,7474080,4096
1625724973,281963862,7474088,4096
1625724973,281963862,7474096,4096
1625724973,281963862,7474104,4096
1625724973,281963862,7474112,4096
1625724973,281964936,7474120,4096
1625724973,281964936,7474128,4096
1625724973,281964936,7474136,4096
1625724973,281964936,7474144,4096
1625724973,281964936,7474152,4096
1625724973,281964936,7474160,4096
1625724973,281964936,7474168,4096
1625724973,282125961,7474176,4096
1625724973,282125961,7474184,4096
1625724973,282125961,7474192,4096
1625724973,282125961,7474200,4096
1625724973,282125961,7474208,4096
1625724973,282125961,7474216,4096
1625724973,282127034,7474224,4096
1625724973,282127034,7474232,4096
1625724973,282127034,7474240,4096
1625724973,282127034,7474248,4096
1625724973,282127034,7474256,4096
1625724973,282127034,7474264,4096
1625724973,282127034,7474272,4096
1625724973,282127034,7474280,4096
1625724973,282127034,7474288,4096
1625724973,282128108,7474296,4096
1625724973,282128108,7474304,4096
1625724973,282128108,7474312,4096
1625724973,282128108,7474320,4096
1625724973,282128108,7474328,4096
1625724973,282271957,7473856,4096
1625724973,282273030,7473864,4096
1625724973,282273030,7473872,4096
1625724973,282273030,7473880,4096
1625724973,282273030,7473888,4096
1625724973,282273030,7473896,4096
1625724973,282273030,7473904,4096
1625724973,282273030,7473912,4096
1625724973,282273030,7473920,4096
1625724973,282274104,7473928,4096
1625724973,282274104,7473936,4096
1625724973,282274104,7473944,4096
1625724973,282274104,7473952,4096
1625724973,282274104,7473960,4096
1625724973,282274104,7473968,4096
1625724973,282274104,7473976,4096
1625724973,282274104,7473984,4096
1625724973,282274104,7473992,4096
1625724973,282275177,7474000,4096
1625724973,282275177,7474008,4096
1625724973,282407218,45502560,4096
1625724973,282407218,45502568,4096
1625724973,282407218,45502576,4096
1625724973,282408291,45502584,4096
1625724973,282408291,45502592,4096
1625724973,282408291,45502600,4096
1625724973,282408291,45502608,4096
1625724973,282408291,45502616,4096
1625724973,282408291,45502624,4096
1625724973,282408291,45502632,4096
1625724973,282408291,45502640,4096
1625724973,282409365,45502648,4096
1625724973,282551067,7483840,4096
1625724973,282551067,7483848,4096
1625724973,282551067,7483856,4096
1625724973,282552140,7483864,4096
1625724973,282552140,7483872,4096
1625724973,282552140,7483880,4096
1625724973,282552140,7483888,4096
1625724973,282552140,7483896,4096
1625724973,282552140,7483904,4096
1625724973,282552140,7483912,4096
1625724973,282552140,7483920,4096
1625724973,282552140,7483928,4096
1625724973,282553214,7483936,4096
1625724973,282553214,7483944,4096
1625724973,282553214,7483952,4096
1625724973,282553214,7483960,4096
1625724973,282553214,7483968,4096
1625724973,282553214,7483976,1536
1625724973,282688475,7484118,4096
1625724973,282688475,7484126,4096
1625724973,282688475,7484134,4096
1625724973,282688475,7484142,4096
1625724973,282688475,7484150,4096
1625724973,282689548,7484158,4096
1625724973,282689548,7484166,4096
1625724973,282689548,7484174,4096
1625724973,282689548,7484182,4096
1625724973,282689548,7484190,4096
1625724973,282689548,7484198,4096
1625724973,282689548,7484206,4096
1625724973,282689548,7484214,4096
1625724973,282689548,7484222,4096
1625724973,282690622,7484230,4096
1625724973,282690622,7484238,4096
1625724973,282690622,7484246,4096
1625724973,282690622,7484254,1024
1625724973,282831250,7483979,4096
1625724973,282831250,7483987,4096
1625724973,282832324,7483995,4096
1625724973,282832324,7484003,4096
1625724973,282832324,7484011,4096
1625724973,282832324,7484019,4096
1625724973,282832324,7484027,4096
1625724973,282832324,7484035,4096
1625724973,282832324,7484043,4096
1625724973,282832324,7484051,4096
1625724973,282833397,7484059,4096
1625724973,282833397,7484067,4096
1625724973,282833397,7484075,4096
1625724973,282833397,7484083,4096
1625724973,282833397,7484091,4096
1625724973,282833397,7484099,4096
1625724973,282833397,7484107,4096
1625724973,282833397,7484115,1536
1625724973,298813518,7484256,4096
1625724973,298814592,7484264,4096
1625724973,298814592,7484272,4096
1625724973,298814592,7484280,4096
1625724973,298814592,7484288,4096
1625724973,298814592,7484296,4096
1625724973,298814592,7484304,4096
1625724973,298814592,7484312,4096
1625724973,299298740,6137824,4096
1625724973,299298740,6137832,4096
1625724973,299298740,6137840,4096
1625724973,299298740,6137848,4096
1625724973,299298740,6137856,4096
1625724973,299298740,6137864,4096
1625724973,299298740,6137872,4096
1625724973,299298740,6137880,4096
1625724973,299299814,6137888,4096
1625724973,299299814,6137896,4096
1625724973,299299814,6137904,4096
1625724973,299299814,6137912,4096
1625724973,299570336,7518848,4096
1625724973,299571409,7518856,4096
1625724973,299571409,7518864,4096
1625724973,299571409,7518872,4096
1625724973,299571409,7518880,4096
1625724973,299571409,7518888,4096
1625724973,299571409,7518896,4096
1625724973,299571409,7518904,4096
1625724973,299571409,7518912,4096
1625724973,299571409,7518920,4096
1625724973,299572483,7518928,4096
1625724973,299572483,7518936,4096
1625724973,299572483,7518944,4096
1625724973,299572483,7518952,4096
1625724973,299572483,7518960,4096
1625724973,299572483,7518968,4096
1625724973,299572483,7518976,4096
1625724973,299572483,7518984,4096
1625724973,299572483,7518992,4096
1625724973,299573556,7519000,4096
1625724973,299573556,7519008,4096
1625724973,299573556,7519016,1536
1625724973,299814020,7519019,4096
1625724973,299814020,7519027,4096
1625724973,299814020,7519035,4096
1625724973,299814020,7519043,4096
1625724973,299814020,7519051,4096
1625724973,299815094,7519059,4096
1625724973,299815094,7519067,4096
1625724973,299815094,7519075,4096
1625724973,299815094,7519083,4096
1625724973,299815094,7519091,4096
1625724973,299815094,7519099,4096
1625724973,299815094,7519107,4096
1625724973,299815094,7519115,4096
1625724973,299815094,7519123,4096
1625724973,299816167,7519131,4096
1625724973,299816167,7519139,4096
1625724973,299816167,7519147,4096
1625724973,299816167,7519155,4096
1625724973,299816167,7519163,4096
1625724973,299816167,7519171,4096
1625724973,299816167,7519179,4096
1625724973,299816167,7519187,1536
1625724973,299965384,7519190,4096
1625724973,299965384,7519198,4096
1625724973,299965384,7519206,4096
1625724973,299966457,7519214,4096
1625724973,299966457,7519222,4096
1625724973,299966457,7519230,4096
1625724973,299966457,7519238,4096
1625724973,299966457,7519246,4096
1625724973,299966457,7519254,4096
1625724973,299966457,7519262,4096
1625724973,299966457,7519270,4096
1625724973,299966457,7519278,4096
1625724973,299967531,7519286,4096
1625724973,299967531,7519294,4096
1625724973,299967531,7519302,4096
1625724973,299967531,7519310,4096
1625724973,299967531,7519318,4096
1625724973,299967531,7519326,4096
1625724973,299967531,7519334,4096
1625724973,299967531,7519342,4096
1625724973,299967531,7519350,4096
1625724973,299968604,7519358,1024
1625724973,300746892,6185312,4096
1625724973,300747965,6185320,4096
1625724973,300747965,6185328,4096
1625724973,300747965,6185336,4096
1625724973,300747965,6185344,4096
1625724973,300747965,6185352,4096
1625724973,300747965,6185360,4096
1625724973,300747965,6185368,4096
1625724973,301034590,6041536,4096
1625724973,301034590,6041544,4096
1625724973,301035663,6041552,4096
1625724973,301035663,6041560,4096
1625724973,301035663,6041568,4096
1625724973,301035663,6041576,4096
1625724973,301035663,6041584,4096
1625724973,301035663,6041592,4096
1625724973,301035663,6041600,4096
1625724973,301035663,6041608,4096
1625724973,301036737,6041616,4096
1625724973,301036737,6041624,4096
1625724973,301036737,6041632,4096
1625724973,301036737,6041640,4096
1625724973,301036737,6041648,4096
1625724973,301036737,6041656,4096
1625724973,301036737,6041664,4096
1625724973,301036737,6041672,4096
1625724973,301036737,6041680,4096
1625724973,301037810,6041688,4096
1625724973,301037810,6041696,4096
1625724973,301037810,6041704,1536
1625724973,301197762,6041707,4096
1625724973,301197762,6041715,4096
1625724973,301197762,6041723,4096
1625724973,301197762,6041731,4096
1625724973,301197762,6041739,4096
1625724973,301198835,6041747,4096
1625724973,301198835,6041755,4096
1625724973,301198835,6041763,4096
1625724973,301198835,6041771,4096
1625724973,301198835,6041779,4096
1625724973,301198835,6041787,4096
1625724973,301198835,6041795,4096
1625724973,301198835,6041803,4096
1625724973,301198835,6041811,4096
1625724973,301199909,6041819,4096
1625724973,301199909,6041827,4096
1625724973,301199909,6041835,4096
1625724973,301199909,6041843,4096
1625724973,301199909,6041851,4096
1625724973,301199909,6041859,4096
1625724973,301199909,6041867,4096
1625724973,301199909,6041875,1536
1625724973,301369522,6041878,4096
1625724973,301369522,6041886,4096
1625724973,301369522,6041894,4096
1625724973,301370595,6041902,4096
1625724973,301370595,6041910,4096
1625724973,301370595,6041918,4096
1625724973,301370595,6041926,4096
1625724973,301370595,6041934,4096
1625724973,301370595,6041942,4096
1625724973,301370595,6041950,4096
1625724973,301370595,6041958,4096
1625724973,301371669,6041966,4096
1625724973,301371669,6041974,4096
1625724973,301371669,6041982,4096
1625724973,301371669,6041990,4096
1625724973,301371669,6041998,4096
1625724973,301371669,6042006,4096
1625724973,301371669,6042014,4096
1625724973,301371669,6042022,4096
1625724973,301372742,6042030,4096
1625724973,301372742,6042038,4096
1625724973,301372742,6042046,1024
1625724973,301386698,7503904,4096
1625724973,301387771,7503912,4096
1625724973,301387771,7503920,4096
1625724973,301387771,7503928,4096
1625724973,302226175,7514304,4096
1625724973,302226175,7514312,4096
1625724973,302227248,7514320,4096
1625724973,302227248,7514328,4096
1625724973,302227248,7514336,4096
1625724973,302227248,7514344,4096
1625724973,302227248,7514352,4096
1625724973,302227248,7514360,4096
1625724973,302227248,7514368,4096
1625724973,302227248,7514376,4096
1625724973,302228322,7514384,4096
1625724973,302228322,7514392,4096
1625724973,302228322,7514400,4096
1625724973,302228322,7514408,4096
1625724973,302228322,7514416,4096
1625724973,302228322,7514424,4096
1625724973,302228322,7514432,4096
1625724973,302228322,7514440,4096
1625724973,302388273,7514448,4096
1625724973,302388273,7514456,4096
1625724973,302388273,7514464,4096
1625724973,302388273,7514472,4096
1625724973,302388273,7514480,4096
1625724973,302388273,7514488,4096
1625724973,302388273,7514496,4096
1625724973,302388273,7514504,4096
1625724973,302389347,7514512,4096
1625724973,302389347,7514520,4096
1625724973,302389347,7514528,4096
1625724973,302389347,7514536,4096
1625724973,302389347,7514544,4096
1625724973,302389347,7514552,4096
1625724973,302389347,7514560,4096
1625724973,302389347,7514568,4096
1625724973,302389347,7514576,4096
1625724973,302390420,7514584,4096
1625724973,302692074,7470176,4096
1625724973,302692074,7470184,4096
1625724973,302692074,7470192,4096
1625724973,302692074,7470200,4096
1625724973,302692074,7470208,4096
1625724973,302692074,7470216,4096
1625724973,302692074,7470224,4096
1625724973,302692074,7470232,4096
1625724973,302693147,7470240,4096
1625724973,302693147,7470248,4096
1625724973,302693147,7470256,4096
1625724973,302693147,7470264,4096
1625724973,302693147,7470272,4096
1625724973,302693147,7470280,4096
1625724973,302693147,7470288,4096
1625724973,302693147,7470296,4096
1625724973,302693147,7470304,4096
1625724973,302694221,7470312,4096
1625724973,302819820,7470320,4096
1625724973,302819820,7470328,4096
1625724973,302819820,7470336,4096
1625724973,302819820,7470344,4096
1625724973,302819820,7470352,4096
1625724973,302819820,7470360,4096
1625724973,302820894,7470368,4096
1625724973,302820894,7470376,4096
1625724973,302820894,7470384,4096
1625724973,302820894,7470392,4096
1625724973,302820894,7470400,4096
1625724973,302820894,7470408,4096
1625724973,302820894,7470416,4096
1625724973,302820894,7470424,4096
1625724973,302820894,7470432,4096
1625724973,302821967,7470440,4096
1625724973,302821967,7470448,4096
1625724973,302821967,7470456,4096
1625724973,326459364,7479232,4096
1625724973,326459364,7479240,4096
1625724973,326459364,7479248,4096
1625724973,326460437,7479256,4096
1625724973,326460437,7479264,4096
1625724973,326460437,7479272,4096
1625724973,326460437,7479280,4096
1625724973,326460437,7479288,4096
1625724973,326460437,7479296,4096
1625724973,326460437,7479304,4096
1625724973,326460437,7479312,4096
1625724973,326460437,7479320,4096
1625724973,326461511,7479328,4096
1625724973,326461511,7479336,4096
1625724973,326461511,7479344,4096
1625724973,326461511,7479352,4096
1625724973,326461511,7479360,4096
1625724973,326461511,7479368,4096
1625724973,326587110,7479376,4096
1625724973,326587110,7479384,4096
1625724973,326587110,7479392,4096
1625724973,326587110,7479400,4096
1625724973,326587110,7479408,4096
1625724973,326587110,7479416,4096
1625724973,326588184,7479424,4096
1625724973,326588184,7479432,4096
1625724973,326588184,7479440,4096
1625724973,326588184,7479448,4096
1625724973,326588184,7479456,4096
1625724973,326588184,7479464,4096
1625724973,326588184,7479472,4096
1625724973,326588184,7479480,4096
1625724973,326588184,7479488,4096
1625724973,326589257,7479496,4096
1625724973,326589257,7479504,4096
1625724973,326589257,7479512,4096
1625724973,327069112,45538368,4096
1625724973,327069112,45538376,4096
1625724973,327069112,45538384,4096
1625724973,327069112,45538392,4096
1625724973,327069112,45538400,4096
1625724973,327069112,45538408,4096
1625724973,327069112,45538416,4096
1625724973,327070185,45538424,4096
1625724973,371674110,10449800,2048
1625724973,439808082,48936960,4096
1625724973,440561679,2189600,4096
1625724973,440561679,2189608,4096
1625724973,440562752,2189616,4096
1625724973,440562752,2189624,4096
1625724973,441316349,2189632,4096
1625724973,441316349,2189640,4096
1625724973,441316349,2189648,4096
1625724973,441316349,2189656,4096
1625724973,441316349,2189664,4096
1625724973,441317423,2189672,4096
1625724973,441317423,2189680,4096
1625724973,441317423,2189688,4096
1625724973,441317423,2189696,4096
1625724973,441317423,2189704,4096
1625724973,441317423,2189712,4096
1625724973,607440474,3654624,4096
1625724973,607440474,3654632,4096
1625724973,607441548,3654640,4096
1625724973,607441548,3654648,2048
1625724973,708831476,6857312,4096
1625724973,769658133,69087800,4096
1625724973,769659206,69087808,4096
1625724973,769659206,69087816,4096
1625724973,769659206,69087824,4096
1625724973,770473993,69087832,4096
1625724973,770473993,69087840,4096
1625724973,770473993,69087848,4096
1625724973,770475066,69087856,4096
1625724973,770475066,69087864,512
1625724973,876970560,6857336,4096
1625724973,931467861,48936968,4096
1625724973,932212870,3656672,4096
1625724973,932212870,3656680,4096
1625724973,932212870,3656688,4096
1625724973,932212870,3656696,2048
1625724974,102266117,68877592,4096
1625724974,102266117,68877600,4096
1625724974,102266117,68877608,4096
1625724974,102266117,68877616,4096
1625724974,102266117,68877624,4096
1625724974,102266117,68877632,4096
1625724974,102266117,68877640,4096
1625724974,102267190,68877648,4096
1625724974,102267190,68877656,4096
1625724974,102267190,68877664,4096
1625724974,102267190,68877672,4096
1625724974,102267190,68877680,4096
1625724974,102267190,68877688,4096
1625724974,102267190,68877696,4096
1625724974,102267190,68877704,4096
1625724974,102267190,68877712,4096
1625724974,102384202,68877720,4096
1625724974,102384202,68877728,4096
1625724974,102385275,68877736,4096
1625724974,102385275,68877744,4096
1625724974,102385275,68877752,4096
1625724974,102385275,68877760,4096
1625724974,102385275,68877768,4096
1625724974,102385275,68877776,4096
1625724974,102385275,68877784,4096
1625724974,102385275,68877792,4096
1625724974,102386349,68877800,4096
1625724974,102386349,68877808,4096
1625724974,102386349,68877816,4096
1625724974,102386349,68877824,4096
1625724974,102386349,68877832,4096
1625724974,102386349,68877840,4096
1625724974,107007766,68877848,4096
1625724974,107008840,68877856,4096
1625724974,107008840,68877864,4096
1625724974,107008840,68877872,4096
1625724974,107008840,68877880,4096
1625724974,107008840,68877888,4096
1625724974,107008840,68877896,4096
1625724974,107008840,68877904,4096
1625724974,107008840,68877912,4096
1625724974,107008840,68877920,4096
1625724974,107009913,68877928,4096
1625724974,107009913,68877936,4096
1625724974,107009913,68877944,4096
1625724974,107009913,68877952,4096
1625724974,107009913,68877960,4096
1625724974,107009913,68877968,4096
1625724974,107133366,68877976,4096
1625724974,107133366,68877984,4096
1625724974,107133366,68877992,4096
1625724974,107133366,68878000,4096
1625724974,107133366,68878008,4096
1625724974,107133366,68878016,4096
1625724974,107133366,68878024,4096
1625724974,107134439,68878032,4096
1625724974,107134439,68878040,4096
1625724974,107134439,68878048,4096
1625724974,107134439,68878056,4096
1625724974,107134439,68878064,4096
1625724974,107134439,68878072,4096
1625724974,107134439,68878080,4096
1625724974,107134439,68878088,4096
1625724974,107134439,68878096,4096
1625724974,111545451,68878104,4096
1625724974,111545451,68878112,4096
1625724974,111545451,68878120,4096
1625724974,111545451,68878128,4096
1625724974,111545451,68878136,4096
1625724974,111545451,68878144,4096
1625724974,111546524,68878152,4096
1625724974,111546524,68878160,4096
1625724974,111546524,68878168,4096
1625724974,111546524,68878176,4096
1625724974,111546524,68878184,4096
1625724974,111546524,68878192,4096
1625724974,111546524,68878200,4096
1625724974,111546524,68878208,4096
1625724974,111546524,68878216,4096
1625724974,111547598,68878224,4096
1625724974,111661389,68878232,4096
1625724974,111661389,68878240,4096
1625724974,111661389,68878248,4096
1625724974,111661389,68878256,4096
1625724974,111661389,68878264,4096
1625724974,111661389,68878272,4096
1625724974,111662462,68878280,4096
1625724974,111662462,68878288,4096
1625724974,111662462,68878296,4096
1625724974,111662462,68878304,4096
1625724974,111662462,68878312,4096
1625724974,111662462,68878320,4096
1625724974,111662462,68878328,4096
1625724974,111662462,68878336,4096
1625724974,111662462,68878344,4096
1625724974,111663536,68878352,4096
1625724974,115943580,68878360,4096
1625724974,115943580,68878368,4096
1625724974,115943580,68878376,4096
1625724974,115944654,68878384,4096
1625724974,115944654,68878392,4096
1625724974,115944654,68878400,4096
1625724974,115944654,68878408,4096
1625724974,115944654,68878416,4096
1625724974,115944654,68878424,4096
1625724974,115944654,68878432,4096
1625724974,115944654,68878440,4096
1625724974,115944654,68878448,4096
1625724974,115945727,68878456,4096
1625724974,115945727,68878464,4096
1625724974,115945727,68878472,4096
1625724974,115945727,68878480,4096
1625724974,116069180,68878488,4096
1625724974,116069180,68878496,4096
1625724974,116069180,68878504,4096
1625724974,116069180,68878512,4096
1625724974,116069180,68878520,4096
1625724974,116069180,68878528,4096
1625724974,116070253,68878536,4096
1625724974,116070253,68878544,4096
1625724974,116070253,68878552,4096
1625724974,116070253,68878560,4096
1625724974,116070253,68878568,4096
1625724974,116070253,68878576,4096
1625724974,116070253,68878584,4096
1625724974,116070253,68878592,4096
1625724974,116070253,68878600,4096
1625724974,116071327,68878608,4096
1625724974,120094805,68878616,4096
1625724974,120094805,68878624,4096
1625724974,120095878,68878632,4096
1625724974,120095878,68878640,4096
1625724974,120095878,68878648,4096
1625724974,120095878,68878656,4096
1625724974,120095878,68878664,4096
1625724974,120095878,68878672,4096
1625724974,120095878,68878680,4096
1625724974,120095878,68878688,4096
1625724974,120095878,68878696,4096
1625724974,120096952,68878704,4096
1625724974,120096952,68878712,4096
1625724974,120096952,68878720,4096
1625724974,120096952,68878728,4096
1625724974,120096952,68878736,4096
1625724974,120221478,68878744,4096
1625724974,120221478,68878752,4096
1625724974,120221478,68878760,4096
1625724974,120221478,68878768,4096
1625724974,120221478,68878776,4096
1625724974,120221478,68878784,4096
1625724974,120221478,68878792,4096
1625724974,120221478,68878800,4096
1625724974,120221478,68878808,4096
1625724974,120222551,68878816,4096
1625724974,120222551,68878824,4096
1625724974,120222551,68878832,4096
1625724974,120222551,68878840,4096
1625724974,120222551,68878848,4096
1625724974,120222551,68878856,4096
1625724974,120222551,68878864,4096
1625724974,124542315,68878872,4096
1625724974,124543389,68878880,4096
1625724974,124543389,68878888,4096
1625724974,124543389,68878896,4096
1625724974,124543389,68878904,4096
1625724974,124543389,68878912,4096
1625724974,124543389,68878920,4096
1625724974,124543389,68878928,4096
1625724974,124544462,68878936,4096
1625724974,124544462,68878944,4096
1625724974,124544462,68878952,4096
1625724974,124544462,68878960,4096
1625724974,124544462,68878968,4096
1625724974,124544462,68878976,4096
1625724974,124544462,68878984,4096
1625724974,124544462,68878992,4096
1625724974,124671135,68879000,4096
1625724974,124671135,68879008,4096
1625724974,124671135,68879016,4096
1625724974,124671135,68879024,4096
1625724974,124671135,68879032,4096
1625724974,124671135,68879040,4096
1625724974,124672209,68879048,4096
1625724974,124672209,68879056,4096
1625724974,124672209,68879064,4096
1625724974,124672209,68879072,4096
1625724974,124672209,68879080,4096
1625724974,124672209,68879088,4096
1625724974,124672209,68879096,4096
1625724974,124672209,68879104,4096
1625724974,124672209,68879112,4096
1625724974,124673282,68879120,4096
1625724974,128508898,68879128,4096
1625724974,128509971,68879136,4096
1625724974,128509971,68879144,4096
1625724974,128509971,68879152,4096
1625724974,128509971,68879160,4096
1625724974,128509971,68879168,4096
1625724974,128509971,68879176,4096
1625724974,128509971,68879184,4096
1625724974,128511045,68879192,4096
1625724974,128511045,68879200,4096
1625724974,128511045,68879208,4096
1625724974,128511045,68879216,4096
1625724974,128511045,68879224,4096
1625724974,128511045,68879232,4096
1625724974,128511045,68879240,4096
1625724974,128511045,68879248,4096
1625724974,128635571,68879256,4096
1625724974,128635571,68879264,4096
1625724974,128635571,68879272,4096
1625724974,128635571,68879280,4096
1625724974,128635571,68879288,4096
1625724974,128635571,68879296,4096
1625724974,128636644,68879304,4096
1625724974,128636644,68879312,4096
1625724974,128636644,68879320,4096
1625724974,128636644,68879328,4096
1625724974,128636644,68879336,4096
1625724974,128636644,68879344,4096
1625724974,128636644,68879352,4096
1625724974,128636644,68879360,4096
1625724974,128636644,68879368,4096
1625724974,128637718,68879376,4096
1625724974,132484068,68879384,4096
1625724974,132484068,68879392,4096
1625724974,132484068,68879400,4096
1625724974,132484068,68879408,4096
1625724974,132484068,68879416,4096
1625724974,132485142,68879424,4096
1625724974,132485142,68879432,4096
1625724974,132485142,68879440,4096
1625724974,132485142,68879448,4096
1625724974,132485142,68879456,4096
1625724974,132485142,68879464,4096
1625724974,132485142,68879472,4096
1625724974,132485142,68879480,4096
1625724974,132485142,68879488,4096
1625724974,132486215,68879496,4096
1625724974,132486215,68879504,4096
1625724974,132631138,68879512,4096
1625724974,132631138,68879520,4096
1625724974,132632211,68879528,4096
1625724974,132632211,68879536,4096
1625724974,132632211,68879544,4096
1625724974,132632211,68879552,4096
1625724974,132632211,68879560,4096
1625724974,132632211,68879568,4096
1625724974,132632211,68879576,4096
1625724974,132632211,68879584,4096
1625724974,132632211,68879592,4096
1625724974,132633285,68879600,4096
1625724974,132633285,68879608,4096
1625724974,132633285,68879616,4096
1625724974,132633285,68879624,4096
1625724974,132633285,68879632,4096
1625724974,136801685,68879640,4096
1625724974,136802759,68879648,4096
1625724974,136802759,68879656,4096
1625724974,136802759,68879664,4096
1625724974,136802759,68879672,4096
1625724974,136802759,68879680,4096
1625724974,136802759,68879688,4096
1625724974,136802759,68879696,4096
1625724974,136802759,68879704,4096
1625724974,136802759,68879712,4096
1625724974,136803832,68879720,4096
1625724974,136803832,68879728,4096
1625724974,136803832,68879736,4096
1625724974,136803832,68879744,4096
1625724974,136803832,68879752,4096
1625724974,136803832,68879760,4096
1625724974,136929432,68879768,4096
1625724974,136929432,68879776,4096
1625724974,136929432,68879784,4096
1625724974,136929432,68879792,4096
1625724974,136929432,68879800,4096
1625724974,136929432,68879808,4096
1625724974,136929432,68879816,4096
1625724974,136930505,68879824,4096
1625724974,136930505,68879832,4096
1625724974,136930505,68879840,4096
1625724974,136930505,68879848,4096
1625724974,136930505,68879856,4096
1625724974,136930505,68879864,4096
1625724974,136930505,68879872,4096
1625724974,136930505,68879880,4096
1625724974,136930505,68879888,4096
1625724974,141479998,68879896,4096
1625724974,141479998,68879904,4096
1625724974,141479998,68879912,4096
1625724974,141481072,68879920,4096
1625724974,141481072,68879928,4096
1625724974,141481072,68879936,4096
1625724974,141481072,68879944,4096
1625724974,141481072,68879952,4096
1625724974,141481072,68879960,4096
1625724974,141481072,68879968,4096
1625724974,141481072,68879976,4096
1625724974,141481072,68879984,4096
1625724974,141482145,68879992,4096
1625724974,141482145,68880000,4096
1625724974,141482145,68880008,4096
1625724974,141482145,68880016,4096
1625724974,141599157,68880024,4096
1625724974,141599157,68880032,4096
1625724974,141599157,68880040,4096
1625724974,141599157,68880048,4096
1625724974,141599157,68880056,4096
1625724974,141599157,68880064,4096
1625724974,141600230,68880072,4096
1625724974,141600230,68880080,4096
1625724974,141600230,68880088,4096
1625724974,141600230,68880096,4096
1625724974,141600230,68880104,4096
1625724974,141600230,68880112,4096
1625724974,141600230,68880120,4096
1625724974,141600230,68880128,4096
1625724974,141601304,68880136,4096
1625724974,141601304,68880144,4096
1625724974,145660207,68880152,4096
1625724974,145660207,68880160,4096
1625724974,145661281,68880168,4096
1625724974,145661281,68880176,4096
1625724974,145661281,68880184,4096
1625724974,145661281,68880192,4096
1625724974,145661281,68880200,4096
1625724974,145661281,68880208,4096
1625724974,145661281,68880216,4096
1625724974,145661281,68880224,4096
1625724974,145661281,68880232,4096
1625724974,145662354,68880240,4096
1625724974,145662354,68880248,4096
1625724974,145662354,68880256,4096
1625724974,145662354,68880264,4096
1625724974,145662354,68880272,4096
1625724974,145778292,68880280,4096
1625724974,145778292,68880288,4096
1625724974,145778292,68880296,4096
1625724974,145778292,68880304,4096
1625724974,145778292,68880312,4096
1625724974,145779366,68880320,4096
1625724974,145779366,68880328,4096
1625724974,145779366,68880336,4096
1625724974,145779366,68880344,4096
1625724974,145779366,68880352,4096
1625724974,145779366,68880360,4096
1625724974,145779366,68880368,4096
1625724974,145779366,68880376,4096
1625724974,145779366,68880384,4096
1625724974,145780439,68880392,4096
1625724974,145780439,68880400,4096
1625724974,150378240,68880408,4096
1625724974,150378240,68880416,4096
1625724974,150378240,68880424,4096
1625724974,150378240,68880432,4096
1625724974,150378240,68880440,4096
1625724974,150378240,68880448,4096
1625724974,150378240,68880456,1536
1625724974,70793244,6857360,4096
1625724974,713292655,6857384,4096
1625724974,86414816,68876440,4096
1625724974,86414816,68876448,4096
1625724974,86414816,68876456,4096
1625724974,86414816,68876464,4096
1625724974,87325144,68876472,4096
1625724974,87325144,68876480,4096
1625724974,87325144,68876488,4096
1625724974,87325144,68876496,4096
1625724974,87325144,68876504,4096
1625724974,87326217,68876512,4096
1625724974,87326217,68876520,4096
1625724974,87326217,68876528,4096
1625724974,87326217,68876536,4096
1625724974,87326217,68876544,4096
1625724974,87326217,68876552,4096
1625724974,87326217,68876560,4096
1625724974,87326217,68876568,4096
1625724974,87326217,68876576,4096
1625724974,87431420,68876584,4096
1625724974,87431420,68876592,4096
1625724974,87432494,68876600,4096
1625724974,87432494,68876608,4096
1625724974,87432494,68876616,4096
1625724974,87432494,68876624,4096
1625724974,87432494,68876632,4096
1625724974,87432494,68876640,4096
1625724974,87432494,68876648,4096
1625724974,87432494,68876656,4096
1625724974,87432494,68876664,4096
1625724974,87433567,68876672,4096
1625724974,87433567,68876680,4096
1625724974,87433567,68876688,4096
1625724974,88200046,68876696,4096
1625724974,88200046,68876704,4096
1625724974,88201120,68876712,4096
1625724974,88201120,68876720,4096
1625724974,88201120,68876728,4096
1625724974,88201120,68876736,4096
1625724974,88201120,68876744,4096
1625724974,88201120,68876752,4096
1625724974,88201120,68876760,4096
1625724974,88201120,68876768,4096
1625724974,88201120,68876776,4096
1625724974,88202193,68876784,4096
1625724974,88202193,68876792,4096
1625724974,88202193,68876800,4096
1625724974,88202193,68876808,4096
1625724974,88202193,68876816,4096
1625724974,89058846,68876824,4096
1625724974,89058846,68876832,4096
1625724974,89058846,68876840,4096
1625724974,89058846,68876848,4096
1625724974,89059920,68876856,4096
1625724974,89059920,68876864,4096
1625724974,89059920,68876872,4096
1625724974,89059920,68876880,4096
1625724974,89059920,68876888,4096
1625724974,89059920,68876896,4096
1625724974,89059920,68876904,4096
1625724974,89059920,68876912,4096
1625724974,89059920,68876920,4096
1625724974,89060993,68876928,4096
1625724974,89060993,68876936,4096
1625724974,89060993,68876944,4096
1625724974,89184446,68876952,4096
1625724974,89184446,68876960,4096
1625724974,89185519,68876968,4096
1625724974,89185519,68876976,4096
1625724974,89185519,68876984,4096
1625724974,89185519,68876992,4096
1625724974,89185519,68877000,4096
1625724974,89185519,68877008,4096
1625724974,89185519,68877016,4096
1625724974,89185519,68877024,4096
1625724974,89185519,68877032,4096
1625724974,89186593,68877040,4096
1625724974,89186593,68877048,4096
1625724974,89186593,68877056,4096
1625724974,89186593,68877064,4096
1625724974,89186593,68877072,4096
1625724974,93581502,68877080,4096
1625724974,93581502,68877088,4096
1625724974,93581502,68877096,4096
1625724974,93581502,68877104,4096
1625724974,93581502,68877112,4096
1625724974,93581502,68877120,4096
1625724974,93581502,68877128,4096
1625724974,93582575,68877136,4096
1625724974,93582575,68877144,4096
1625724974,93582575,68877152,4096
1625724974,93582575,68877160,4096
1625724974,93582575,68877168,4096
1625724974,93582575,68877176,4096
1625724974,93582575,68877184,4096
1625724974,93582575,68877192,4096
1625724974,93583649,68877200,4096
1625724974,93706028,68877208,4096
1625724974,93707101,68877216,4096
1625724974,93707101,68877224,4096
1625724974,93707101,68877232,4096
1625724974,93707101,68877240,4096
1625724974,93707101,68877248,4096
1625724974,93707101,68877256,4096
1625724974,93707101,68877264,4096
1625724974,93707101,68877272,4096
1625724974,93708175,68877280,4096
1625724974,93708175,68877288,4096
1625724974,93708175,68877296,4096
1625724974,93708175,68877304,4096
1625724974,93708175,68877312,4096
1625724974,93708175,68877320,4096
1625724974,93708175,68877328,4096
1625724974,97900192,68877336,4096
1625724974,97900192,68877344,4096
1625724974,97900192,68877352,4096
1625724974,97901266,68877360,4096
1625724974,97901266,68877368,4096
1625724974,97901266,68877376,4096
1625724974,97901266,68877384,4096
1625724974,97901266,68877392,4096
1625724974,97901266,68877400,4096
1625724974,97901266,68877408,4096
1625724974,97901266,68877416,4096
1625724974,97901266,68877424,4096
1625724974,97902339,68877432,4096
1625724974,97902339,68877440,4096
1625724974,97902339,68877448,4096
1625724974,97902339,68877456,4096
1625724974,98024718,68877464,4096
1625724974,98024718,68877472,4096
1625724974,98024718,68877480,4096
1625724974,98024718,68877488,4096
1625724974,98024718,68877496,4096
1625724974,98025792,68877504,4096
1625724974,98025792,68877512,4096
1625724974,98025792,68877520,4096
1625724974,98025792,68877528,4096
1625724974,98025792,68877536,4096
1625724974,98025792,68877544,4096
1625724974,98025792,68877552,4096
1625724974,98025792,68877560,4096
1625724974,98025792,68877568,4096
1625724974,98026865,68877576,4096
1625724974,98026865,68877584,4096
1625724975,248957458,7520512,4096
1625724975,248957458,7520520,4096
1625724975,248957458,7520528,4096
1625724975,248957458,7520536,4096
1625724975,248957458,7520544,4096
1625724975,248957458,7520552,4096
1625724975,248957458,7520560,4096
1625724975,248958532,7520568,4096
1625724975,248996104,7522272,4096
1625724975,248996104,7522280,4096
1625724975,248996104,7522288,4096
1625724975,248996104,7522296,4096
1625724975,249172158,6058656,4096
1625724975,249172158,6058664,4096
1625724975,249172158,6058672,4096
1625724975,249172158,6058680,4096
1625724975,249172158,6058688,4096
1625724975,249172158,6058696,4096
1625724975,249172158,6058704,4096
1625724975,249172158,6058712,4096
1625724975,249773318,6099136,4096
1625724975,249773318,6099144,4096
1625724975,249773318,6099152,4096
1625724975,249773318,6099160,4096
1625724975,249773318,6099168,4096
1625724975,249774392,6099176,4096
1625724975,249774392,6099184,4096
1625724975,249774392,6099192,4096
1625724975,252133945,6052704,4096
1625724975,252133945,6052712,4096
1625724975,252133945,6052720,4096
1625724975,252133945,6052728,4096
1625724975,252407687,6131040,4096
1625724975,252407687,6131048,4096
1625724975,252407687,6131056,4096
1625724975,252407687,6131064,4096
1625724975,252407687,6131072,4096
1625724975,252407687,6131080,4096
1625724975,252407687,6131088,4096
1625724975,252408761,6131096,4096
1625724975,253058228,7520640,4096
1625724975,253058228,7520648,4096
1625724975,253058228,7520656,4096
1625724975,253058228,7520664,4096
1625724975,253059302,7520672,4096
1625724975,253059302,7520680,4096
1625724975,253059302,7520688,4096
1625724975,253059302,7520696,4096
1625724975,253059302,7520704,4096
1625724975,253059302,7520712,4096
1625724975,253149476,7520720,4096
1625724975,253149476,7520728,4096
1625724975,253149476,7520736,4096
1625724975,253149476,7520744,4096
1625724975,253149476,7520752,4096
1625724975,253150549,7520760,4096
1625724975,253150549,7520768,4096
1625724975,253150549,7520776,4096
1625724975,253150549,7520784,4096
1625724975,253150549,7520792,4096
1625724975,253497290,7505056,4096
1625724975,253497290,7505064,4096
1625724975,253498363,7505072,4096
1625724975,253498363,7505080,4096
1625724975,253498363,7505088,4096
1625724975,253498363,7505096,4096
1625724975,253498363,7505104,4096
1625724975,253498363,7505112,4096
1625724975,253498363,7505120,4096
1625724975,253498363,7505128,4096
1625724975,253498363,7505136,4096
1625724975,253499437,7505144,4096
1625724975,253499437,7505152,4096
1625724975,253499437,7505160,4096
1625724975,253499437,7505168,4096
1625724975,253499437,7505176,4096
1625724975,265843613,6046048,4096
1625724975,265843613,6046056,4096
1625724975,265843613,6046064,4096
1625724975,265844687,6046072,4096
1625724975,265844687,6046080,4096
1625724975,265844687,6046088,4096
1625724975,265844687,6046096,4096
1625724975,265844687,6046104,4096
1625724975,266153855,6137568,4096
1625724975,266153855,6137576,4096
1625724975,266153855,6137584,4096
1625724975,266153855,6137592,4096
1625724975,266153855,6137600,4096
1625724975,266154928,6137608,4096
1625724975,266154928,6137616,4096
1625724975,266154928,6137624,4096
1625724975,266238661,7493888,4096
1625724975,266238661,7493896,4096
1625724975,266238661,7493904,4096
1625724975,266238661,7493912,4096
1625724975,266238661,7493920,4096
1625724975,266238661,7493928,4096
1625724975,266239735,7493936,4096
1625724975,266239735,7493944,4096
1625724975,266239735,7493952,4096
1625724975,266239735,7493960,4096
1625724975,266961127,7493968,4096
1625724975,266961127,7493976,4096
1625724975,266961127,7493984,4096
1625724975,266962200,7493992,4096
1625724975,266962200,7494000,4096
1625724975,266962200,7494008,4096
1625724975,266962200,7494016,4096
1625724975,266962200,7494024,4096
1625724975,266962200,7494032,4096
1625724975,266962200,7494040,4096
1625724975,267102829,10238592,4096
1625724975,267102829,10238600,4096
1625724975,267103902,10238608,4096
1625724975,267103902,10238616,4096
1625724975,267144695,10238624,4096
1625724975,267144695,10238632,4096
1625724975,267144695,10238640,4096
1625724975,267144695,10238648,4096
1625724975,278902741,9359808,4096
1625724975,278902741,9359816,4096
1625724975,278902741,9359824,4096
1625724975,278902741,9359832,4096
1625724975,279043369,6052224,4096
1625724975,279043369,6052232,4096
1625724975,279043369,6052240,4096
1625724975,279043369,6052248,4096
1625724975,279104559,10238688,4096
1625724975,279104559,10238696,4096
1625724975,279105632,10238704,4096
1625724975,279105632,10238712,4096
1625724975,279105632,10238720,4096
1625724975,279105632,10238728,4096
1625724975,279105632,10238736,4096
1625724975,279105632,10238744,4096
1625724975,279244114,9359872,4096
1625724975,279244114,9359880,4096
1625724975,279244114,9359888,4096
1625724975,279244114,9359896,4096
1625724975,279244114,9359904,4096
1625724975,279244114,9359912,4096
1625724975,279244114,9359920,4096
1625724975,279244114,9359928,4096
1625724975,279245187,9359936,4096
1625724975,279245187,9359944,4096
1625724975,279245187,9359952,4096
1625724975,279245187,9359960,4096
1625724975,279341802,9359968,4096
1625724975,279341802,9359976,4096
1625724975,279342876,9359984,4096
1625724975,279342876,9359992,4096
1625724975,279342876,9360000,4096
1625724975,279342876,9360008,4096
1625724975,279342876,9360016,4096
1625724975,279342876,9360024,4096
1625724975,279342876,9360032,4096
1625724975,279342876,9360040,4096
1625724975,279342876,9360048,4096
1625724975,279343949,9360056,4096
1625724975,279500680,7505184,4096
1625724975,279500680,7505192,4096
1625724975,279500680,7505200,4096
1625724975,279501754,7505208,4096
1625724975,279501754,7505216,4096
1625724975,279501754,7505224,4096
1625724975,279501754,7505232,4096
1625724975,279501754,7505240,4096
1625724975,279501754,7505248,4096
1625724975,279501754,7505256,4096
1625724975,279501754,7505264,4096
1625724975,279501754,7505272,4096
1625724975,279502827,7505280,4096
1625724975,279502827,7505288,4096
1625724975,279502827,7505296,4096
1625724975,279502827,7505304,4096
1625724975,280130825,9346976,4096
1625724975,280130825,9346984,4096
1625724975,280130825,9346992,4096
1625724975,280131898,9347000,4096
1625724975,280131898,9347008,4096
1625724975,280131898,9347016,4096
1625724975,280131898,9347024,4096
1625724975,280131898,9347032,4096
1625724975,280131898,9347040,4096
1625724975,280131898,9347048,4096
1625724975,280131898,9347056,4096
1625724975,280131898,9347064,4096
1625724975,280291850,9347072,4096
1625724975,280291850,9347080,4096
1625724975,280291850,9347088,4096
1625724975,280291850,9347096,4096
1625724975,280291850,9347104,4096
1625724975,280291850,9347112,4096
1625724975,280291850,9347120,4096
1625724975,280291850,9347128,4096
1625724975,280292923,9347136,4096
1625724975,280292923,9347144,4096
1625724975,280292923,9347152,4096
1625724975,280292923,9347160,4096
1625724975,280517285,7483200,4096
1625724975,280517285,7483208,4096
1625724975,280517285,7483216,4096
1625724975,280517285,7483224,4096
1625724975,280517285,7483232,4096
1625724975,280517285,7483240,4096
1625724975,280517285,7483248,4096
1625724975,280518358,7483256,4096
1625724975,280518358,7483264,4096
1625724975,280518358,7483272,4096
1625724975,280518358,7483280,4096
1625724975,280518358,7483288,4096
1625724975,280613900,7483104,4096
1625724975,280614973,7483112,4096
1625724975,280614973,7483120,4096
1625724975,280614973,7483128,4096
1625724975,280614973,7483136,4096
1625724975,280614973,7483144,4096
1625724975,280614973,7483152,4096
1625724975,280614973,7483160,4096
1625724975,280614973,7483168,4096
1625724975,280614973,7483176,4096
1625724975,280616047,7483184,4096
1625724975,280616047,7483192,4096
1625724975,294372949,7493376,4096
1625724975,294374023,7493384,4096
1625724975,294374023,7493392,4096
1625724975,294374023,7493400,4096
1625724975,294374023,7493408,4096
1625724975,294374023,7493416,4096
1625724975,294374023,7493424,4096
1625724975,294374023,7493432,4096
1625724975,294374023,7493440,4096
1625724975,294374023,7493448,4096
1625724975,294375096,7493456,4096
1625724975,294375096,7493464,4096
1625724975,294463123,7493472,4096
1625724975,294463123,7493480,4096
1625724975,294463123,7493488,4096
1625724975,294463123,7493496,4096
1625724975,294463123,7493504,4096
1625724975,294464197,7493512,4096
1625724975,294464197,7493520,4096
1625724975,294464197,7493528,4096
1625724975,294464197,7493536,4096
1625724975,294464197,7493544,4096
1625724975,294464197,7493552,4096
1625724975,294464197,7493560,4096
1625724975,294882862,7505696,4096
1625724975,294882862,7505704,4096
1625724975,294882862,7505712,4096
1625724975,294882862,7505720,4096
1625724975,294883935,7505728,4096
1625724975,294883935,7505736,4096
1625724975,294883935,7505744,4096
1625724975,294883935,7505752,4096
1625724975,294883935,7505760,4096
1625724975,294883935,7505768,4096
1625724975,294883935,7505776,4096
1625724975,294883935,7505784,4096
1625724975,294883935,7505792,4096
1625724975,294885009,7505800,4096
1625724975,294985918,7505808,4096
1625724975,294985918,7505816,4096
1625724975,294985918,7505824,4096
1625724975,294985918,7505832,4096
1625724975,294985918,7505840,4096
1625724975,294986991,7505848,4096
1625724975,294986991,7505856,4096
1625724975,294986991,7505864,4096
1625724975,294986991,7505872,4096
1625724975,294986991,7505880,4096
1625724975,294986991,7505888,4096
1625724975,294986991,7505896,4096
1625724975,294986991,7505904,4096
1625724975,294986991,7505912,4096
1625724975,295338026,9165616,4096
1625724975,295338026,9165624,4096
1625724975,295338026,9165632,4096
1625724975,295338026,9165640,4096
1625724975,295338026,9165648,4096
1625724975,295338026,9165656,4096
1625724975,295338026,9165664,4096
1625724975,295339099,9165672,4096
1625724975,295339099,9165680,4096
1625724975,295339099,9165688,4096
1625724975,295339099,9165696,4096
1625724975,295339099,9165704,4096
1625724975,295339099,9165712,4096
1625724975,295339099,9165720,4096
1625724975,295449670,9165504,4096
1625724975,295449670,9165512,4096
1625724975,295449670,9165520,4096
1625724975,295450743,9165528,4096
1625724975,295450743,9165536,4096
1625724975,295450743,9165544,4096
1625724975,295450743,9165552,4096
1625724975,295450743,9165560,4096
1625724975,295450743,9165568,4096
1625724975,295450743,9165576,4096
1625724975,295450743,9165584,4096
1625724975,295451817,9165592,4096
1625724975,295451817,9165600,4096
1625724975,295451817,9165608,4096
1625724975,295508712,10238912,4096
1625724975,295508712,10238920,4096
1625724975,295508712,10238928,4096
1625724975,295508712,10238936,4096
1625724975,295508712,10238944,4096
1625724975,295508712,10238952,4096
1625724975,295508712,10238960,4096
1625724975,295509786,10238968,4096
1625724975,295665443,7494688,4096
1625724975,295665443,7494696,4096
1625724975,295665443,7494704,4096
1625724975,295665443,7494712,4096
1625724975,295665443,7494720,4096
1625724975,295666517,7494728,4096
1625724975,295666517,7494736,4096
1625724975,295666517,7494744,4096
1625724975,295666517,7494752,4096
1625724975,295666517,7494760,4096
1625724975,295666517,7494768,4096
1625724975,295666517,7494776,4096
1625724975,295666517,7494784,4096
1625724975,295666517,7494792,4096
1625724975,295667590,7494800,4096
1625724975,295667590,7494808,4096
1625724975,295825395,7494816,4096
1625724975,295825395,7494824,4096
1625724975,295825395,7494832,4096
1625724975,295825395,7494840,4096
1625724975,295825395,7494848,4096
1625724975,295825395,7494856,4096
1625724975,295825395,7494864,4096
1625724975,295825395,7494872,4096
1625724975,295826468,7494880,4096
1625724975,295826468,7494888,4096
1625724975,295826468,7494896,4096
1625724975,295826468,7494904,4096
1625724975,295826468,7494912,4096
1625724975,295826468,7494920,4096
1625724975,295826468,7494928,4096
1625724975,295826468,7494936,4096
1625724975,295908054,7506272,4096
1625724975,295908054,7506280,4096
1625724975,295908054,7506288,4096
1625724975,295908054,7506296,4096
1625724975,295908054,7506304,4096
1625724975,295908054,7506312,4096
1625724975,295909128,7506320,4096
1625724975,295909128,7506328,4096
1625724975,295909128,7506336,4096
1625724975,295909128,7506344,4096
1625724975,296532831,7506352,4096
1625724975,296532831,7506360,4096
1625724975,296532831,7506368,4096
1625724975,296532831,7506376,4096
1625724975,296533905,7506384,4096
1625724975,296533905,7506392,4096
1625724975,296533905,7506400,4096
1625724975,296533905,7506408,4096
1625724975,296533905,7506416,4096
1625724975,296533905,7506424,4096
1625724975,310696590,7511744,4096
1625724975,310696590,7511752,4096
1625724975,310697664,7511760,4096
1625724975,310697664,7511768,4096
1625724975,310697664,7511776,4096
1625724975,310697664,7511784,4096
1625724975,310697664,7511792,4096
1625724975,310697664,7511800,4096
1625724975,310697664,7511808,4096
1625724975,310697664,7511816,4096
1625724975,310697664,7511824,4096
1625724975,310698737,7511832,4096
1625724975,310809308,7511840,4096
1625724975,310810381,7511848,4096
1625724975,310810381,7511856,4096
1625724975,310810381,7511864,4096
1625724975,310810381,7511872,4096
1625724975,310810381,7511880,4096
1625724975,310810381,7511888,4096
1625724975,310810381,7511896,4096
1625724975,310810381,7511904,4096
1625724975,310810381,7511912,4096
1625724975,310811455,7511920,4096
1625724975,310811455,7511928,4096
1625724975,310967112,10239584,4096
1625724975,310967112,10239592,4096
1625724975,310967112,10239600,4096
1625724975,310967112,10239608,4096
1625724975,310967112,10239616,4096
1625724975,310967112,10239624,4096
1625724975,310967112,10239632,4096
1625724975,310967112,10239640,4096
1625724976,100569414,69438144,4096
1625724976,100569414,69438152,4096
1625724976,100569414,69438160,4096
1625724976,100569414,69438168,4096
1625724976,100569414,69438176,4096
1625724976,100569414,69438184,2048
1625724976,281021543,61872968,4096
1625724976,281021543,61872976,4096
1625724976,281022617,61872984,4096
1625724976,281022617,61872992,4096
1625724976,281761185,61873000,4096
1625724976,281761185,61873008,4096
1625724976,281761185,61873016,4096
1625724976,281761185,61873024,4096
1625724976,281761185,61873032,4096
1625724976,281761185,61873040,4096
1625724976,281762258,61873048,4096
1625724976,281762258,61873056,4096
1625724976,281762258,61873064,4096
1625724976,281762258,61873072,4096
1625724976,281762258,61873080,4096
1625724976,281762258,61873088,4096
1625724976,281762258,61873096,4096
1625724976,281762258,61873104,4096
1625724976,281855653,61873112,4096
1625724976,281855653,61873120,4096
1625724976,281855653,61873128,4096
1625724976,281855653,61873136,4096
1625724976,281855653,61873144,4096
1625724976,281856726,61873152,4096
1625724976,281856726,61873160,4096
1625724976,281856726,61873168,4096
1625724976,281856726,61873176,4096
1625724976,281856726,61873184,4096
1625724976,281856726,61873192,4096
1625724976,281856726,61873200,4096
1625724976,281856726,61873208,4096
1625724976,281856726,61873216,4096
1625724976,282381668,61873224,4096
1625724976,282381668,61873232,4096
1625724976,282381668,61873240,4096
1625724976,282381668,61873248,4096
1625724976,282381668,61873256,4096
1625724976,282381668,61873264,4096
1625724976,282381668,61873272,4096
1625724976,282381668,61873280,4096
1625724976,282382741,61873288,4096
1625724976,282382741,61873296,4096
1625724976,282382741,61873304,1024
1625724976,381180167,2806442,4096
1625724976,381180167,2806450,4096
1625724976,381180167,2806458,4096
1625724976,381180167,2806466,4096
1625724976,381180167,2806474,4096
1625724976,381180167,2806482,4096
1625724976,381181240,2806490,4096
1625724976,381181240,2806498,4096
1625724976,382206433,2636378,4096
1625724976,382206433,2636386,4096
1625724976,382207506,2636394,4096
1625724976,382207506,2636402,4096
1625724976,382207506,2636410,4096
1625724976,382207506,2636418,4096
1625724976,382207506,2636426,4096
1625724976,382207506,2636434,4096
1625724976,382923531,2636314,4096
1625724976,382924604,2636322,4096
1625724976,382924604,2636330,4096
1625724976,382924604,2636338,4096
1625724976,382924604,2636346,4096
1625724976,382924604,2636354,4096
1625724976,382924604,2636362,4096
1625724976,382925678,2636370,4096
1625724976,385370037,6857392,4096
1625724976,595241434,61487736,4096
1625724976,595241434,61487744,4096
1625724976,595241434,61487752,4096
1625724976,595242508,61487760,4096
1625724976,596084132,61487768,4096
1625724976,596084132,61487776,4096
1625724976,596084132,61487784,4096
1625724976,596084132,61487792,4096
1625724976,596084132,61487800,4096
1625724976,596084132,61487808,4096
1625724976,596085205,61487816,4096
1625724976,596085205,61487824,4096
1625724976,596085205,61487832,4096
1625724976,596085205,61487840,4096
1625724976,596085205,61487848,4096
1625724976,596085205,61487856,4096
1625724976,596085205,61487864,4096
1625724976,596085205,61487872,4096
1625724976,596188261,61487880,4096
1625724976,596188261,61487888,4096
1625724976,596188261,61487896,4096
1625724976,596188261,61487904,4096
1625724976,596188261,61487912,4096
1625724976,596189335,61487920,4096
1625724976,596189335,61487928,4096
1625724976,596189335,61487936,4096
1625724976,596189335,61487944,4096
1625724976,596189335,61487952,4096
1625724976,596189335,61487960,4096
1625724976,596189335,61487968,4096
1625724976,596189335,61487976,4096
1625724976,596189335,61487984,4096
1625724976,596890330,61487992,4096
1625724976,596891404,61488000,4096
1625724976,596891404,61488008,4096
1625724976,596891404,61488016,4096
1625724976,596891404,61488024,4096
1625724976,596891404,61488032,4096
1625724976,596891404,61488040,4096
1625724976,596891404,61488048,4096
1625724976,596891404,61488056,4096
1625724976,596891404,61488064,4096
1625724976,596892477,61488072,4096
1625724976,596892477,61488080,4096
1625724976,596892477,61488088,4096
1625724976,596892477,61488096,4096
1625724976,596892477,61488104,4096
1625724976,596892477,61488112,4096
1625724976,597617090,61488120,4096
1625724976,597618163,61488128,4096
1625724976,597618163,61488136,4096
1625724976,597618163,61488144,4096
1625724976,597618163,61488152,4096
1625724976,597618163,61488160,4096
1625724976,597618163,61488168,4096
1625724976,597618163,61488176,4096
1625724976,597618163,61488184,4096
1625724976,597619237,61488192,4096
1625724976,597619237,61488200,4096
1625724976,597619237,61488208,4096
1625724976,597619237,61488216,4096
1625724976,597619237,61488224,4096
1625724976,597619237,61488232,4096
1625724976,597619237,61488240,4096
1625724976,597742689,61488248,4096
1625724976,597742689,61488256,4096
1625724976,597742689,61488264,4096
1625724976,597742689,61488272,4096
1625724976,597742689,61488280,4096
1625724976,597742689,61488288,4096
1625724976,597743763,61488296,4096
1625724976,597743763,61488304,4096
1625724976,597743763,61488312,4096
1625724976,597743763,61488320,4096
1625724976,597743763,61488328,4096
1625724976,597743763,61488336,4096
1625724976,597743763,61488344,4096
1625724976,597743763,61488352,4096
1625724976,597744836,61488360,4096
1625724976,597744836,61488368,4096
1625724976,602928768,61488376,4096
1625724976,602929841,61488384,4096
1625724976,602929841,61488392,4096
1625724976,602929841,61488400,4096
1625724976,602929841,61488408,4096
1625724976,602929841,61488416,4096
1625724976,602929841,61488424,4096
1625724976,602929841,61488432,4096
1625724976,602930915,61488440,4096
1625724976,602930915,61488448,4096
1625724976,602930915,61488456,4096
1625724976,602930915,61488464,4096
1625724976,602930915,61488472,4096
1625724976,602930915,61488480,4096
1625724976,602930915,61488488,4096
1625724976,602930915,61488496,4096
1625724976,603055441,61488504,4096
1625724976,603055441,61488512,4096
1625724976,603055441,61488520,4096
1625724976,603055441,61488528,4096
1625724976,603055441,61488536,4096
1625724976,603055441,61488544,4096
1625724976,603055441,61488552,4096
1625724976,603056514,61488560,4096
1625724976,603056514,61488568,4096
1625724976,603056514,61488576,4096
1625724976,603056514,61488584,4096
1625724976,603056514,61488592,4096
1625724976,603056514,61488600,4096
1625724976,603056514,61488608,4096
1625724976,603056514,61488616,4096
1625724976,603056514,61488624,4096
1625724976,608108405,61488632,4096
1625724976,608108405,61488640,4096
1625724976,608108405,61488648,4096
1625724976,608109479,61488656,4096
1625724976,608109479,61488664,4096
1625724976,608109479,61488672,4096
1625724976,608109479,61488680,4096
1625724976,608109479,61488688,4096
1625724976,608109479,61488696,4096
1625724976,608109479,61488704,4096
1625724976,608109479,61488712,4096
1625724976,608109479,61488720,4096
1625724976,608110552,61488728,2560
1625724976,804828354,6857400,4096
1625724976,99122336,48936976,4096
1625724976,99865198,69438112,4096
1625724976,99865198,69438120,4096
1625724976,99866271,69438128,4096
1625724976,99866271,69438136,4096
1625724977,1038030913,6857432,4096
1625724977,1053725483,2192840,4096
1625724977,1053725483,2192848,1536
1625724977,246308561,7540832,4096
1625724977,246309634,7540840,4096
1625724977,246309634,7540848,4096
1625724977,246309634,7540856,4096
1625724977,246309634,7540864,4096
1625724977,246309634,7540872,4096
1625724977,246309634,7540880,4096
1625724977,246309634,7540888,4096
1625724977,246309634,7540896,4096
1625724977,246310708,7540904,4096
1625724977,246310708,7540912,4096
1625724977,246310708,7540920,4096
1625724977,246310708,7540928,4096
1625724977,246310708,7540936,4096
1625724977,246966616,7540944,4096
1625724977,246966616,7540952,4096
1625724977,246966616,7540960,4096
1625724977,246966616,7540968,4096
1625724977,246966616,7540976,4096
1625724977,246967690,7540984,4096
1625724977,246967690,7540992,4096
1625724977,246967690,7541000,4096
1625724977,246967690,7541008,4096
1625724977,246967690,7541016,4096
1625724977,246967690,7541024,4096
1625724977,246967690,7541032,4096
1625724977,246967690,7541040,4096
1625724977,246967690,7541048,4096
1625724977,247401384,7526880,4096
1625724977,247401384,7526888,4096
1625724977,247401384,7526896,4096
1625724977,247402457,7526904,4096
1625724977,247402457,7526912,4096
1625724977,247402457,7526920,4096
1625724977,247402457,7526928,4096
1625724977,247402457,7526936,4096
1625724977,247402457,7526944,4096
1625724977,247402457,7526952,4096
1625724977,247402457,7526960,4096
1625724977,247403531,7526968,4096
1625724977,247403531,7526976,4096
1625724977,247403531,7526984,4096
1625724977,247403531,7526992,4096
1625724977,247403531,7527000,4096
1625724977,247403531,7527008,4096
1625724977,247403531,7527016,4096
1625724977,247792138,7527024,4096
1625724977,247792138,7527032,4096
1625724977,247792138,7527040,4096
1625724977,247793211,7527048,4096
1625724977,247793211,7527056,4096
1625724977,247793211,7527064,4096
1625724977,247793211,7527072,4096
1625724977,247793211,7527080,4096
1625724977,247793211,7527088,4096
1625724977,247793211,7527096,4096
1625724977,247793211,7527104,4096
1625724977,247793211,7527112,4096
1625724977,247794285,7527120,4096
1625724977,247794285,7527128,4096
1625724977,247794285,7527136,4096
1625724977,247794285,7527144,4096
1625724977,247794285,7527152,4096
1625724977,247794285,7527160,4096
1625724977,248233346,7479904,4096
1625724977,248233346,7479912,4096
1625724977,248233346,7479920,4096
1625724977,248233346,7479928,4096
1625724977,248233346,7479936,4096
1625724977,248233346,7479944,4096
1625724977,248233346,7479952,4096
1625724977,248234420,7479960,4096
1625724977,248234420,7479968,4096
1625724977,248234420,7479976,4096
1625724977,248234420,7479984,4096
1625724977,248234420,7479992,4096
1625724977,248234420,7480000,4096
1625724977,248234420,7480008,4096
1625724977,248234420,7480016,4096
1625724977,248234420,7480024,4096
1625724977,248235493,7480032,4096
1625724977,248235493,7480040,4096
1625724977,248235493,7480048,4096
1625724977,248235493,7480056,4096
1625724977,248451267,7480064,4096
1625724977,248451267,7480072,4096
1625724977,248451267,7480080,4096
1625724977,248451267,7480088,4096
1625724977,248451267,7480096,4096
1625724977,248451267,7480104,4096
1625724977,248451267,7480112,4096
1625724977,248452340,7480120,4096
1625724977,248452340,7480128,4096
1625724977,248452340,7480136,4096
1625724977,248452340,7480144,4096
1625724977,248452340,7480152,4096
1625724977,248452340,7480160,4096
1625724977,248452340,7480168,4096
1625724977,248452340,7480176,4096
1625724977,248452340,7480184,4096
1625724977,248453414,7480192,4096
1625724977,248453414,7480200,4096
1625724977,248453414,7480208,4096
1625724977,248453414,7480216,4096
1625724977,248594042,10239680,4096
1625724977,248594042,10239688,4096
1625724977,248594042,10239696,4096
1625724977,248594042,10239704,4096
1625724977,248594042,10239712,4096
1625724977,248594042,10239720,4096
1625724977,248594042,10239728,4096
1625724977,248594042,10239736,4096
1625724977,248878520,9165184,4096
1625724977,248878520,9165192,4096
1625724977,248878520,9165200,4096
1625724977,248878520,9165208,4096
1625724977,248878520,9165216,4096
1625724977,248878520,9165224,4096
1625724977,248878520,9165232,4096
1625724977,248879593,9165240,4096
1625724977,248879593,9165248,4096
1625724977,248879593,9165256,4096
1625724977,248879593,9165264,4096
1625724977,248879593,9165272,4096
1625724977,248879593,9165280,4096
1625724977,248879593,9165288,4096
1625724977,248879593,9165296,4096
1625724977,248879593,9165304,4096
1625724977,248880667,9165312,4096
1625724977,248880667,9165320,4096
1625724977,249311140,9165328,4096
1625724977,249311140,9165336,4096
1625724977,249311140,9165344,4096
1625724977,249311140,9165352,4096
1625724977,249311140,9165360,4096
1625724977,249311140,9165368,4096
1625724977,249312214,9165376,4096
1625724977,249312214,9165384,4096
1625724977,249312214,9165392,4096
1625724977,249315434,9165400,4096
1625724977,249315434,9165408,4096
1625724977,249315434,9165416,4096
1625724977,249316508,9165424,4096
1625724977,249316508,9165432,4096
1625724977,249316508,9165440,4096
1625724977,249316508,9165448,4096
1625724977,249316508,9165456,4096
1625724977,249316508,9165464,4096
1625724977,249821053,9359200,4096
1625724977,249821053,9359208,4096
1625724977,249821053,9359216,4096
1625724977,249821053,9359224,4096
1625724977,249821053,9359232,4096
1625724977,249822126,9359240,4096
1625724977,249822126,9359248,4096
1625724977,249822126,9359256,4096
1625724977,249822126,9359264,4096
1625724977,249822126,9359272,4096
1625724977,249822126,9359280,4096
1625724977,249822126,9359288,4096
1625724977,249822126,9359296,4096
1625724977,249822126,9359304,4096
1625724977,249822126,9359312,4096
1625724977,249823200,9359320,4096
1625724977,249823200,9359328,4096
1625724977,249823200,9359336,4096
1625724977,249823200,9359344,4096
1625724977,249823200,9359352,4096
1625724977,249970269,9359360,4096
1625724977,249970269,9359368,4096
1625724977,249970269,9359376,4096
1625724977,249970269,9359384,4096
1625724977,249970269,9359392,4096
1625724977,249970269,9359400,4096
1625724977,249970269,9359408,4096
1625724977,249970269,9359416,4096
1625724977,249971343,9359424,4096
1625724977,249971343,9359432,4096
1625724977,249971343,9359440,4096
1625724977,249971343,9359448,4096
1625724977,249971343,9359456,4096
1625724977,249971343,9359464,4096
1625724977,249971343,9359472,4096
1625724977,249971343,9359480,4096
1625724977,249971343,9359488,4096
1625724977,249972416,9359496,4096
1625724977,249972416,9359504,4096
1625724977,249972416,9359512,4096
1625724977,250454418,6045024,4096
1625724977,250454418,6045032,4096
1625724977,250455491,6045040,4096
1625724977,250455491,6045048,4096
1625724977,250455491,6045056,4096
1625724977,250455491,6045064,4096
1625724977,250455491,6045072,4096
1625724977,250455491,6045080,4096
1625724977,250563915,9166880,4096
1625724977,250563915,9166888,4096
1625724977,250564988,9166896,4096
1625724977,250564988,9166904,4096
1625724977,270147775,6137184,4096
1625724977,270147775,6137192,4096
1625724977,270147775,6137200,4096
1625724977,270147775,6137208,4096
1625724977,270147775,6137216,4096
1625724977,270148849,6137224,4096
1625724977,270148849,6137232,4096
1625724977,270148849,6137240,4096
1625724977,270513839,9167616,4096
1625724977,270514912,9167624,4096
1625724977,270514912,9167632,4096
1625724977,270514912,9167640,4096
1625724977,270514912,9167648,4096
1625724977,270514912,9167656,4096
1625724977,270514912,9167664,4096
1625724977,270514912,9167672,4096
1625724977,270514912,9167680,4096
1625724977,270514912,9167688,4096
1625724977,270514912,9167696,4096
1625724977,270515986,9167704,4096
1625724977,270515986,9167712,4096
1625724977,270515986,9167720,4096
1625724977,270515986,9167728,4096
1625724977,270515986,9167736,4096
1625724977,270515986,9167744,4096
1625724977,270515986,9167752,4096
1625724977,270515986,9167760,4096
1625724977,270515986,9167768,4096
1625724977,270517059,9167776,4096
1625724977,270517059,9167784,4096
1625724977,270678084,9167792,4096
1625724977,270678084,9167800,4096
1625724977,270678084,9167808,4096
1625724977,270678084,9167816,4096
1625724977,270678084,9167824,4096
1625724977,270679158,9167832,4096
1625724977,270679158,9167840,4096
1625724977,270679158,9167848,4096
1625724977,270679158,9167856,4096
1625724977,270679158,9167864,4096
1625724977,270679158,9167872,4096
1625724977,270679158,9167880,4096
1625724977,270679158,9167888,4096
1625724977,270679158,9167896,4096
1625724977,270680231,9167904,4096
1625724977,270680231,9167912,4096
1625724977,270680231,9167920,4096
1625724977,270680231,9167928,4096
1625724977,270680231,9167936,4096
1625724977,270680231,9167944,4096
1625724977,270680231,9167952,4096
1625724977,270680231,9167960,4096
1625724977,270732833,10240640,4096
1625724977,270732833,10240648,4096
1625724977,270732833,10240656,4096
1625724977,270732833,10240664,4096
1625724977,270732833,10240672,4096
1625724977,270733906,10240680,4096
1625724977,270733906,10240688,4096
1625724977,270733906,10240696,4096
1625724977,271036633,7529451,4096
1625724977,271037707,7529459,4096
1625724977,271037707,7529467,4096
1625724977,271037707,7529475,4096
1625724977,271037707,7529483,4096
1625724977,271037707,7529491,4096
1625724977,271037707,7529499,4096
1625724977,271038780,7529507,4096
1625724977,271038780,7529515,4096
1625724977,271038780,7529523,4096
1625724977,271038780,7529531,4096
1625724977,271038780,7529539,4096
1625724977,271038780,7529547,4096
1625724977,271038780,7529555,4096
1625724977,271038780,7529563,4096
1625724977,271038780,7529571,4096
1625724977,271039854,7529579,4096
1625724977,271039854,7529587,4096
1625724977,271039854,7529595,4096
1625724977,271039854,7529603,4096
1625724977,271039854,7529611,4096
1625724977,271039854,7529619,1536
1625724977,271201952,7529280,4096
1625724977,271201952,7529288,4096
1625724977,271201952,7529296,4096
1625724977,271201952,7529304,4096
1625724977,271201952,7529312,4096
1625724977,271203026,7529320,4096
1625724977,271203026,7529328,4096
1625724977,271203026,7529336,4096
1625724977,271203026,7529344,4096
1625724977,271203026,7529352,4096
1625724977,271203026,7529360,4096
1625724977,271203026,7529368,4096
1625724977,271203026,7529376,4096
1625724977,271203026,7529384,4096
1625724977,271204099,7529392,4096
1625724977,271204099,7529400,4096
1625724977,271204099,7529408,4096
1625724977,271204099,7529416,4096
1625724977,271204099,7529424,4096
1625724977,271204099,7529432,4096
1625724977,271204099,7529440,4096
1625724977,271204099,7529448,1536
1625724977,271366198,7529622,4096
1625724977,271366198,7529630,4096
1625724977,271366198,7529638,4096
1625724977,271366198,7529646,4096
1625724977,271366198,7529654,4096
1625724977,271366198,7529662,4096
1625724977,271366198,7529670,4096
1625724977,271366198,7529678,4096
1625724977,271367271,7529686,4096
1625724977,271367271,7529694,4096
1625724977,271367271,7529702,4096
1625724977,271367271,7529710,4096
1625724977,271367271,7529718,4096
1625724977,271367271,7529726,4096
1625724977,271367271,7529734,4096
1625724977,271367271,7529742,4096
1625724977,271368345,7529750,4096
1625724977,271368345,7529758,4096
1625724977,271368345,7529766,4096
1625724977,271368345,7529774,4096
1625724977,271368345,7529782,4096
1625724977,271368345,7529790,1024
1625724977,271401623,7529792,4096
1625724977,271401623,7529800,4096
1625724977,271402697,7529808,4096
1625724977,271402697,7529816,4096
1625724977,271735482,6268832,4096
1625724977,271735482,6268840,4096
1625724977,271735482,6268848,4096
1625724977,271735482,6268856,4096
1625724977,271735482,6268864,4096
1625724977,271735482,6268872,4096
1625724977,271736555,6268880,4096
1625724977,271736555,6268888,4096
1625724977,271736555,6268896,4096
1625724977,271736555,6268904,4096
1625724977,271736555,6268912,4096
1625724977,271736555,6268920,4096
1625724977,271736555,6268928,4096
1625724977,271736555,6268936,4096
1625724977,271736555,6268944,4096
1625724977,271737629,6268952,4096
1625724977,271737629,6268960,4096
1625724977,271737629,6268968,4096
1625724977,271737629,6268976,4096
1625724977,271737629,6268984,4096
1625724977,271737629,6268992,4096
1625724977,271737629,6269000,1536
1625724977,271897580,6269003,4096
1625724977,271897580,6269011,4096
1625724977,271897580,6269019,4096
1625724977,271897580,6269027,4096
1625724977,271897580,6269035,4096
1625724977,271898654,6269043,4096
1625724977,271898654,6269051,4096
1625724977,271898654,6269059,4096
1625724977,271898654,6269067,4096
1625724977,271898654,6269075,4096
1625724977,271898654,6269083,4096
1625724977,271898654,6269091,4096
1625724977,271898654,6269099,4096
1625724977,271898654,6269107,4096
1625724977,271899727,6269115,4096
1625724977,271899727,6269123,4096
1625724977,271899727,6269131,4096
1625724977,271899727,6269139,4096
1625724977,271899727,6269147,4096
1625724977,271899727,6269155,4096
1625724977,271899727,6269163,4096
1625724977,271899727,6269171,1536
1625724977,272065046,6269174,4096
1625724977,272065046,6269182,4096
1625724977,272065046,6269190,4096
1625724977,272066120,6269198,4096
1625724977,272066120,6269206,4096
1625724977,272066120,6269214,4096
1625724977,272066120,6269222,4096
1625724977,272066120,6269230,4096
1625724977,272066120,6269238,4096
1625724977,272066120,6269246,4096
1625724977,272066120,6269254,4096
1625724977,272066120,6269262,4096
1625724977,272067193,6269270,4096
1625724977,272067193,6269278,4096
1625724977,272067193,6269286,4096
1625724977,272067193,6269294,4096
1625724977,272067193,6269302,4096
1625724977,272067193,6269310,4096
1625724977,272067193,6269318,4096
1625724977,272067193,6269326,4096
1625724977,272067193,6269334,4096
1625724977,272068267,6269342,1024
1625724977,272164882,6269344,4096
1625724977,272164882,6269352,4096
1625724977,272164882,6269360,4096
1625724977,272164882,6269368,4096
1625724977,272164882,6269376,4096
1625724977,272164882,6269384,4096
1625724977,272165955,6269392,4096
1625724977,272165955,6269400,4096
1625724977,272165955,6269408,4096
1625724977,272165955,6269416,4096
1625724977,272165955,6269424,4096
1625724977,272165955,6269432,4096
1625724977,287880922,9360384,4096
1625724977,287880922,9360392,4096
1625724977,287880922,9360400,4096
1625724977,287880922,9360408,4096
1625724977,287881995,9360416,4096
1625724977,287881995,9360424,4096
1625724977,287881995,9360432,4096
1625724977,287881995,9360440,4096
1625724977,287881995,9360448,4096
1625724977,287881995,9360456,4096
1625724977,287881995,9360464,4096
1625724977,287881995,9360472,4096
1625724977,287883069,9360480,4096
1625724977,287883069,9360488,4096
1625724977,287883069,9360496,4096
1625724977,287883069,9360504,4096
1625724977,287883069,9360512,4096
1625724977,287883069,9360520,4096
1625724977,287883069,9360528,4096
1625724977,287883069,9360536,4096
1625724977,288079519,9360544,4096
1625724977,288079519,9360552,4096
1625724977,288079519,9360560,4096
1625724977,288079519,9360568,4096
1625724977,288079519,9360576,4096
1625724977,288079519,9360584,4096
1625724977,288079519,9360592,4096
1625724977,288080593,9360600,4096
1625724977,288080593,9360608,4096
1625724977,288080593,9360616,4096
1625724977,288080593,9360624,4096
1625724977,288080593,9360632,4096
1625724977,288080593,9360640,4096
1625724977,288080593,9360648,4096
1625724977,288080593,9360656,4096
1625724977,288080593,9360664,4096
1625724977,288081666,9360672,4096
1625724977,288081666,9360680,4096
1625724977,288081666,9360688,4096
1625724977,288081666,9360696,4096
1625724977,288419819,9166560,4096
1625724977,288419819,9166568,4096
1625724977,288419819,9166576,4096
1625724977,288419819,9166584,4096
1625724977,288420892,9166592,4096
1625724977,288420892,9166600,4096
1625724977,288420892,9166608,4096
1625724977,288420892,9166616,4096
1625724977,288420892,9166624,4096
1625724977,288420892,9166632,4096
1625724977,288420892,9166640,4096
1625724977,288420892,9166648,4096
1625724977,288420892,9166656,4096
1625724977,288421966,9166664,4096
1625724977,288421966,9166672,4096
1625724977,288421966,9166680,4096
1625724977,288421966,9166688,4096
1625724977,288421966,9166696,4096
1625724977,288546492,9166704,4096
1625724977,288546492,9166712,4096
1625724977,288546492,9166720,4096
1625724977,288546492,9166728,4096
1625724977,288547565,9166736,4096
1625724977,288547565,9166744,4096
1625724977,288547565,9166752,4096
1625724977,288547565,9166760,4096
1625724977,288547565,9166768,4096
1625724977,288547565,9166776,4096
1625724977,288547565,9166784,4096
1625724977,288547565,9166792,4096
1625724977,288547565,9166800,4096
1625724977,288548639,9166808,4096
1625724977,288548639,9166816,4096
1625724977,288548639,9166824,4096
1625724977,288548639,9166832,4096
1625724977,288548639,9166840,4096
1625724977,299418900,7516512,4096
1625724977,299418900,7516520,4096
1625724977,299418900,7516528,4096
1625724977,299419973,7516536,4096
1625724977,299419973,7516544,4096
1625724977,299419973,7516552,4096
1625724977,299419973,7516560,4096
1625724977,299419973,7516568,4096
1625724977,299419973,7516576,4096
1625724977,299419973,7516584,4096
1625724977,299419973,7516592,4096
1625724977,299419973,7516600,4096
1625724977,299421047,7516608,4096
1625724977,299421047,7516616,4096
1625724977,299421047,7516624,4096
1625724977,299421047,7516632,4096
1625724977,299421047,7516640,4096
1625724977,299421047,7516648,4096
1625724977,299421047,7516656,4096
1625724977,299421047,7516664,4096
1625724977,299421047,7516672,4096
1625724977,299422120,7516680,4096
1625724977,299422120,7516688,4096
1625724977,299422120,7516696,4096
1625724977,299600321,7516704,4096
1625724977,299600321,7516712,4096
1625724977,299600321,7516720,4096
1625724977,299600321,7516728,4096
1625724977,299600321,7516736,4096
1625724977,299600321,7516744,4096
1625724977,299600321,7516752,4096
1625724977,299601395,7516760,4096
1625724977,299601395,7516768,4096
1625724977,299601395,7516776,4096
1625724977,299601395,7516784,4096
1625724977,299601395,7516792,4096
1625724977,299601395,7516800,4096
1625724977,299601395,7516808,4096
1625724977,299601395,7516816,4096
1625724977,299601395,7516824,4096
1625724977,299602468,7516832,4096
1625724977,299602468,7516840,4096
1625724977,299602468,7516848,4096
1625724977,299602468,7516856,4096
1625724977,299602468,7516864,4096
1625724977,299602468,7516872,4096
1625724977,299602468,7516880,4096
1625724977,299602468,7516888,4096
1625724977,777308895,10516256,2048
1625724977,861460560,838872,4096
1625724977,861461633,838880,4096
1625724977,861461633,838888,4096
1625724977,861462707,838896,4096
1625724977,861462707,838904,4096
1625724977,861463780,838912,4096
1625724977,861463780,838920,4096
1625724977,861464854,838928,4096
1625724977,903736063,6857408,4096
1625724977,920746744,48936984,4096
1625724977,921351125,2192496,4096
1625724977,921352198,2192504,512
1625724978,148896737,70644704,4096
1625724978,148897811,70644712,4096
1625724978,148897811,70644720,4096
1625724978,148897811,70644728,4096
1625724978,149571969,70644736,4096
1625724978,149571969,70644744,4096
1625724978,149571969,70644752,4096
1625724978,149571969,70644760,4096
1625724978,149571969,70644768,2560
1625724978,247238999,6857440,4096
1625724978,325575514,48936992,4096
1625724978,326304421,3203936,4096
1625724978,326304421,3203944,4096
1625724978,326304421,3203952,4096
1625724978,326304421,3203960,4096
1625724978,326962476,3203968,4096
1625724978,326963550,3203976,4096
1625724978,326963550,3203984,4096
1625724978,326963550,3203992,4096
1625724978,326963550,3204000,4096
1625724978,326963550,3204008,512
1625724978,435139071,6857448,4096
1625724978,504021272,2196536,4096
1625724978,504021272,2196544,4096
1625724978,504021272,2196552,4096
1625724978,504021272,2196560,4096
1625724978,504726562,2196568,4096
1625724978,504726562,2196576,4096
1625724978,504726562,2196584,4096
1625724978,504726562,2196592,4096
1625724978,504726562,2196600,4096
1625724978,504726562,2196608,4096
1625724978,504727635,2196616,4096
1625724978,504727635,2196624,4096
1625724978,504727635,2196632,4096
1625724978,504727635,2196640,4096
1625724978,504727635,2196648,2560
1625724978,742286744,6416752,4096
1625724978,742286744,6416760,4096
1625724978,742286744,6416768,4096
1625724978,742286744,6416776,4096
1625724978,743040341,6416784,4096
1625724978,743041415,6416792,4096
1625724978,743041415,6416800,4096
1625724978,743041415,6416808,4096
1625724978,743041415,6416816,4096
1625724978,743041415,6416824,4096
1625724978,743041415,6416832,4096
1625724978,743041415,6416840,4096
1625724978,743041415,6416848,2048
1625724978,743167014,6416852,4096
1625724978,743167014,6416860,4096
1625724978,743167014,6416868,4096
1625724978,743167014,6416876,4096
1625724978,743167014,6416884,4096
1625724978,743167014,6416892,4096
1625724978,743168088,6416900,4096
1625724978,743168088,6416908,4096
1625724978,743168088,6416916,2048
1625724979,163105297,6857464,4096
1625724979,225629157,48937000,4096
1625724979,226432135,3658720,4096
1625724979,226432135,3658728,4096
1625724979,226432135,3658736,4096
1625724979,226432135,3658744,2560
1625724979,240522896,7516896,4096
1625724979,240522896,7516904,4096
1625724979,240522896,7516912,4096
1625724979,240522896,7516920,4096
1625724979,240522896,7516928,4096
1625724979,240522896,7516936,4096
1625724979,240523970,7516944,4096
1625724979,240523970,7516952,4096
1625724979,240523970,7516960,4096
1625724979,240523970,7516968,4096
1625724979,240523970,7516976,4096
1625724979,240523970,7516984,4096
1625724979,240523970,7516992,4096
1625724979,240523970,7517000,4096
1625724979,240523970,7517008,4096
1625724979,240525043,7517016,4096
1625724979,240659231,7517024,4096
1625724979,240660304,7517032,4096
1625724979,240660304,7517040,4096
1625724979,240660304,7517048,4096
1625724979,240660304,7517056,4096
1625724979,240660304,7517064,4096
1625724979,240660304,7517072,4096
1625724979,240660304,7517080,4096
1625724979,240661378,7517088,4096
1625724979,240661378,7517096,4096
1625724979,240661378,7517104,4096
1625724979,240661378,7517112,4096
1625724979,240661378,7517120,4096
1625724979,240661378,7517128,4096
1625724979,240661378,7517136,4096
1625724979,240661378,7517144,4096
1625724979,240909356,7506496,4096
1625724979,240909356,7506504,4096
1625724979,240909356,7506512,4096
1625724979,240909356,7506520,4096
1625724979,240909356,7506528,4096
1625724979,240909356,7506536,4096
1625724979,240909356,7506544,4096
1625724979,240910430,7506552,4096
1625724979,240910430,7506560,4096
1625724979,240910430,7506568,4096
1625724979,240910430,7506576,4096
1625724979,240910430,7506584,4096
1625724979,240998457,7506592,4096
1625724979,240998457,7506600,4096
1625724979,240998457,7506608,4096
1625724979,240998457,7506616,4096
1625724979,240998457,7506624,4096
1625724979,240998457,7506632,4096
1625724979,240999530,7506640,4096
1625724979,240999530,7506648,4096
1625724979,240999530,7506656,4096
1625724979,240999530,7506664,4096
1625724979,240999530,7506672,4096
1625724979,240999530,7506680,4096
1625724979,241100439,7506720,4096
1625724979,241100439,7506728,4096
1625724979,241100439,7506736,4096
1625724979,241100439,7506744,4096
1625724979,241101513,7506752,4096
1625724979,241101513,7506760,4096
1625724979,241101513,7506768,4096
1625724979,241101513,7506776,4096
1625724979,241101513,7506784,4096
1625724979,241101513,7506792,4096
1625724979,241101513,7506800,4096
1625724979,241101513,7506808,4096
1625724979,241592102,7506816,4096
1625724979,241592102,7506824,4096
1625724979,241592102,7506832,4096
1625724979,241592102,7506840,4096
1625724979,241592102,7506848,4096
1625724979,241592102,7506856,4096
1625724979,241592102,7506864,4096
1625724979,241593176,7506872,4096
1625724979,241593176,7506880,4096
1625724979,241593176,7506888,4096
1625724979,241593176,7506896,4096
1625724979,241593176,7506904,4096
1625724979,242060148,7542848,4096
1625724979,242060148,7542856,4096
1625724979,242060148,7542864,4096
1625724979,242060148,7542872,4096
1625724979,242060148,7542880,4096
1625724979,242060148,7542888,4096
1625724979,242060148,7542896,4096
1625724979,242060148,7542904,4096
1625724979,242061222,7542912,4096
1625724979,242061222,7542920,4096
1625724979,242061222,7542928,4096
1625724979,242061222,7542936,4096
1625724979,242226541,7542944,4096
1625724979,242226541,7542952,4096
1625724979,242226541,7542960,4096
1625724979,242226541,7542968,4096
1625724979,242227614,7542976,4096
1625724979,242227614,7542984,4096
1625724979,242227614,7542992,4096
1625724979,242227614,7543000,4096
1625724979,242227614,7543008,4096
1625724979,242227614,7543016,4096
1625724979,242227614,7543024,4096
1625724979,242227614,7543032,4096
1625724979,242516386,7513120,4096
1625724979,242516386,7513128,4096
1625724979,242516386,7513136,4096
1625724979,242517459,7513144,4096
1625724979,242517459,7513152,4096
1625724979,242517459,7513160,4096
1625724979,242517459,7513168,4096
1625724979,242517459,7513176,4096
1625724979,242517459,7513184,4096
1625724979,242517459,7513192,4096
1625724979,242517459,7513200,4096
1625724979,242518533,7513208,4096
1625724979,242717130,7513216,4096
1625724979,242717130,7513224,4096
1625724979,242717130,7513232,4096
1625724979,242717130,7513240,4096
1625724979,242717130,7513248,4096
1625724979,242717130,7513256,4096
1625724979,242718204,7513264,4096
1625724979,242718204,7513272,4096
1625724979,242718204,7513280,4096
1625724979,242718204,7513288,4096
1625724979,242718204,7513296,4096
1625724979,242718204,7513304,4096
1625724979,242838436,10240736,4096
1625724979,242838436,10240744,4096
1625724979,242839509,10240752,4096
1625724979,242839509,10240760,4096
1625724979,242839509,10240768,4096
1625724979,242839509,10240776,4096
1625724979,242839509,10240784,4096
1625724979,242839509,10240792,4096
1625724979,243464286,7528992,4096
1625724979,243465360,7529000,4096
1625724979,243465360,7529008,4096
1625724979,243465360,7529016,4096
1625724979,243465360,7529024,4096
1625724979,243465360,7529032,4096
1625724979,243465360,7529040,4096
1625724979,243465360,7529048,4096
1625724979,243465360,7529056,4096
1625724979,243465360,7529064,4096
1625724979,243565195,7529072,4096
1625724979,243565195,7529080,4096
1625724979,243565195,7529088,4096
1625724979,243565195,7529096,4096
1625724979,243565195,7529104,4096
1625724979,243565195,7529112,4096
1625724979,243566269,7529120,4096
1625724979,243566269,7529128,4096
1625724979,243566269,7529136,4096
1625724979,243566269,7529144,4096
1625724979,25329086,6346240,4096
1625724979,261807181,7513664,4096
1625724979,261808254,7513672,4096
1625724979,261808254,7513680,4096
1625724979,261808254,7513688,4096
1625724979,261808254,7513696,4096
1625724979,261808254,7513704,4096
1625724979,261808254,7513712,4096
1625724979,261808254,7513720,4096
1625724979,261808254,7513728,4096
1625724979,261808254,7513736,4096
1625724979,261809328,7513744,4096
1625724979,261809328,7513752,4096
1625724979,261938148,7513760,4096
1625724979,261938148,7513768,4096
1625724979,261938148,7513776,4096
1625724979,261938148,7513784,4096
1625724979,261938148,7513792,4096
1625724979,261938148,7513800,4096
1625724979,261938148,7513808,4096
1625724979,261938148,7513816,4096
1625724979,261938148,7513824,4096
1625724979,261939221,7513832,4096
1625724979,261939221,7513840,4096
1625724979,261939221,7513848,4096
1625724979,262210817,45348800,4096
1625724979,262210817,45348808,4096
1625724979,262210817,45348816,4096
1625724979,262211890,45348824,4096
1625724979,262211890,45348832,4096
1625724979,262211890,45348840,4096
1625724979,262211890,45348848,4096
1625724979,262211890,45348856,4096
1625724979,262326755,7523952,4096
1625724979,262327828,7523960,4096
1625724979,262327828,7523968,4096
1625724979,262327828,7523976,4096
1625724979,262327828,7523984,4096
1625724979,262327828,7523992,4096
1625724979,262327828,7524000,4096
1625724979,262327828,7524008,4096
1625724979,262327828,7524016,4096
1625724979,262328902,7524024,4096
1625724979,262328902,7524032,4096
1625724979,262328902,7524040,4096
1625724979,262328902,7524048,4096
1625724979,262328902,7524056,4096
1625724979,262452354,7523840,4096
1625724979,262452354,7523848,4096
1625724979,262452354,7523856,4096
1625724979,262452354,7523864,4096
1625724979,262452354,7523872,4096
1625724979,262453428,7523880,4096
1625724979,262453428,7523888,4096
1625724979,262453428,7523896,4096
1625724979,262453428,7523904,4096
1625724979,262453428,7523912,4096
1625724979,262453428,7523920,4096
1625724979,262453428,7523928,4096
1625724979,262453428,7523936,4096
1625724979,262454501,7523944,4096
1625724979,26272693,48651544,4096
1625724979,26272693,48651552,4096
1625724979,26272693,48651560,4096
1625724979,26272693,48651568,4096
1625724979,262733611,7469536,4096
1625724979,262733611,7469544,4096
1625724979,262734685,7469552,4096
1625724979,262734685,7469560,4096
1625724979,262734685,7469568,4096
1625724979,262734685,7469576,4096
1625724979,262734685,7469584,4096
1625724979,262734685,7469592,4096
1625724979,262734685,7469600,4096
1625724979,262734685,7469608,4096
1625724979,262734685,7469616,4096
1625724979,262735758,7469624,4096
1625724979,262735758,7469632,4096
1625724979,262735758,7469640,4096
1625724979,262735758,7469648,4096
1625724979,262735758,7469656,4096
1625724979,262735758,7469664,4096
1625724979,262735758,7469672,4096
1625724979,262735758,7469680,4096
1625724979,262735758,7469688,4096
1625724979,262736832,7469696,4096
1625724979,262736832,7469704,1536
1625724979,262977296,7469707,4096
1625724979,262977296,7469715,4096
1625724979,262977296,7469723,4096
1625724979,262977296,7469731,4096
1625724979,262977296,7469739,4096
1625724979,262978369,7469747,4096
1625724979,262978369,7469755,4096
1625724979,262978369,7469763,4096
1625724979,262978369,7469771,4096
1625724979,262978369,7469779,4096
1625724979,262978369,7469787,4096
1625724979,262978369,7469795,4096
1625724979,262978369,7469803,4096
1625724979,262978369,7469811,4096
1625724979,262979443,7469819,4096
1625724979,262979443,7469827,4096
1625724979,262979443,7469835,4096
1625724979,262979443,7469843,4096
1625724979,262979443,7469851,4096
1625724979,262979443,7469859,4096
1625724979,262979443,7469867,4096
1625724979,262979443,7469875,1536
1625724979,263144762,7469878,4096
1625724979,263144762,7469886,4096
1625724979,263144762,7469894,4096
1625724979,263144762,7469902,4096
1625724979,263144762,7469910,4096
1625724979,263144762,7469918,4096
1625724979,263144762,7469926,4096
1625724979,263144762,7469934,4096
1625724979,263144762,7469942,4096
1625724979,263145835,7469950,4096
1625724979,263145835,7469958,4096
1625724979,263145835,7469966,4096
1625724979,263145835,7469974,4096
1625724979,263145835,7469982,4096
1625724979,263145835,7469990,4096
1625724979,263145835,7469998,4096
1625724979,263145835,7470006,4096
1625724979,263146909,7470014,4096
1625724979,263146909,7470022,4096
1625724979,263146909,7470030,4096
1625724979,263146909,7470038,4096
1625724979,263146909,7470046,1024
1625724979,263234936,7470048,4096
1625724979,263234936,7470056,4096
1625724979,263236009,7470064,4096
1625724979,263236009,7470072,4096
1625724979,263236009,7470080,4096
1625724979,263236009,7470088,4096
1625724979,263236009,7470096,4096
1625724979,263236009,7470104,4096
1625724979,263236009,7470112,4096
1625724979,263236009,7470120,4096
1625724979,263237083,7470128,4096
1625724979,263237083,7470136,4096
1625724979,26829839,48651576,4096
1625724979,26829839,48651584,4096
1625724979,26829839,48651592,2048
1625724979,346587917,62210816,4096
1625724979,346588990,62210824,4096
1625724979,346588990,62210832,4096
1625724979,346588990,62210840,4096
1625724979,347291059,62210848,4096
1625724979,347291059,62210856,4096
1625724979,347291059,62210864,4096
1625724979,347292133,62210872,4096
1625724979,347292133,62210880,4096
1625724979,347292133,62210888,4096
1625724979,347292133,62210896,4096
1625724979,347292133,62210904,4096
1625724979,347292133,62210912,4096
1625724979,347292133,62210920,4096
1625724979,347292133,62210928,4096
1625724979,347292133,62210936,4096
1625724979,347293206,62210944,4096
1625724979,347293206,62210952,4096
1625724979,347385527,62210960,4096
1625724979,347385527,62210968,4096
1625724979,347385527,62210976,4096
1625724979,347385527,62210984,4096
1625724979,347385527,62210992,4096
1625724979,347385527,62211000,4096
1625724979,347386601,62211008,4096
1625724979,347386601,62211016,4096
1625724979,347386601,62211024,4096
1625724979,347386601,62211032,4096
1625724979,347386601,62211040,4096
1625724979,347386601,62211048,4096
1625724979,347386601,62211056,4096
1625724979,347386601,62211064,4096
1625724979,348399985,62211072,4096
1625724979,348399985,62211080,4096
1625724979,348399985,62211088,4096
1625724979,348399985,62211096,4096
1625724979,348401058,62211104,4096
1625724979,348401058,62211112,4096
1625724979,348401058,62211120,4096
1625724979,348401058,62211128,4096
1625724979,348401058,62211136,4096
1625724979,348401058,62211144,4096
1625724979,348401058,62211152,4096
1625724979,348401058,62211160,4096
1625724979,348401058,62211168,4096
1625724979,348402132,62211176,4096
1625724979,348402132,62211184,4096
1625724979,348402132,62211192,4096
1625724979,349190081,62211200,4096
1625724979,349190081,62211208,4096
1625724979,349190081,62211216,4096
1625724979,349191154,62211224,4096
1625724979,349191154,62211232,4096
1625724979,349191154,62211240,4096
1625724979,349191154,62211248,4096
1625724979,349191154,62211256,4096
1625724979,349191154,62211264,4096
1625724979,349191154,62211272,4096
1625724979,349191154,62211280,4096
1625724979,349191154,62211288,4096
1625724979,349192228,62211296,4096
1625724979,349192228,62211304,4096
1625724979,349192228,62211312,4096
1625724979,349192228,62211320,4096
1625724979,349315680,62211328,4096
1625724979,349315680,62211336,4096
1625724979,349315680,62211344,4096
1625724979,349315680,62211352,4096
1625724979,349315680,62211360,4096
1625724979,349315680,62211368,4096
1625724979,349316754,62211376,4096
1625724979,349316754,62211384,4096
1625724979,349316754,62211392,4096
1625724979,349316754,62211400,4096
1625724979,349316754,62211408,4096
1625724979,349316754,62211416,4096
1625724979,349316754,62211424,4096
1625724979,349316754,62211432,4096
1625724979,349316754,62211440,4096
1625724979,349317827,62211448,4096
1625724979,353900599,62211456,4096
1625724979,353901672,62211464,4096
1625724979,353901672,62211472,4096
1625724979,353901672,62211480,4096
1625724979,353901672,62211488,4096
1625724979,353901672,62211496,4096
1625724979,353901672,62211504,4096
1625724979,353901672,62211512,4096
1625724979,353901672,62211520,4096
1625724979,353902746,62211528,4096
1625724979,353902746,62211536,4096
1625724979,353902746,62211544,4096
1625724979,353902746,62211552,4096
1625724979,353902746,62211560,4096
1625724979,353902746,62211568,4096
1625724979,353902746,62211576,4096
1625724979,354016537,62211584,4096
1625724979,354016537,62211592,4096
1625724979,354016537,62211600,4096
1625724979,354016537,62211608,4096
1625724979,354016537,62211616,4096
1625724979,354016537,62211624,4096
1625724979,354016537,62211632,4096
1625724979,354017610,62211640,4096
1625724979,354017610,62211648,4096
1625724979,354017610,62211656,4096
1625724979,354017610,62211664,4096
1625724979,354017610,62211672,4096
1625724979,354017610,62211680,4096
1625724979,354017610,62211688,4096
1625724979,354017610,62211696,4096
1625724979,354017610,62211704,4096
1625724979,358450092,62211712,4096
1625724979,358451165,62211720,4096
1625724979,358451165,62211728,4096
1625724979,358451165,62211736,4096
1625724979,358451165,62211744,4096
1625724979,358451165,62211752,4096
1625724979,358451165,62211760,4096
1625724979,358451165,62211768,4096
1625724979,358451165,62211776,4096
1625724979,358452239,62211784,4096
1625724979,358452239,62211792,4096
1625724979,358452239,62211800,4096
1625724979,358452239,62211808,4096
1625724979,358452239,62211816,4096
1625724979,358452239,62211824,4096
1625724979,358452239,62211832,4096
1625724979,358569250,62211840,4096
1625724979,358569250,62211848,4096
1625724979,358569250,62211856,4096
1625724979,358569250,62211864,4096
1625724979,358569250,62211872,4096
1625724979,358569250,62211880,4096
1625724979,358570324,62211888,4096
1625724979,358570324,62211896,4096
1625724979,358570324,62211904,4096
1625724979,358570324,62211912,4096
1625724979,358570324,62211920,4096
1625724979,358570324,62211928,4096
1625724979,358570324,62211936,4096
1625724979,358570324,62211944,4096
1625724979,358570324,62211952,4096
1625724979,358571397,62211960,4096
1625724979,363086538,62211968,4096
1625724979,363086538,62211976,4096
1625724979,363086538,62211984,4096
1625724979,363086538,62211992,4096
1625724979,363086538,62212000,4096
1625724979,363086538,62212008,4096
1625724979,363086538,62212016,4096
1625724979,363086538,62212024,4096
1625724979,363086538,62212032,4096
1625724979,363087612,62212040,4096
1625724979,363087612,62212048,4096
1625724979,363087612,62212056,4096
1625724979,363087612,62212064,4096
1625724979,363087612,62212072,4096
1625724979,363087612,62212080,4096
1625724979,363087612,62212088,4096
1625724979,363211064,62212096,4096
1625724979,363211064,62212104,4096
1625724979,363211064,62212112,4096
1625724979,363211064,62212120,4096
1625724979,363211064,62212128,4096
1625724979,363211064,62212136,4096
1625724979,363211064,62212144,4096
1625724979,363212138,62212152,4096
1625724979,363212138,62212160,4096
1625724979,363212138,62212168,4096
1625724979,363212138,62212176,4096
1625724979,363212138,62212184,4096
1625724979,363212138,62212192,4096
1625724979,363212138,62212200,4096
1625724979,363212138,62212208,4096
1625724979,363212138,62212216,4096
1625724979,367748749,62212224,4096
1625724979,367748749,62212232,4096
1625724979,367748749,62212240,4096
1625724979,367748749,62212248,4096
1625724979,367748749,62212256,4096
1625724979,367748749,62212264,4096
1625724979,367749822,62212272,4096
1625724979,367749822,62212280,4096
1625724979,367749822,62212288,4096
1625724979,367749822,62212296,4096
1625724979,367749822,62212304,4096
1625724979,367749822,62212312,4096
1625724979,367749822,62212320,4096
1625724979,367749822,62212328,4096
1625724979,367749822,62212336,4096
1625724979,367750896,62212344,4096
1625724979,367863613,62212352,4096
1625724979,367863613,62212360,4096
1625724979,367864687,62212368,4096
1625724979,367864687,62212376,4096
1625724979,367864687,62212384,4096
1625724979,367864687,62212392,4096
1625724979,367864687,62212400,4096
1625724979,367864687,62212408,4096
1625724979,367864687,62212416,4096
1625724979,367864687,62212424,4096
1625724979,367864687,62212432,4096
1625724979,367865760,62212440,4096
1625724979,367865760,62212448,4096
1625724979,367865760,62212456,4096
1625724979,367865760,62212464,4096
1625724979,367865760,62212472,4096
1625724979,372270331,62212480,4096
1625724979,372270331,62212488,4096
1625724979,372270331,62212496,4096
1625724979,372270331,62212504,4096
1625724979,372270331,62212512,4096
1625724979,372270331,62212520,4096
1625724979,372270331,62212528,4096
1625724979,372271404,62212536,4096
1625724979,372271404,62212544,4096
1625724979,372271404,62212552,4096
1625724979,372271404,62212560,4096
1625724979,372271404,62212568,4096
1625724979,372271404,62212576,4096
1625724979,372271404,62212584,4096
1625724979,372271404,62212592,4096
1625724979,372271404,62212600,4096
1625724979,372394857,62212608,4096
1625724979,372394857,62212616,4096
1625724979,372394857,62212624,4096
1625724979,372394857,62212632,4096
1625724979,372395930,62212640,4096
1625724979,372395930,62212648,4096
1625724979,372395930,62212656,4096
1625724979,372395930,62212664,4096
1625724979,372395930,62212672,4096
1625724979,372395930,62212680,4096
1625724979,372395930,62212688,4096
1625724979,372395930,62212696,4096
1625724979,372395930,62212704,4096
1625724979,372397004,62212712,4096
1625724979,372397004,62212720,4096
1625724979,372397004,62212728,4096
1625724979,376663093,62212736,4096
1625724979,376664166,62212744,4096
1625724979,376664166,62212752,4096
1625724979,376664166,62212760,4096
1625724979,376664166,62212768,4096
1625724979,376664166,62212776,4096
1625724979,376664166,62212784,4096
1625724979,376664166,62212792,4096
1625724979,376664166,62212800,4096
1625724979,376664166,62212808,4096
1625724979,376665240,62212816,4096
1625724979,376665240,62212824,4096
1625724979,376665240,62212832,4096
1625724979,376665240,62212840,4096
1625724979,376665240,62212848,4096
1625724979,376665240,62212856,4096
1625724979,376781178,62212864,4096
1625724979,376782251,62212872,4096
1625724979,376782251,62212880,4096
1625724979,376782251,62212888,4096
1625724979,376782251,62212896,4096
1625724979,376782251,62212904,4096
1625724979,376782251,62212912,4096
1625724979,376782251,62212920,4096
1625724979,376783325,62212928,4096
1625724979,376783325,62212936,4096
1625724979,376783325,62212944,4096
1625724979,376783325,62212952,4096
1625724979,376783325,62212960,4096
1625724979,376783325,62212968,4096
1625724979,376783325,62212976,4096
1625724979,376783325,62212984,4096
1625724979,380782112,62212992,4096
1625724979,380783186,62213000,4096
1625724979,380783186,62213008,4096
1625724979,380783186,62213016,4096
1625724979,380783186,62213024,4096
1625724979,380783186,62213032,4096
1625724979,380783186,62213040,4096
1625724979,380783186,62213048,4096
1625724979,380784259,62213056,4096
1625724979,380784259,62213064,4096
1625724979,380784259,62213072,4096
1625724979,380784259,62213080,4096
1625724979,380784259,62213088,4096
1625724979,380784259,62213096,4096
1625724979,380784259,62213104,4096
1625724979,380784259,62213112,4096
1625724979,380907712,62213120,4096
1625724979,380907712,62213128,4096
1625724979,380907712,62213136,4096
1625724979,380908785,62213144,4096
1625724979,380908785,62213152,4096
1625724979,380908785,62213160,4096
1625724979,380908785,62213168,4096
1625724979,380908785,62213176,4096
1625724979,380908785,62213184,4096
1625724979,380908785,62213192,4096
1625724979,380908785,62213200,4096
1625724979,380908785,62213208,4096
1625724979,380909859,62213216,4096
1625724979,380909859,62213224,4096
1625724979,380909859,62213232,4096
1625724979,380909859,62213240,4096
1625724979,385250019,62213248,4096
1625724979,385250019,62213256,4096
1625724979,385251093,62213264,4096
1625724979,385251093,62213272,4096
1625724979,385251093,62213280,4096
1625724979,385251093,62213288,4096
1625724979,385251093,62213296,4096
1625724979,385251093,62213304,4096
1625724979,385251093,62213312,4096
1625724979,385251093,62213320,4096
1625724979,385251093,62213328,4096
1625724979,385252166,62213336,4096
1625724979,385252166,62213344,4096
1625724979,385252166,62213352,4096
1625724979,385252166,62213360,4096
1625724979,385252166,62213368,4096
1625724979,385377766,62213376,4096
1625724979,385377766,62213384,4096
1625724979,385378839,62213392,4096
1625724979,385378839,62213400,4096
1625724979,385378839,62213408,4096
1625724979,385378839,62213416,4096
1625724979,385378839,62213424,4096
1625724979,385378839,62213432,4096
1625724979,385378839,62213440,4096
1625724979,385378839,62213448,4096
1625724979,385378839,62213456,4096
1625724979,385379913,62213464,4096
1625724979,385379913,62213472,4096
1625724979,385379913,62213480,4096
1625724979,385379913,62213488,4096
1625724979,385379913,62213496,4096
1625724979,389331466,62213504,4096
1625724979,389331466,62213512,4096
1625724979,389331466,62213520,4096
1625724979,389331466,62213528,4096
1625724979,389331466,62213536,4096
1625724979,389331466,62213544,4096
1625724979,389332540,62213552,4096
1625724979,389332540,62213560,4096
1625724979,389332540,62213568,4096
1625724979,389332540,62213576,4096
1625724979,389332540,62213584,4096
1625724979,389332540,62213592,4096
1625724979,389332540,62213600,4096
1625724979,389332540,62213608,4096
1625724979,389332540,62213616,4096
1625724979,389333613,62213624,4096
1625724979,389457066,62213632,4096
1625724979,389457066,62213640,4096
1625724979,389457066,62213648,4096
1625724979,389457066,62213656,4096
1625724979,389457066,62213664,4096
1625724979,389457066,62213672,4096
1625724979,389457066,62213680,4096
1625724979,389457066,62213688,4096
1625724979,389457066,62213696,4096
1625724979,389458139,62213704,4096
1625724979,389458139,62213712,4096
1625724979,389458139,62213720,4096
1625724979,389458139,62213728,4096
1625724979,389458139,62213736,4096
1625724979,389458139,62213744,4096
1625724979,389458139,62213752,4096
1625724979,393385002,62213760,4096
1625724979,393386076,62213768,4096
1625724979,393386076,62213776,4096
1625724979,393386076,62213784,4096
1625724979,393386076,62213792,4096
1625724979,393386076,62213800,4096
1625724979,393386076,62213808,4096
1625724979,393387149,62213816,4096
1625724979,393387149,62213824,4096
1625724979,393387149,62213832,4096
1625724979,393387149,62213840,4096
1625724979,393387149,62213848,4096
1625724979,393387149,62213856,4096
1625724979,393387149,62213864,4096
1625724979,393387149,62213872,4096
1625724979,393387149,62213880,4096
1625724979,393513822,62213888,4096
1625724979,393513822,62213896,4096
1625724979,393513822,62213904,4096
1625724979,393513822,62213912,4096
1625724979,393514896,62213920,4096
1625724979,393514896,62213928,4096
1625724979,393514896,62213936,4096
1625724979,393514896,62213944,4096
1625724979,393514896,62213952,4096
1625724979,393514896,62213960,4096
1625724979,393514896,62213968,4096
1625724979,393514896,62213976,4096
1625724979,393514896,62213984,4096
1625724979,393514896,62213992,4096
1625724979,393515969,62214000,4096
1625724979,393515969,62214008,4096
1625724979,397965627,62214016,4096
1625724979,397965627,62214024,4096
1625724979,397965627,62214032,4096
1625724979,397965627,62214040,4096
1625724979,397965627,62214048,4096
1625724979,397965627,62214056,4096
1625724979,397965627,62214064,4096
1625724979,397966700,62214072,4096
1625724979,397966700,62214080,4096
1625724979,397966700,62214088,4096
1625724979,397966700,62214096,4096
1625724979,397966700,62214104,4096
1625724979,397966700,62214112,4096
1625724979,397966700,62214120,4096
1625724979,397966700,62214128,4096
1625724979,397966700,62214136,4096
1625724979,398083712,62214144,4096
1625724979,398083712,62214152,4096
1625724979,398084785,62214160,4096
1625724979,398084785,62214168,4096
1625724979,398084785,62214176,4096
1625724979,398084785,62214184,4096
1625724979,398084785,62214192,4096
1625724979,398084785,62214200,4096
1625724979,398084785,62214208,4096
1625724979,398084785,62214216,4096
1625724979,398084785,62214224,4096
1625724979,398085859,62214232,4096
1625724979,398085859,62214240,4096
1625724979,398085859,62214248,4096
1625724979,398085859,62214256,4096
1625724979,398085859,62214264,4096
1625724979,402619249,62214272,4096
1625724979,402620323,62214280,4096
1625724979,402620323,62214288,4096
1625724979,402620323,62214296,4096
1625724979,402620323,62214304,4096
1625724979,402620323,62214312,4096
1625724979,402620323,62214320,4096
1625724979,402620323,62214328,4096
1625724979,402620323,62214336,4096
1625724979,402620323,62214344,4096
1625724979,402621396,62214352,4096
1625724979,402621396,62214360,4096
1625724979,402621396,62214368,4096
1625724979,402621396,62214376,4096
1625724979,402621396,62214384,4096
1625724979,402621396,62214392,4096
1625724979,402744849,62214400,4096
1625724979,402744849,62214408,4096
1625724979,402744849,62214416,4096
1625724979,402745922,62214424,4096
1625724979,402745922,62214432,4096
1625724979,402745922,62214440,4096
1625724979,402745922,62214448,4096
1625724979,402745922,62214456,4096
1625724979,402745922,62214464,4096
1625724979,402745922,62214472,4096
1625724979,402745922,62214480,4096
1625724979,402745922,62214488,4096
1625724979,402746996,62214496,4096
1625724979,402746996,62214504,4096
1625724979,402746996,62214512,4096
1625724979,402746996,62214520,4096
1625724979,406954042,62214528,4096
1625724979,406955116,62214536,4096
1625724979,406955116,62214544,4096
1625724979,406955116,62214552,4096
1625724979,406955116,62214560,4096
1625724979,406955116,62214568,4096
1625724979,406955116,62214576,4096
1625724979,406955116,62214584,4096
1625724979,406955116,62214592,4096
1625724979,406956189,62214600,4096
1625724979,406956189,62214608,4096
1625724979,406956189,62214616,4096
1625724979,406956189,62214624,4096
1625724979,406956189,62214632,4096
1625724979,406956189,62214640,4096
1625724979,406956189,62214648,4096
1625724979,407068907,62214656,4096
1625724979,407068907,62214664,4096
1625724979,407068907,62214672,4096
1625724979,407068907,62214680,4096
1625724979,407068907,62214688,4096
1625724979,407068907,62214696,4096
1625724979,407068907,62214704,4096
1625724979,407069980,62214712,4096
1625724979,407069980,62214720,4096
1625724979,407069980,62214728,4096
1625724979,407069980,62214736,4096
1625724979,407069980,62214744,4096
1625724979,407069980,62214752,4096
1625724979,407069980,62214760,4096
1625724979,407069980,62214768,4096
1625724979,407071054,62214776,4096
1625724979,411059106,62214784,4096
1625724979,411059106,62214792,4096
1625724979,411059106,62214800,4096
1625724979,411059106,62214808,4096
1625724979,411059106,62214816,4096
1625724979,411059106,62214824,4096
1625724979,411060180,62214832,4096
1625724979,411060180,62214840,4096
1625724979,411060180,62214848,4096
1625724979,411060180,62214856,4096
1625724979,411060180,62214864,4096
1625724979,411060180,62214872,4096
1625724979,411060180,62214880,4096
1625724979,411060180,62214888,4096
1625724979,411060180,62214896,4096
1625724979,411061253,62214904,4096
1625724979,411061253,62214912,4096
1625724979,411061253,62214920,2560
1625724979,998954940,6857512,4096
1625724981,1000198554,1439048,4096
1625724981,1000198554,1439056,4096
1625724981,1000198554,1439064,4096
1625724981,1000198554,1439072,4096
1625724981,1000199627,1439080,4096
1625724981,1000199627,1439088,4096
1625724981,1000199627,1439096,4096
1625724981,1000199627,1439104,4096
1625724981,1000811522,2615892,4096
1625724981,1000811522,2615900,4096
1625724981,1000811522,2615908,4096
1625724981,1000811522,2615916,4096
1625724981,1000812596,2615924,4096
1625724981,1000812596,2615932,4096
1625724981,1000812596,2615940,4096
1625724981,1000812596,2615948,4096
1625724981,1000814743,1439112,4096
1625724981,1000814743,1439120,4096
1625724981,1000814743,1439128,4096
1625724981,1000815816,1439136,4096
1625724981,1000815816,1439144,4096
1625724981,1000815816,1439152,4096
1625724981,1000815816,1439160,4096
1625724981,1000815816,1439168,4096
1625724981,1001378330,2615828,4096
1625724981,1001378330,2615836,4096
1625724981,1001378330,2615844,4096
1625724981,1001378330,2615852,4096
1625724981,1001378330,2615860,4096
1625724981,1001379404,2615868,4096
1625724981,1001379404,2615876,4096
1625724981,1001379404,2615884,4096
1625724981,1001468504,1439176,4096
1625724981,1001468504,1439184,4096
1625724981,1001468504,1439192,4096
1625724981,1001468504,1439200,4096
1625724981,1001468504,1439208,3072
1625724981,1001994519,2618343,4096
1625724981,1001995593,2618351,4096
1625724981,1001995593,2618359,1024
1625724981,1002630031,2617694,4096
1625724981,1002630031,2617702,4096
1625724981,1002630031,2617710,4096
1625724981,1002631105,2617718,4096
1625724981,1003236559,1437875,4096
1625724981,1003236559,1437883,4096
1625724981,1003236559,1437891,4096
1625724981,1003236559,1437899,4096
1625724981,1003236559,1437907,4096
1625724981,1003236559,1437915,4096
1625724981,1003237632,1437923,4096
1625724981,1003237632,1437931,1024
1625724981,1003289160,2615452,4096
1625724981,1003289160,2615460,4096
1625724981,1003290234,2615468,4096
1625724981,1003290234,2615476,4096
1625724981,1003290234,2615484,4096
1625724981,1003290234,2615492,4096
1625724981,1003290234,2615500,4096
1625724981,1003290234,2615508,4096
1625724981,1004243502,2617734,4096
1625724981,1004243502,2617742,4096
1625724981,1004243502,2617750,4096
1625724981,1004243502,2617758,4096
1625724981,1004711548,2617726,4096
1625724981,1005358868,2615580,4096
1625724981,1005358868,2615588,4096
1625724981,1005358868,2615596,4096
1625724981,1005359942,2615604,4096
1625724981,1005359942,2615612,4096
1625724981,1005359942,2615620,4096
1625724981,1005359942,2615628,4096
1625724981,1005359942,2615636,4096
1625724981,1006038394,2617974,4096
1625724981,1006038394,2617982,4096
1625724981,1006038394,2617990,4096
1625724981,1006038394,2617998,4096
1625724981,1006039467,1316416,4096
1625724981,1006566556,1317024,2560
1625724981,1007672261,2615516,4096
1625724981,1007673334,2615524,4096
1625724981,1007673334,2615532,4096
1625724981,1007673334,2615540,4096
1625724981,1007673334,2615548,4096
1625724981,1007673334,2615556,4096
1625724981,1007673334,2615564,4096
1625724981,1007673334,2615572,4096
1625724981,1010844453,6761264,4096
1625724981,1012928117,48937040,4096
1625724981,1013075186,6660728,4096
1625724981,1013784770,3664864,4096
1625724981,1013784770,3664872,4096
1625724981,1013784770,3664880,4096
1625724981,1013784770,3664888,2048
1625724981,1015787921,6816152,4096
1625724981,1016359023,2598088,4096
1625724981,1016848539,2598463,3072
1625724981,1017315511,2598461,1024
1625724981,1017907010,2598378,4096
1625724981,1017907010,2598386,4096
1625724981,1017907010,2598394,4096
1625724981,1017907010,2598402,4096
1625724981,1017908083,2598410,4096
1625724981,1017908083,2598418,4096
1625724981,1017908083,2598426,4096
1625724981,1017908083,2598434,3072
1625724981,1018610152,2598090,4096
1625724981,1018610152,2598098,4096
1625724981,1018610152,2598106,4096
1625724981,1018610152,2598114,4096
1625724981,1018610152,2598122,4096
1625724981,1018610152,2598130,4096
1625724981,1018610152,2598138,4096
1625724981,1018611226,2598146,4096
1625724981,1019144755,2598440,4096
1625724981,1019145829,2598448,2048
1625724981,1019791002,2598202,4096
1625724981,1019791002,2598210,4096
1625724981,1019791002,2598218,4096
1625724981,1019791002,2598226,4096
1625724981,1019791002,2598234,4096
1625724981,1019791002,2598242,4096
1625724981,1019791002,2598250,4096
1625724981,1019791002,2598258,4096
1625724981,1020468381,2598314,4096
1625724981,1020468381,2598322,4096
1625724981,1020468381,2598330,4096
1625724981,1020468381,2598338,4096
1625724981,1020469454,2598346,4096
1625724981,1020469454,2598354,4096
1625724981,1020469454,2598362,4096
1625724981,1020469454,2598370,4096
1625724981,1021202655,2598266,4096
1625724981,1021202655,2598274,4096
1625724981,1021202655,2598282,4096
1625724981,1021202655,2598290,4096
1625724981,1021203728,2598298,4096
1625724981,1021203728,2598306,4096
1625724981,1021809182,48945848,4096
1625724981,1022345932,2495808,4096
1625724981,1022896638,2496674,3584
1625724981,1023538591,2496671,1536
1625724981,1024205234,2496562,4096
1625724981,1024205234,2496570,4096
1625724981,1024206308,2496578,4096
1625724981,1024206308,2496586,4096
1625724981,1024206308,2496594,4096
1625724981,1024206308,2496602,4096
1625724981,1024206308,2496610,4096
1625724981,1024206308,2496618,2048
1625724981,1024877245,2495810,4096
1625724981,1024877245,2495818,4096
1625724981,1024877245,2495826,4096
1625724981,1024877245,2495834,4096
1625724981,1024877245,2495842,4096
1625724981,1024878319,2495850,4096
1625724981,1024878319,2495858,4096
1625724981,1024878319,2495866,4096
1625724981,1025402187,2496631,4096
1625724981,1025402187,2496639,2048
1625724981,1025991538,2496026,4096
1625724981,1025991538,2496034,4096
1625724981,1025991538,2496042,4096
1625724981,1025992612,2496050,4096
1625724981,1025992612,2496058,4096
1625724981,1025992612,2496066,4096
1625724981,1025992612,2496074,4096
1625724981,1025992612,2496082,4096
1625724981,1026665696,2496186,4096
1625724981,1026665696,2496194,4096
1625724981,1026666770,2496202,4096
1625724981,1026666770,2496210,4096
1625724981,1026666770,2496218,4096
1625724981,1026666770,2496226,4096
1625724981,1026666770,2496234,4096
1625724981,1026666770,2496242,4096
1625724981,1027362398,2496386,4096
1625724981,1027362398,2496394,4096
1625724981,1027362398,2496402,4096
1625724981,1027362398,2496410,4096
1625724981,1027363471,2496418,4096
1625724981,1027363471,2496426,4096
1625724981,1027363471,2496434,4096
1625724981,1027363471,2496442,4096
1625724981,1028067687,2496122,4096
1625724981,1028067687,2496130,4096
1625724981,1028067687,2496138,4096
1625724981,1028067687,2496146,4096
1625724981,1028067687,2496154,4096
1625724981,1028067687,2496162,4096
1625724981,1028068761,2496170,4096
1625724981,1028068761,2496178,4096
1625724981,1028708567,2496090,4096
1625724981,1028708567,2496098,4096
1625724981,1028709640,2496106,4096
1625724981,1028709640,2496114,4096
1625724981,1029418150,2598472,4096
1625724981,1030040780,2600096,4096
1625724981,1030040780,2600104,4096
1625724981,1030040780,2600112,4096
1625724981,1030688101,2600092,2048
1625724981,1031397684,2599938,4096
1625724981,1031397684,2599946,4096
1625724981,1031397684,2599954,4096
1625724981,1031397684,2599962,4096
1625724981,1031397684,2599970,4096
1625724981,1031398758,2599978,4096
1625724981,1031398758,2599986,4096
1625724981,1031398758,2599994,1024
1625724981,1032139473,2598474,4096
1625724981,1032139473,2598482,4096
1625724981,1032139473,2598490,4096
1625724981,1032139473,2598498,4096
1625724981,1032139473,2598506,4096
1625724981,1032140546,2598514,4096
1625724981,1032140546,2598522,4096
1625724981,1032140546,2598530,4096
1625724981,1032864085,2599996,4096
1625724981,1032864085,2600004,4096
1625724981,1032864085,2600012,4096
1625724981,1032864085,2600020,4096
1625724981,1033462025,2600028,4096
1625724981,1033462025,2600036,4096
1625724981,1033462025,2600044,4096
1625724981,1033463098,2600052,512
1625724981,1034175902,2599770,4096
1625724981,1034175902,2599778,4096
1625724981,1034175902,2599786,4096
1625724981,1034175902,2599794,4096
1625724981,1034175902,2599802,4096
1625724981,1034175902,2599810,4096
1625724981,1034175902,2599818,4096
1625724981,1034175902,2599826,4096
1625724981,1034920911,2598602,4096
1625724981,1034920911,2598610,4096
1625724981,1034921985,2598618,4096
1625724981,1034921985,2598626,4096
1625724981,1034921985,2598634,4096
1625724981,1034921985,2598642,4096
1625724981,1034921985,2598650,4096
1625724981,1034921985,2598658,4096
1625724981,1035727110,2598690,4096
1625724981,1035727110,2598698,4096
1625724981,1035728183,2598706,4096
1625724981,1035728183,2598714,4096
1625724981,1035728183,2598722,4096
1625724981,1035728183,2598730,4096
1625724981,1035728183,2598738,4096
1625724981,1035728183,2598746,4096
1625724981,1036556925,2598866,4096
1625724981,1036556925,2598874,4096
1625724981,1036556925,2598882,4096
1625724981,1036556925,2598890,4096
1625724981,1036556925,2598898,4096
1625724981,1036557999,2598906,4096
1625724981,1036557999,2598914,4096
1625724981,1036557999,2598922,4096
1625724981,1037315890,2599634,4096
1625724981,1037315890,2599642,4096
1625724981,1037315890,2599650,4096
1625724981,1037315890,2599658,4096
1625724981,1037316963,2599666,4096
1625724981,1037316963,2599674,4096
1625724981,1037316963,2599682,4096
1625724981,1037316963,2599690,4096
1625724981,1038012591,2598538,4096
1625724981,1038012591,2598546,4096
1625724981,1038012591,2598554,4096
1625724981,1038012591,2598562,4096
1625724981,1038013665,2598570,4096
1625724981,1038013665,2598578,4096
1625724981,1038013665,2598586,4096
1625724981,1038013665,2598594,4096
1625724981,1038699631,2599706,4096
1625724981,1038699631,2599714,4096
1625724981,1038699631,2599722,4096
1625724981,1038699631,2599730,4096
1625724981,1038699631,2599738,4096
1625724981,1038699631,2599746,4096
1625724981,1038700705,2599754,4096
1625724981,1038700705,2599762,4096
1625724981,1039544476,2598978,4096
1625724981,1039544476,2598986,4096
1625724981,1039545549,2598994,4096
1625724981,1039545549,2599002,4096
1625724981,1039545549,2599010,4096
1625724981,1039545549,2599018,4096
1625724981,1039545549,2599026,4096
1625724981,1039545549,2599034,4096
1625724981,1040386100,2599098,4096
1625724981,1040386100,2599106,4096
1625724981,1040386100,2599114,4096
1625724981,1040387173,2599122,4096
1625724981,1040387173,2599130,4096
1625724981,1040387173,2599138,4096
1625724981,1040387173,2599146,4096
1625724981,1040387173,2599154,4096
1625724981,1041178343,2496322,4096
1625724981,1041178343,2496330,4096
1625724981,1041178343,2496338,4096
1625724981,1041178343,2496346,4096
1625724981,1041178343,2496354,4096
1625724981,1041179416,2496362,4096
1625724981,1041179416,2496370,4096
1625724981,1041179416,2496378,4096
1625724981,1042018893,2496498,4096
1625724981,1042018893,2496506,4096
1625724981,1042018893,2496514,4096
1625724981,1042018893,2496522,4096
1625724981,1042018893,2496530,4096
1625724981,1042018893,2496538,4096
1625724981,1042019967,2496546,4096
1625724981,1042019967,2496554,4096
1625724981,1042939956,916944,4096
1625724981,1043872828,2496250,4096
1625724981,1043872828,2496258,4096
1625724981,1043873901,2496266,4096
1625724981,1043873901,2496274,4096
1625724981,1043873901,2496282,4096
1625724981,1043873901,2496290,4096
1625724981,1043873901,2496298,4096
1625724981,1043873901,2496306,4096
1625724981,1044583485,917528,4096
1625724981,1045154587,917520,4096
1625724981,1045886714,2598154,4096
1625724981,1045886714,2598162,4096
1625724981,1045887787,2598170,4096
1625724981,1045887787,2598178,4096
1625724981,1045887787,2598186,4096
1625724981,1045887787,2598194,4096
1625724981,1046704721,2598930,4096
1625724981,1046704721,2598938,4096
1625724981,1046704721,2598946,4096
1625724981,1046704721,2598954,4096
1625724981,1046705794,2598962,4096
1625724981,1046705794,2598970,4096
1625724981,1047477641,2599442,4096
1625724981,1047477641,2599450,4096
1625724981,1047477641,2599458,4096
1625724981,1047477641,2599466,4096
1625724981,1047477641,2599474,4096
1625724981,1047477641,2599482,4096
1625724981,1047477641,2599490,4096
1625724981,1047477641,2599498,4096
1625724981,1048192592,2599378,4096
1625724981,1048192592,2599386,4096
1625724981,1048192592,2599394,4096
1625724981,1048193665,2599402,4096
1625724981,1048193665,2599410,4096
1625724981,1048193665,2599418,4096
1625724981,1048193665,2599426,4096
1625724981,1048193665,2599434,4096
1625724981,1048907543,2599314,4096
1625724981,1048907543,2599322,4096
1625724981,1048907543,2599330,4096
1625724981,1048907543,2599338,4096
1625724981,1048907543,2599346,4096
1625724981,1048907543,2599354,4096
1625724981,1048907543,2599362,4096
1625724981,1048908616,2599370,4096
1625724981,1049742726,2599042,4096
1625724981,1049742726,2599050,4096
1625724981,1049742726,2599058,4096
1625724981,1049742726,2599066,4096
1625724981,1049743799,2599074,4096
1625724981,1049743799,2599082,4096
1625724981,1049743799,2599090,4096
1625724981,1050445868,2599194,4096
1625724981,1050445868,2599202,4096
1625724981,1050445868,2599210,4096
1625724981,1050445868,2599218,4096
1625724981,1050445868,2599226,4096
1625724981,1050445868,2599234,4096
1625724981,1050445868,2599242,4096
1625724981,1050445868,2599250,4096
1625724981,1051200539,2598762,4096
1625724981,1051201612,2598770,4096
1625724981,1051201612,2598778,4096
1625724981,1051201612,2598786,4096
1625724981,1051201612,2598794,4096
1625724981,1051201612,2598802,4096
1625724981,1051201612,2598810,4096
1625724981,1051201612,2598818,4096
1625724981,1051964871,2599874,4096
1625724981,1051964871,2599882,4096
1625724981,1051964871,2599890,4096
1625724981,1051964871,2599898,4096
1625724981,1051964871,2599906,4096
1625724981,1051964871,2599914,4096
1625724981,1051964871,2599922,4096
1625724981,1051964871,2599930,4096
1625724981,1052620779,2598826,4096
1625724981,1052620779,2598834,4096
1625724981,1052620779,2598842,4096
1625724981,1052620779,2598850,4096
1625724981,1052620779,2598858,4096
1625724981,1053280982,2599258,4096
1625724981,1053280982,2599266,4096
1625724981,1053282055,2599274,4096
1625724981,1053282055,2599282,4096
1625724981,1053282055,2599290,4096
1625724981,1053282055,2599298,4096
1625724981,1053282055,2599306,4096
1625724981,1053990565,2599514,4096
1625724981,1053990565,2599522,4096
1625724981,1053990565,2599530,4096
1625724981,1053990565,2599538,4096
1625724981,1053990565,2599546,4096
1625724981,1053990565,2599554,4096
1625724981,1053990565,2599562,4096
1625724981,1053991639,2599570,4096
1625724981,1054652915,2495930,4096
1625724981,1054653988,2495938,4096
1625724981,1054653988,2495946,4096
1625724981,1054653988,2495954,4096
1625724981,1054653988,2495962,4096
1625724981,1054653988,2495970,4096
1625724981,1054653988,2495978,4096
1625724981,1054653988,2495986,4096
1625724981,1055307750,2495874,4096
1625724981,1055307750,2495882,4096
1625724981,1055307750,2495890,4096
1625724981,1055307750,2495898,4096
1625724981,1055307750,2495906,4096
1625724981,1055307750,2495914,4096
1625724981,1055307750,2495922,4096
1625724981,1055878852,916992,4096
1625724981,1056394132,917192,4096
1625724981,1056905118,917288,4096
1625724981,1057358135,917384,4096
1625724981,1057795049,917336,4096
1625724981,1058289933,2495994,4096
1625724981,1058291006,2496002,4096
1625724981,1058291006,2496010,4096
1625724981,1058291006,2496018,4096
1625724981,1058739729,917664,4096
1625724981,1059173423,917536,4096
1625724981,1059644690,917008,4096
1625724981,1060105221,917064,4096
1625724981,1060567900,917136,4096
1625724981,1061027358,917240,4096
1625724981,1061448170,917368,4096
1625724981,1061872202,917424,4096
1625724981,1062302676,917512,4096
1625724981,1062729929,917576,4096
1625724981,1063176505,917328,4096
1625724981,1063795914,2599578,4096
1625724981,1063795914,2599586,4096
1625724981,1063795914,2599594,4096
1625724981,1063795914,2599602,4096
1625724981,1063795914,2599610,4096
1625724981,1063795914,2599618,4096
1625724981,1063795914,2599626,4096
1625724981,1064509792,2599162,4096
1625724981,1064509792,2599170,4096
1625724981,1064509792,2599178,4096
1625724981,1064509792,2599186,4096
1625724981,1065087335,2599834,4096
1625724981,1065087335,2599842,4096
1625724981,1065087335,2599850,4096
1625724981,1065087335,2599858,4096
1625724981,1065087335,2599866,4096
1625724981,1065772228,917208,4096
1625724981,1066243494,917200,4096
1625724981,1066679335,917296,4096
1625724981,1067225747,917224,4096
1625724981,1067852671,917640,4096
1625724981,1068394788,917632,4096
1625724981,1069150532,917736,4096
1625724981,1069758133,917024,4096
1625724981,1070435512,917760,4096
1625724981,1071215946,917400,4096
1625724981,1071846091,917408,4096
1625724981,1072536351,917080,4096
1625724981,1073175084,917088,4096
1625724981,253725300,7470144,4096
1625724981,253726373,7470152,4096
1625724981,253726373,7470160,4096
1625724981,253726373,7470168,4096
1625724981,254046276,6416064,4096
1625724981,254046276,6416072,4096
1625724981,254047350,6416080,4096
1625724981,254047350,6416088,4096
1625724981,254047350,6416096,4096
1625724981,254047350,6416104,4096
1625724981,254047350,6416112,4096
1625724981,254047350,6416120,4096
1625724981,254047350,6416128,4096
1625724981,254047350,6416136,4096
1625724981,254047350,6416144,4096
1625724981,254048423,6416152,4096
1625724981,254048423,6416160,4096
1625724981,254048423,6416168,4096
1625724981,254048423,6416176,4096
1625724981,254048423,6416184,4096
1625724981,254048423,6416192,4096
1625724981,254048423,6416200,4096
1625724981,254098878,45389088,4096
1625724981,254098878,45389096,4096
1625724981,254098878,45389104,4096
1625724981,254098878,45389112,4096
1625724981,254098878,45389120,4096
1625724981,254098878,45389128,4096
1625724981,254099951,45389136,4096
1625724981,254099951,45389144,4096
1625724981,254244874,6416208,4096
1625724981,254244874,6416216,4096
1625724981,254245947,6416224,4096
1625724981,254245947,6416232,4096
1625724981,254245947,6416240,4096
1625724981,254245947,6416248,4096
1625724981,254245947,6416256,4096
1625724981,254245947,6416264,4096
1625724981,254245947,6416272,4096
1625724981,254245947,6416280,4096
1625724981,254245947,6416288,4096
1625724981,254247021,6416296,4096
1625724981,254247021,6416304,4096
1625724981,254247021,6416312,4096
1625724981,254247021,6416320,4096
1625724981,254247021,6416328,4096
1625724981,254247021,6416336,4096
1625724981,254247021,6416344,4096
1625724981,254309284,10240800,4096
1625724981,254309284,10240808,4096
1625724981,254309284,10240816,4096
1625724981,254309284,10240824,4096
1625724981,254309284,10240832,4096
1625724981,254309284,10240840,4096
1625724981,254309284,10240848,4096
1625724981,254309284,10240856,4096
1625724981,254759080,6416384,4096
1625724981,254759080,6416392,4096
1625724981,254759080,6416400,4096
1625724981,254759080,6416408,4096
1625724981,254759080,6416416,4096
1625724981,254759080,6416424,4096
1625724981,254760154,6416432,4096
1625724981,254760154,6416440,4096
1625724981,254760154,6416448,4096
1625724981,254760154,6416456,4096
1625724981,254760154,6416464,4096
1625724981,254760154,6416472,4096
1625724981,254760154,6416480,4096
1625724981,254760154,6416488,4096
1625724981,254760154,6416496,4096
1625724981,254761227,6416504,4096
1625724981,254761227,6416512,4096
1625724981,254761227,6416520,4096
1625724981,254761227,6416528,4096
1625724981,254761227,6416536,4096
1625724981,254761227,6416544,4096
1625724981,254761227,6416552,4096
1625724981,255289389,6416560,4096
1625724981,255289389,6416568,4096
1625724981,255289389,6416576,4096
1625724981,255289389,6416584,4096
1625724981,255289389,6416592,4096
1625724981,255290463,6416600,4096
1625724981,255290463,6416608,4096
1625724981,255290463,6416616,4096
1625724981,255290463,6416624,4096
1625724981,255290463,6416632,4096
1625724981,255290463,6416640,4096
1625724981,255290463,6416648,4096
1625724981,255290463,6416656,4096
1625724981,255291536,6416664,4096
1625724981,255291536,6416672,4096
1625724981,255291536,6416680,4096
1625724981,255291536,6416688,4096
1625724981,255291536,6416696,4096
1625724981,255291536,6416704,4096
1625724981,255291536,6416712,4096
1625724981,255291536,6416720,4096
1625724981,255291536,6416728,4096
1625724981,255317300,45473088,4096
1625724981,255317300,45473096,4096
1625724981,255317300,45473104,4096
1625724981,255317300,45473112,4096
1625724981,255939930,5241856,4096
1625724981,255939930,5241864,4096
1625724981,255939930,5241872,4096
1625724981,255941004,5241880,4096
1625724981,255941004,5241888,4096
1625724981,255941004,5241896,4096
1625724981,255941004,5241904,4096
1625724981,255941004,5241912,4096
1625724981,255941004,5241920,4096
1625724981,255941004,5241928,4096
1625724981,255941004,5241936,4096
1625724981,255941004,5241944,4096
1625724981,255942077,5241952,4096
1625724981,255942077,5241960,4096
1625724981,255942077,5241968,4096
1625724981,255942077,5241976,4096
1625724981,255942077,5241984,4096
1625724981,255942077,5241992,4096
1625724981,255942077,5242000,4096
1625724981,255942077,5242008,4096
1625724981,256102029,5241696,4096
1625724981,256102029,5241704,4096
1625724981,256102029,5241712,4096
1625724981,256102029,5241720,4096
1625724981,256102029,5241728,4096
1625724981,256102029,5241736,4096
1625724981,256103102,5241744,4096
1625724981,256103102,5241752,4096
1625724981,256103102,5241760,4096
1625724981,256103102,5241768,4096
1625724981,256103102,5241776,4096
1625724981,256103102,5241784,4096
1625724981,256103102,5241792,4096
1625724981,256103102,5241800,4096
1625724981,256103102,5241808,4096
1625724981,256104176,5241816,4096
1625724981,256104176,5241824,4096
1625724981,256104176,5241832,4096
1625724981,256104176,5241840,4096
1625724981,256104176,5241848,4096
1625724981,256264127,5242016,4096
1625724981,256264127,5242024,4096
1625724981,256264127,5242032,4096
1625724981,256264127,5242040,4096
1625724981,256265201,5242048,4096
1625724981,256265201,5242056,4096
1625724981,256265201,5242064,4096
1625724981,256265201,5242072,4096
1625724981,256265201,5242080,4096
1625724981,256265201,5242088,4096
1625724981,256265201,5242096,4096
1625724981,256265201,5242104,4096
1625724981,256266274,5242112,4096
1625724981,256266274,5242120,4096
1625724981,256266274,5242128,4096
1625724981,256266274,5242136,4096
1625724981,256266274,5242144,4096
1625724981,256266274,5242152,4096
1625724981,256266274,5242160,4096
1625724981,256266274,5242168,4096
1625724981,272604944,10241184,4096
1625724981,272604944,10241192,4096
1625724981,272604944,10241200,4096
1625724981,272604944,10241208,4096
1625724981,272662913,10241216,4096
1625724981,272663987,10241224,4096
1625724981,272663987,10241232,4096
1625724981,272663987,10241240,4096
1625724981,272738058,10243200,4096
1625724981,272738058,10243208,4096
1625724981,272738058,10243216,4096
1625724981,272738058,10243224,4096
1625724981,272738058,10243232,4096
1625724981,272738058,10243240,4096
1625724981,272738058,10243248,4096
1625724981,272738058,10243256,4096
1625724981,272972081,45475200,4096
1625724981,272972081,45475208,4096
1625724981,272972081,45475216,4096
1625724981,272972081,45475224,4096
1625724981,272973155,45475232,4096
1625724981,272973155,45475240,4096
1625724981,272973155,45475248,4096
1625724981,272973155,45475256,4096
1625724981,272973155,45475264,4096
1625724981,272973155,45475272,4096
1625724981,272973155,45475280,4096
1625724981,272973155,45475288,4096
1625724981,273010727,9549568,4096
1625724981,273010727,9549576,4096
1625724981,273010727,9549584,4096
1625724981,273010727,9549592,4096
1625724981,273094460,5242208,4096
1625724981,273094460,5242216,4096
1625724981,273094460,5242224,4096
1625724981,273095534,5242232,4096
1625724981,273095534,5242240,4096
1625724981,273095534,5242248,4096
1625724981,273095534,5242256,4096
1625724981,273095534,5242264,4096
1625724981,273095534,5242272,4096
1625724981,273095534,5242280,4096
1625724981,274023038,5242288,4096
1625724981,274023038,5242296,4096
1625724981,274023038,5242304,4096
1625724981,274023038,5242312,4096
1625724981,274023038,5242320,4096
1625724981,274023038,5242328,4096
1625724981,274024111,5242336,4096
1625724981,274024111,5242344,4096
1625724981,274024111,5242352,4096
1625724981,274024111,5242360,4096
1625724981,274406277,9549632,4096
1625724981,274407351,9549640,4096
1625724981,274407351,9549648,4096
1625724981,274407351,9549656,4096
1625724981,274407351,9549664,4096
1625724981,274407351,9549672,4096
1625724981,274407351,9549680,4096
1625724981,274407351,9549688,4096
1625724981,274407351,9549696,4096
1625724981,274407351,9549704,4096
1625724981,274408424,9549712,4096
1625724981,274408424,9549720,4096
1625724981,274408424,9549728,4096
1625724981,274408424,9549736,4096
1625724981,274408424,9549744,4096
1625724981,274408424,9549752,4096
1625724981,274408424,9549760,4096
1625724981,274408424,9549768,4096
1625724981,274408424,9549776,4096
1625724981,274409498,9549784,4096
1625724981,274409498,9549792,4096
1625724981,274409498,9549800,1536
1625724981,274570523,9549803,4096
1625724981,274570523,9549811,4096
1625724981,274570523,9549819,4096
1625724981,274570523,9549827,4096
1625724981,274570523,9549835,4096
1625724981,274570523,9549843,4096
1625724981,274570523,9549851,4096
1625724981,274570523,9549859,4096
1625724981,274571596,9549867,4096
1625724981,274571596,9549875,4096
1625724981,274571596,9549883,4096
1625724981,274571596,9549891,4096
1625724981,274571596,9549899,4096
1625724981,274571596,9549907,4096
1625724981,274571596,9549915,4096
1625724981,274571596,9549923,4096
1625724981,274571596,9549931,4096
1625724981,274572670,9549939,4096
1625724981,274572670,9549947,4096
1625724981,274572670,9549955,4096
1625724981,274572670,9549963,4096
1625724981,274572670,9549971,1536
1625724981,274735842,9549974,4096
1625724981,274735842,9549982,4096
1625724981,274735842,9549990,4096
1625724981,274735842,9549998,4096
1625724981,274736915,9550006,4096
1625724981,274736915,9550014,4096
1625724981,274736915,9550022,4096
1625724981,274736915,9550030,4096
1625724981,274736915,9550038,4096
1625724981,274736915,9550046,4096
1625724981,274736915,9550054,4096
1625724981,274736915,9550062,4096
1625724981,274736915,9550070,4096
1625724981,274737989,9550078,4096
1625724981,274737989,9550086,4096
1625724981,274737989,9550094,4096
1625724981,274737989,9550102,4096
1625724981,274737989,9550110,4096
1625724981,274737989,9550118,4096
1625724981,274737989,9550126,4096
1625724981,274737989,9550134,4096
1625724981,274739062,9550142,1024
1625724981,275508762,9550144,4096
1625724981,275508762,9550152,4096
1625724981,275508762,9550160,4096
1625724981,275508762,9550168,4096
1625724981,275508762,9550176,4096
1625724981,275508762,9550184,4096
1625724981,275508762,9550192,4096
1625724981,275509835,9550200,4096
1625724981,276138906,13614784,4096
1625724981,276138906,13614792,4096
1625724981,276138906,13614800,4096
1625724981,276138906,13614808,4096
1625724981,276138906,13614816,4096
1625724981,276138906,13614824,4096
1625724981,276138906,13614832,4096
1625724981,276138906,13614840,4096
1625724981,276139980,13614848,4096
1625724981,276139980,13614856,4096
1625724981,276139980,13614864,4096
1625724981,276139980,13614872,4096
1625724981,276139980,13614880,4096
1625724981,276139980,13614888,4096
1625724981,276139980,13614896,4096
1625724981,276139980,13614904,4096
1625724981,276139980,13614912,4096
1625724981,276141053,13614920,4096
1625724981,276141053,13614928,4096
1625724981,276141053,13614936,4096
1625724981,276141053,13614944,4096
1625724981,276141053,13614952,1536
1625724981,276445927,13614955,4096
1625724981,276445927,13614963,4096
1625724981,276445927,13614971,4096
1625724981,276447001,13614979,4096
1625724981,276447001,13614987,4096
1625724981,276447001,13614995,4096
1625724981,276447001,13615003,4096
1625724981,276447001,13615011,4096
1625724981,276447001,13615019,4096
1625724981,276447001,13615027,4096
1625724981,276447001,13615035,4096
1625724981,276447001,13615043,4096
1625724981,276448074,13615051,4096
1625724981,276448074,13615059,4096
1625724981,276448074,13615067,4096
1625724981,276448074,13615075,4096
1625724981,276448074,13615083,4096
1625724981,276448074,13615091,4096
1625724981,276448074,13615099,4096
1625724981,276448074,13615107,4096
1625724981,276448074,13615115,4096
1625724981,276449148,13615123,1536
1625724981,276597291,13615126,4096
1625724981,276597291,13615134,4096
1625724981,276597291,13615142,4096
1625724981,276597291,13615150,4096
1625724981,276598364,13615158,4096
1625724981,276598364,13615166,4096
1625724981,276598364,13615174,4096
1625724981,276598364,13615182,4096
1625724981,276598364,13615190,4096
1625724981,276598364,13615198,4096
1625724981,276598364,13615206,4096
1625724981,276598364,13615214,4096
1625724981,276598364,13615222,4096
1625724981,276599438,13615230,4096
1625724981,276599438,13615238,4096
1625724981,276599438,13615246,4096
1625724981,276599438,13615254,4096
1625724981,276599438,13615262,4096
1625724981,276599438,13615270,4096
1625724981,276599438,13615278,4096
1625724981,276599438,13615286,4096
1625724981,276599438,13615294,1024
1625724981,276687465,13615296,4096
1625724981,276687465,13615304,4096
1625724981,276687465,13615312,4096
1625724981,276687465,13615320,4096
1625724981,276687465,13615328,4096
1625724981,276688538,13615336,4096
1625724981,276688538,13615344,4096
1625724981,276688538,13615352,4096
1625724981,276688538,13615360,4096
1625724981,276688538,13615368,4096
1625724981,276688538,13615376,4096
1625724981,276688538,13615384,4096
1625724981,277592425,13615392,4096
1625724981,277592425,13615400,4096
1625724981,277592425,13615408,4096
1625724981,277592425,13615416,4096
1625724981,277592425,13615424,4096
1625724981,277593499,13615432,4096
1625724981,277593499,13615440,4096
1625724981,277593499,13615448,4096
1625724981,277593499,13615456,4096
1625724981,277593499,13615464,4096
1625724981,277593499,13615472,4096
1625724981,277593499,13615480,4096
1625724981,304716550,7456960,4096
1625724981,304716550,7456968,4096
1625724981,304716550,7456976,4096
1625724981,304717623,7456984,4096
1625724981,304717623,7456992,4096
1625724981,304717623,7457000,4096
1625724981,304717623,7457008,4096
1625724981,304717623,7457016,4096
1625724981,304717623,7457024,4096
1625724981,304717623,7457032,4096
1625724981,304717623,7457040,4096
1625724981,304717623,7457048,4096
1625724981,304718697,7457056,4096
1625724981,304718697,7457064,4096
1625724981,304718697,7457072,4096
1625724981,304718697,7457080,4096
1625724981,304718697,7457088,4096
1625724981,304718697,7457096,4096
1625724981,304718697,7457104,4096
1625724981,304718697,7457112,4096
1625724981,304870060,7457120,4096
1625724981,304870060,7457128,4096
1625724981,304870060,7457136,4096
1625724981,304870060,7457144,4096
1625724981,304870060,7457152,4096
1625724981,304870060,7457160,4096
1625724981,304870060,7457168,4096
1625724981,304870060,7457176,4096
1625724981,304871134,7457184,4096
1625724981,304871134,7457192,4096
1625724981,304871134,7457200,4096
1625724981,304871134,7457208,4096
1625724981,304871134,7457216,4096
1625724981,304871134,7457224,4096
1625724981,304871134,7457232,4096
1625724981,304871134,7457240,4096
1625724981,304871134,7457248,4096
1625724981,304872207,7457256,4096
1625724981,304872207,7457264,4096
1625724981,304872207,7457272,4096
1625724981,305026791,7457280,4096
1625724981,305026791,7457288,4096
1625724981,305027865,7457296,4096
1625724981,305027865,7457304,4096
1625724981,305027865,7457312,4096
1625724981,305027865,7457320,4096
1625724981,305027865,7457328,4096
1625724981,305027865,7457336,4096
1625724981,305027865,7457344,4096
1625724981,305027865,7457352,4096
1625724981,305027865,7457360,4096
1625724981,305028938,7457368,4096
1625724981,305028938,7457376,4096
1625724981,305028938,7457384,4096
1625724981,305028938,7457392,4096
1625724981,305028938,7457400,4096
1625724981,305028938,7457408,4096
1625724981,305028938,7457416,4096
1625724981,305028938,7457424,4096
1625724981,305028938,7457432,4096
1625724981,391461791,1314480,4096
1625724981,391462864,1314488,4096
1625724981,391462864,1314496,512
1625724981,589189756,48937008,4096
1625724981,590008836,3660768,4096
1625724981,590008836,3660776,4096
1625724981,590008836,3660784,4096
1625724981,590008836,3660792,2560
1625724981,694475415,6857616,4096
1625724981,749795017,3662816,4096
1625724981,749795017,3662824,4096
1625724981,749795017,3662832,4096
1625724981,749796091,3662840,2560
1625724981,887735473,3204016,4096
1625724981,942222039,2655899,4096
1625724981,942222039,2655907,4096
1625724981,942222039,2655915,4096
1625724981,942222039,2655923,4096
1625724981,942222039,2655931,4096
1625724981,942223113,2655939,4096
1625724981,942223113,2655947,4096
1625724981,942223113,2655955,4096
1625724981,943663750,1436744,4096
1625724981,944255248,1439205,4096
1625724981,944255248,1439213,512
1625724981,945099019,1437977,4096
1625724981,945099019,1437985,4096
1625724981,945099019,1437993,4096
1625724981,945099019,1438001,4096
1625724981,946568641,10405096,512
1625724981,946765091,802616,4096
1625724981,947790284,10405104,4096
1625724981,947790284,10405112,4096
1625724981,947790284,10405120,4096
1625724981,947790284,10405128,4096
1625724981,947791357,10405136,4096
1625724981,947791357,10405144,4096
1625724981,947791357,10405152,4096
1625724981,947791357,10405160,4096
1625724981,947791357,10405168,4096
1625724981,947791357,10405176,4096
1625724981,947791357,10405184,4096
1625724981,947791357,10405192,4096
1625724981,947791357,10405200,4096
1625724981,947792431,10405208,4096
1625724981,947792431,10405216,4096
1625724981,947792431,10405224,4096
1625724981,947792431,10405232,4096
1625724981,947792431,10405240,4096
1625724981,947792431,10405248,4096
1625724981,947792431,10405256,4096
1625724981,947792431,10405264,4096
1625724981,947793504,10405272,4096
1625724981,947793504,10405280,4096
1625724981,947793504,10405288,4096
1625724981,947793504,10405296,4096
1625724981,947793504,10405304,1024
1625724981,947944868,10405306,4096
1625724981,947944868,10405314,4096
1625724981,947945941,10405322,4096
1625724981,947945941,10405330,4096
1625724981,947945941,10405338,4096
1625724981,947945941,10405346,4096
1625724981,947945941,10405354,4096
1625724981,947945941,10405362,4096
1625724981,947945941,10405370,4096
1625724981,947945941,10405378,4096
1625724981,947945941,10405386,4096
1625724981,947947015,10405394,4096
1625724981,947947015,10405402,4096
1625724981,947947015,10405410,4096
1625724981,947947015,10405418,4096
1625724981,947947015,10405426,4096
1625724981,947947015,10405434,4096
1625724981,947947015,10405442,4096
1625724981,947947015,10405450,4096
1625724981,947947015,10405458,4096
1625724981,947948088,10405466,4096
1625724981,947948088,10405474,4096
1625724981,947948088,10405482,4096
1625724981,947948088,10405490,4096
1625724981,947948088,10405498,4096
1625724981,947948088,10405506,1024
1625724981,948141318,10405508,4096
1625724981,948141318,10405516,4096
1625724981,948141318,10405524,4096
1625724981,948141318,10405532,4096
1625724981,948141318,10405540,4096
1625724981,948141318,10405548,4096
1625724981,948141318,10405556,4096
1625724981,948141318,10405564,4096
1625724981,948142392,10405572,4096
1625724981,948142392,10405580,4096
1625724981,948142392,10405588,4096
1625724981,948142392,10405596,4096
1625724981,948142392,10405604,4096
1625724981,948142392,10405612,4096
1625724981,948142392,10405620,4096
1625724981,948142392,10405628,4096
1625724981,948142392,10405636,4096
1625724981,948143465,10405644,4096
1625724981,948143465,10405652,4096
1625724981,948143465,10405660,4096
1625724981,948143465,10405668,4096
1625724981,948143465,10405676,4096
1625724981,948143465,10405684,4096
1625724981,948143465,10405692,4096
1625724981,948143465,10405700,4096
1625724981,948144539,10405708,1024
1625724981,948346357,10405710,4096
1625724981,948346357,10405718,4096
1625724981,948346357,10405726,4096
1625724981,948346357,10405734,4096
1625724981,948346357,10405742,4096
1625724981,948347430,10405750,4096
1625724981,948347430,10405758,4096
1625724981,948347430,10405766,4096
1625724981,948347430,10405774,4096
1625724981,948347430,10405782,4096
1625724981,948347430,10405790,4096
1625724981,948347430,10405798,4096
1625724981,948347430,10405806,4096
1625724981,948347430,10405814,4096
1625724981,948348504,10405822,4096
1625724981,948348504,10405830,4096
1625724981,948348504,10405838,4096
1625724981,948348504,10405846,4096
1625724981,948348504,10405854,4096
1625724981,948348504,10405862,4096
1625724981,948348504,10405870,4096
1625724981,948348504,10405878,4096
1625724981,948349577,10405886,4096
1625724981,948349577,10405894,4096
1625724981,948349577,10405902,4096
1625724981,948349577,10405910,1024
1625724981,948362459,6794760,4096
1625724981,951258762,479160,4096
1625724981,951259836,479168,4096
1625724981,951275938,59765944,512
1625724981,952269999,1436744,4096
1625724981,952271073,1436752,4096
1625724981,952271073,1436760,4096
1625724981,952271073,1436768,4096
1625724981,952271073,1436776,4096
1625724981,952271073,1436784,4096
1625724981,952272146,1436792,4096
1625724981,952273220,1436800,4096
1625724981,952431024,3067208,4096
1625724981,952942010,3067780,1024
1625724981,953331691,1436808,4096
1625724981,953331691,1436816,4096
1625724981,953331691,1436824,4096
1625724981,953331691,1436832,4096
1625724981,953331691,1436840,4096
1625724981,953331691,1436848,4096
1625724981,953332764,1436856,4096
1625724981,953332764,1436864,4096
1625724981,953625830,3067722,4096
1625724981,953625830,3067730,4096
1625724981,953625830,3067738,4096
1625724981,953625830,3067746,4096
1625724981,954412705,1436872,4096
1625724981,954412705,1436880,4096
1625724981,954413779,1436888,4096
1625724981,954413779,1436896,4096
1625724981,954413779,1436904,4096
1625724981,954413779,1436912,4096
1625724981,954413779,1436920,4096
1625724981,954413779,1436928,4096
1625724981,955207095,1436936,4096
1625724981,955207095,1436944,4096
1625724981,955207095,1436952,4096
1625724981,955208169,1436960,4096
1625724981,955208169,1436968,4096
1625724981,955208169,1436976,4096
1625724981,955208169,1436984,4096
1625724981,955208169,1436992,4096
1625724981,957111484,3067208,4096
1625724981,957111484,3067216,4096
1625724981,957111484,3067224,4096
1625724981,957111484,3067232,4096
1625724981,957111484,3067240,4096
1625724981,957112558,3067248,4096
1625724981,957112558,3067256,4096
1625724981,957112558,3067264,4096
1625724981,957167306,2655875,4096
1625724981,957167306,2655883,4096
1625724981,957167306,2655891,4096
1625724981,971402990,1437000,4096
1625724981,971402990,1437008,4096
1625724981,971404063,1437016,4096
1625724981,971404063,1437024,4096
1625724981,971404063,1437032,4096
1625724981,971404063,1437040,4096
1625724981,971404063,1437048,4096
1625724981,971404063,1437056,4096
1625724981,972446432,6857624,4096
1625724981,972843627,1437064,4096
1625724981,972843627,1437072,4096
1625724981,972843627,1437080,4096
1625724981,972843627,1437088,4096
1625724981,972843627,1437096,4096
1625724981,972843627,1437104,4096
1625724981,972844700,1437112,4096
1625724981,972844700,1437120,4096
1625724981,973675589,1437128,4096
1625724981,973676663,1437136,4096
1625724981,973676663,1437144,4096
1625724981,973676663,1437152,4096
1625724981,973676663,1437160,4096
1625724981,973676663,1437168,4096
1625724981,973676663,1437176,4096
1625724981,973676663,1437184,4096
1625724981,974774853,3067272,4096
1625724981,974774853,3067280,4096
1625724981,974774853,3067288,4096
1625724981,974774853,3067296,4096
1625724981,974774853,3067304,4096
1625724981,974775927,3067312,4096
1625724981,974775927,3067320,4096
1625724981,974775927,3067328,4096
1625724981,974830675,1437192,4096
1625724981,974830675,1437200,4096
1625724981,974830675,1437208,4096
1625724981,974830675,1437216,4096
1625724981,974830675,1437224,4096
1625724981,974830675,1437232,4096
1625724981,974830675,1437240,4096
1625724981,974830675,1437248,4096
1625724981,976092038,1437256,4096
1625724981,976092038,1437264,4096
1625724981,976092038,1437272,4096
1625724981,976092038,1437280,4096
1625724981,976092038,1437288,4096
1625724981,976093111,1437296,4096
1625724981,976093111,1437304,4096
1625724981,976093111,1437312,4096
1625724981,976167183,3067336,4096
1625724981,976167183,3067344,4096
1625724981,976167183,3067352,4096
1625724981,976167183,3067360,4096
1625724981,976167183,3067368,4096
1625724981,976167183,3067376,4096
1625724981,976167183,3067384,4096
1625724981,976168256,3067392,4096
1625724981,976716815,68805440,4096
1625724981,976717888,68805448,4096
1625724981,976717888,68805456,4096
1625724981,976717888,68805464,4096
1625724981,976717888,68805472,4096
1625724981,976717888,68805480,4096
1625724981,976717888,68805488,4096
1625724981,976718962,68805496,4096
1625724981,976718962,68805504,4096
1625724981,976718962,68805512,3584
1625724981,976805915,68805519,4096
1625724981,976806989,68805527,4096
1625724981,976806989,68805535,4096
1625724981,976806989,68805543,4096
1625724981,976806989,68805551,4096
1625724981,976806989,68805559,4096
1625724981,976806989,68805567,4096
1625724981,976806989,68805575,4096
1625724981,976806989,68805583,4096
1625724981,976808062,68805591,3584
1625724981,977234242,3067400,4096
1625724981,977234242,3067408,4096
1625724981,977235315,3067416,4096
1625724981,977235315,3067424,4096
1625724981,977235315,3067432,4096
1625724981,977235315,3067440,4096
1625724981,977235315,3067448,4096
1625724981,977235315,3067456,4096
1625724981,977925576,1437320,4096
1625724981,977926649,1437328,4096
1625724981,977926649,1437336,4096
1625724981,977926649,1437344,4096
1625724981,977926649,1437352,4096
1625724981,977926649,1437360,4096
1625724981,977926649,1437368,4096
1625724981,977926649,1437376,4096
1625724981,978228303,3067464,4096
1625724981,978228303,3067472,4096
1625724981,978228303,3067480,4096
1625724981,978229376,3067488,4096
1625724981,978229376,3067496,4096
1625724981,978229376,3067504,4096
1625724981,978229376,3067512,4096
1625724981,978229376,3067520,4096
1625724981,978921784,1437384,4096
1625724981,978921784,1437392,4096
1625724981,978921784,1437400,4096
1625724981,978921784,1437408,4096
1625724981,978921784,1437416,4096
1625724981,978921784,1437424,4096
1625724981,978921784,1437432,4096
1625724981,978921784,1437440,4096
1625724981,979227731,3067528,4096
1625724981,979227731,3067536,4096
1625724981,979227731,3067544,4096
1625724981,979227731,3067552,4096
1625724981,979227731,3067560,4096
1625724981,979228805,3067568,4096
1625724981,979228805,3067576,4096
1625724981,979228805,3067584,4096
1625724981,979988843,1437448,4096
1625724981,979988843,1437456,4096
1625724981,979988843,1437464,4096
1625724981,979989916,1437472,4096
1625724981,979989916,1437480,4096
1625724981,979989916,1437488,4096
1625724981,979989916,1437496,4096
1625724981,979989916,1437504,4096
1625724981,980296937,3067592,4096
1625724981,980296937,3067600,4096
1625724981,980296937,3067608,4096
1625724981,980296937,3067616,4096
1625724981,980296937,3067624,4096
1625724981,980296937,3067632,4096
1625724981,980296937,3067640,4096
1625724981,980298011,3067648,4096
1625724981,981029064,1437512,4096
1625724981,981029064,1437520,4096
1625724981,981029064,1437528,4096
1625724981,981029064,1437536,4096
1625724981,981029064,1437544,4096
1625724981,981030138,1437552,4096
1625724981,981030138,1437560,4096
1625724981,981030138,1437568,4096
1625724981,981281337,3067656,4096
1625724981,981281337,3067664,4096
1625724981,981281337,3067672,4096
1625724981,981281337,3067680,4096
1625724981,981281337,3067688,4096
1625724981,981281337,3067696,4096
1625724981,981281337,3067704,4096
1625724981,981282410,3067712,4096
1625724981,981987700,1437576,4096
1625724981,981987700,1437584,4096
1625724981,981987700,1437592,4096
1625724981,981987700,1437600,4096
1625724981,981987700,1437608,4096
1625724981,981987700,1437616,4096
1625724981,981987700,1437624,4096
1625724981,981988773,1437632,4096
1625724981,982140137,3067720,4096
1625724981,982140137,3067728,4096
1625724981,982140137,3067736,4096
1625724981,982140137,3067744,4096
1625724981,982141210,3067752,4096
1625724981,982141210,3067760,4096
1625724981,982141210,3067768,4096
1625724981,982141210,3067776,3072
1625724981,982297941,471040,4096
1625724981,982299015,471048,4096
1625724981,982299015,471056,4096
1625724981,982299015,471064,4096
1625724981,982299015,471072,4096
1625724981,982299015,471080,4096
1625724981,982299015,471088,4096
1625724981,982299015,471096,4096
1625724981,982299015,471104,4096
1625724981,982299015,471112,4096
1625724981,982300088,471120,4096
1625724981,982300088,471128,4096
1625724981,982300088,471136,4096
1625724981,983033289,1437640,4096
1625724981,983033289,1437648,4096
1625724981,983033289,1437656,4096
1625724981,983033289,1437664,4096
1625724981,983033289,1437672,4096
1625724981,983033289,1437680,4096
1625724981,983033289,1437688,4096
1625724981,983033289,1437696,4096
1625724981,983374662,3067651,4096
1625724981,983375735,3067659,4096
1625724981,983375735,3067667,4096
1625724981,983375735,3067675,4096
1625724981,983375735,3067683,4096
1625724981,983375735,3067691,4096
1625724981,983375735,3067699,4096
1625724981,983375735,3067707,1024
1625724981,983792253,993336,4096
1625724981,983863104,2291600,4096
1625724981,984030570,1781152,4096
1625724981,984286063,1012520,4096
1625724981,984985985,1437704,4096
1625724981,984985985,1437712,4096
1625724981,984985985,1437720,4096
1625724981,984987059,1437728,4096
1625724981,984987059,1437736,4096
1625724981,984987059,1437744,4096
1625724981,984987059,1437752,4096
1625724981,984987059,1437760,4096
1625724981,985751391,1437768,4096
1625724981,985751391,1437776,4096
1625724981,985751391,1437784,4096
1625724981,985751391,1437792,4096
1625724981,985751391,1437800,4096
1625724981,985752464,1437808,4096
1625724981,985752464,1437816,4096
1625724981,985752464,1437824,4096
1625724981,986283847,1437832,4096
1625724981,986283847,1437840,4096
1625724981,986284920,1437848,4096
1625724981,986284920,1437856,4096
1625724981,986284920,1437864,4096
1625724981,986284920,1437872,4096
1625724981,986284920,1437880,4096
1625724981,986284920,1437888,4096
1625724981,986617705,1412413,512
1625724981,986888227,1412528,1024
1625724981,987466844,2293455,1536
1625724981,987470064,1437896,4096
1625724981,987471138,1437904,4096
1625724981,987471138,1437912,4096
1625724981,987471138,1437920,4096
1625724981,987471138,1437928,4096
1625724981,987471138,1437936,4096
1625724981,987471138,1437944,4096
1625724981,987471138,1437952,4096
1625724981,987804996,2293527,1024
1625724981,988366437,1437960,4096
1625724981,988366437,1437968,4096
1625724981,988366437,1437976,4096
1625724981,988366437,1437984,4096
1625724981,988366437,1437992,4096
1625724981,988366437,1438000,4096
1625724981,988367510,1438008,4096
1625724981,988367510,1438016,4096
1625724981,988984773,1438024,4096
1625724981,988984773,1438032,4096
1625724981,988984773,1438040,4096
1625724981,988984773,1438048,4096
1625724981,988984773,1438056,4096
1625724981,988984773,1438064,4096
1625724981,988984773,1438072,4096
1625724981,988985846,1438080,4096
1625724981,989583786,1438088,4096
1625724981,989583786,1438096,4096
1625724981,989584859,1438104,4096
1625724981,989584859,1438112,4096
1625724981,989584859,1438120,4096
1625724981,989584859,1438128,4096
1625724981,989584859,1438136,4096
1625724981,989584859,1438144,4096
1625724981,990193534,1438152,4096
1625724981,990193534,1438160,4096
1625724981,990194607,1438168,4096
1625724981,990194607,1438176,4096
1625724981,990194607,1438184,4096
1625724981,990194607,1438192,4096
1625724981,990194607,1438200,4096
1625724981,990194607,1438208,4096
1625724981,990790400,1438216,4096
1625724981,990790400,1438224,4096
1625724981,990790400,1438232,4096
1625724981,990790400,1438240,4096
1625724981,990790400,1438248,4096
1625724981,990790400,1438256,4096
1625724981,990790400,1438264,4096
1625724981,990791473,1438272,4096
1625724981,991387266,1438280,4096
1625724981,991388339,1438288,4096
1625724981,991388339,1438296,4096
1625724981,991388339,1438304,4096
1625724981,991388339,1438312,4096
1625724981,991388339,1438320,4096
1625724981,991388339,1438328,4096
1625724981,991388339,1438336,4096
1625724981,992032439,1438344,4096
1625724981,992032439,1438352,4096
1625724981,992032439,1438360,4096
1625724981,992033513,1438368,4096
1625724981,992033513,1438376,4096
1625724981,992033513,1438384,4096
1625724981,992033513,1438392,4096
1625724981,992033513,1438400,4096
1625724981,992684054,1438408,4096
1625724981,992684054,1438416,4096
1625724981,992684054,1438424,4096
1625724981,992684054,1438432,4096
1625724981,992684054,1438440,4096
1625724981,992684054,1438448,4096
1625724981,992684054,1438456,4096
1625724981,992684054,1438464,4096
1625724981,993316345,1438472,4096
1625724981,993316345,1438480,4096
1625724981,993317419,1438488,4096
1625724981,993317419,1438496,4096
1625724981,993317419,1438504,4096
1625724981,993317419,1438512,4096
1625724981,993317419,1438520,4096
1625724981,993317419,1438528,4096
1625724981,993930387,1438536,4096
1625724981,993930387,1438544,4096
1625724981,993930387,1438552,4096
1625724981,993930387,1438560,4096
1625724981,993930387,1438568,4096
1625724981,993930387,1438576,4096
1625724981,993931461,1438584,4096
1625724981,993931461,1438592,4096
1625724981,995171353,2615448,4096
1625724981,995357069,1438600,4096
1625724981,995357069,1438608,4096
1625724981,995357069,1438616,4096
1625724981,995357069,1438624,4096
1625724981,995357069,1438632,4096
1625724981,995357069,1438640,4096
1625724981,995358142,1438648,4096
1625724981,995358142,1438656,4096
1625724981,995813306,2618481,4096
1625724981,996198693,1438664,4096
1625724981,996198693,1438672,4096
1625724981,996198693,1438680,4096
1625724981,996198693,1438688,4096
1625724981,996198693,1438696,4096
1625724981,996198693,1438704,4096
1625724981,996199766,1438712,4096
1625724981,996199766,1438720,4096
1625724981,996342542,2618471,4096
1625724981,996342542,2618479,1024
1625724981,996884659,1438728,4096
1625724981,996884659,1438736,4096
1625724981,996884659,1438744,4096
1625724981,996884659,1438752,4096
1625724981,996885733,1438760,4096
1625724981,996885733,1438768,4096
1625724981,996885733,1438776,4096
1625724981,996885733,1438784,4096
1625724981,997113315,2618006,4096
1625724981,997113315,2618014,4096
1625724981,997113315,2618022,4096
1625724981,997113315,2618030,4096
1625724981,997825045,2617662,4096
1625724981,997825045,2617670,4096
1625724981,997825045,2617678,4096
1625724981,997825045,2617686,4096
1625724981,997828266,1438792,4096
1625724981,997828266,1438800,4096
1625724981,997829339,1438808,4096
1625724981,997829339,1438816,4096
1625724981,997829339,1438824,4096
1625724981,997829339,1438832,4096
1625724981,997829339,1438840,4096
1625724981,997829339,1438848,4096
1625724981,998440161,1438856,4096
1625724981,998440161,1438864,4096
1625724981,998441234,1438872,4096
1625724981,998441234,1438880,4096
1625724981,998441234,1438888,4096
1625724981,998441234,1438896,4096
1625724981,998441234,1438904,4096
1625724981,998441234,1438912,4096
1625724981,999029512,1438920,4096
1625724981,999030586,1438928,4096
1625724981,999030586,1438936,4096
1625724981,999030586,1438944,4096
1625724981,999030586,1438952,4096
1625724981,999030586,1438960,4096
1625724981,999030586,1438968,4096
1625724981,999030586,1438976,4096
1625724981,999614570,1438984,4096
1625724981,999615643,1438992,4096
1625724981,999615643,1439000,4096
1625724981,999615643,1439008,4096
1625724981,999615643,1439016,4096
1625724981,999615643,1439024,4096
1625724981,999615643,1439032,4096
1625724981,999615643,1439040,4096
1625724982,10455958,1434098,4096
1625724982,10457031,1434106,4096
1625724982,10457031,1434114,4096
1625724982,10457031,1434122,4096
1625724982,10457031,1434130,4096
1625724982,10457031,1434138,4096
1625724982,10457031,1434146,4096
1625724982,10457031,1434154,4096
1625724982,11156953,1434050,4096
1625724982,11156953,1434058,4096
1625724982,11156953,1434066,4096
1625724982,11156953,1434074,4096
1625724982,11156953,1434082,4096
1625724982,11156953,1434090,4096
1625724982,111831930,3666912,4096
1625724982,111833004,3666920,4096
1625724982,111833004,3666928,4096
1625724982,111833004,3666936,512
1625724982,112785,917232,4096
1625724982,1173403,917592,4096
1625724982,11888007,1433786,4096
1625724982,11888007,1433794,4096
1625724982,120632483,2616140,4096
1625724982,120633557,2616148,4096
1625724982,120633557,2616156,4096
1625724982,120633557,2616164,4096
1625724982,120633557,2616172,4096
1625724982,120633557,2616180,4096
1625724982,120633557,2616188,4096
1625724982,120633557,2616196,4096
1625724982,121529929,2616108,4096
1625724982,121529929,2616116,4096
1625724982,121529929,2616124,4096
1625724982,121529929,2616132,4096
1625724982,122186911,917488,4096
1625724982,122799880,917496,4096
1625724982,123472964,2616292,4096
1625724982,123472964,2616300,4096
1625724982,123474038,2616308,4096
1625724982,123474038,2616316,4096
1625724982,123474038,2616324,4096
1625724982,123474038,2616332,4096
1625724982,123474038,2616340,4096
1625724982,123474038,2616348,4096
1625724982,12408654,6765216,4096
1625724982,126432604,3198171,4096
1625724982,126433677,3198179,4096
1625724982,126433677,3198187,4096
1625724982,126433677,3198195,4096
1625724982,126433677,3198203,4096
1625724982,126433677,3198211,4096
1625724982,126433677,3198219,4096
1625724982,126433677,3198227,4096
1625724982,127908666,2615448,4096
1625724982,127908666,2615456,4096
1625724982,127908666,2615464,4096
1625724982,127908666,2615472,4096
1625724982,127908666,2615480,4096
1625724982,127908666,2615488,4096
1625724982,127908666,2615496,4096
1625724982,127908666,2615504,4096
1625724982,128518414,2618432,4096
1625724982,128518414,2618440,4096
1625724982,128518414,2618448,4096
1625724982,128518414,2618456,4096
1625724982,128518414,2618464,4096
1625724982,128519488,2618472,4096
1625724982,128519488,2618480,4096
1625724982,128519488,2618488,512
1625724982,129020812,479872,4096
1625724982,12909979,6765224,4096
1625724982,129444845,6831656,4096
1625724982,129961198,6166952,3072
1625724982,131571448,2616948,4096
1625724982,131571448,2616956,4096
1625724982,131572522,2616964,4096
1625724982,131572522,2616972,4096
1625724982,131572522,2616980,4096
1625724982,131572522,2616988,4096
1625724982,131572522,2616996,4096
1625724982,131572522,2617004,4096
1625724982,132566583,572248,4096
1625724982,133183845,572408,4096
1625724982,133674435,572400,4096
1625724982,134234802,572296,4096
1625724982,134715730,572312,4096
1625724982,13490742,7438832,4096
1625724982,135204172,572352,4096
1625724982,135699056,572416,4096
1625724982,136199307,572280,4096
1625724982,136931434,572600,4096
1625724982,137583048,572320,4096
1625724982,138238957,572328,4096
1625724982,138938879,1071408,4096
1625724982,139459526,1071416,4096
1625724982,139459526,1071424,4096
1625724982,139459526,1071432,4096
1625724982,139459526,1071440,512
1625724982,140061760,572536,4096
1625724982,140577040,572640,4096
1625724982,14112299,7035016,4096
1625724982,14715606,1434162,4096
1625724982,16049966,3377842,4096
1625724982,16049966,3377850,4096
1625724982,16049966,3377858,4096
1625724982,16049966,3377866,4096
1625724982,16051040,3377874,4096
1625724982,16051040,3377882,4096
1625724982,16051040,3377890,4096
1625724982,16051040,3377898,4096
1625724982,166701736,916976,4096
1625724982,1667213,917600,4096
1625724982,16714463,3379860,4096
1625724982,16714463,3379868,4096
1625724982,16714463,3379876,4096
1625724982,16714463,3379884,4096
1625724982,167588447,917856,4096
1625724982,168635109,917784,4096
1625724982,170070379,6857640,4096
1625724982,170914150,63752488,4096
1625724982,17268389,3379828,4096
1625724982,17268389,3379836,4096
1625724982,17268389,3379844,4096
1625724982,17268389,3379852,4096
1625724982,174129282,45368160,4096
1625724982,174129282,45368168,4096
1625724982,174129282,45368176,4096
1625724982,174129282,45368184,4096
1625724982,174129282,45368192,4096
1625724982,174130356,45368200,4096
1625724982,174130356,45368208,4096
1625724982,174130356,45368216,4096
1625724982,180264335,917792,4096
1625724982,180993241,917872,4096
1625724982,181451626,917800,4096
1625724982,182155842,917808,4096
1625724982,182621741,917864,4096
1625724982,18471782,2662266,4096
1625724982,18471782,2662274,4096
1625724982,18472856,2662282,4096
1625724982,18472856,2662290,4096
1625724982,18472856,2662298,4096
1625724982,185178818,572272,4096
1625724982,185831506,572608,4096
1625724982,187696175,45377856,4096
1625724982,187696175,45377864,4096
1625724982,187696175,45377872,4096
1625724982,187697249,45377880,4096
1625724982,187697249,45377888,4096
1625724982,187697249,45377896,4096
1625724982,187697249,45377904,4096
1625724982,187697249,45377912,4096
1625724982,192202728,572304,4096
1625724982,19258658,2663756,4096
1625724982,19258658,2663764,4096
1625724982,19258658,2663772,4096
1625724982,19258658,2663780,4096
1625724982,192906944,572360,4096
1625724982,193501663,572392,4096
1625724982,194247746,572256,4096
1625724982,194815627,572368,4096
1625724982,196245529,501880,4096
1625724982,196820925,501888,4096
1625724982,196820925,501896,4096
1625724982,196820925,501904,4096
1625724982,196820925,501912,512
1625724982,20149663,6832728,4096
1625724982,217351613,1317010,4096
1625724982,217352686,1317018,3072
1625724982,217786380,12225360,4096
1625724982,236903268,3596496,4096
1625724982,237385270,3596752,4096
1625724982,2381091,1433720,4096
1625724982,238194689,3596760,4096
1625724982,238194689,3596768,4096
1625724982,238194689,3596776,4096
1625724982,238194689,3596784,4096
1625724982,238194689,3596792,4096
1625724982,238194689,3596800,4096
1625724982,238194689,3596808,4096
1625724982,238194689,3596816,4096
1625724982,238194689,3596824,4096
1625724982,238195762,3596832,4096
1625724982,238195762,3596840,4096
1625724982,238195762,3596848,4096
1625724982,238195762,3596856,4096
1625724982,238195762,3596864,4096
1625724982,238195762,3596872,4096
1625724982,23867193,1587004,4096
1625724982,23867193,1587012,4096
1625724982,24585365,1587196,4096
1625724982,24587512,1587204,4096
1625724982,24587512,1587212,4096
1625724982,24587512,1587220,4096
1625724982,25093130,1587164,4096
1625724982,25093130,1587172,4096
1625724982,25093130,1587180,4096
1625724982,25093130,1587188,4096
1625724982,253004695,6857656,4096
1625724982,25685702,1586908,4096
1625724982,25686776,1586916,4096
1625724982,25686776,1586924,4096
1625724982,25686776,1586932,4096
1625724982,27224028,6764816,4096
1625724982,275791879,48937056,4096
1625724982,276475699,28137592,4096
1625724982,276475699,28137600,4096
1625724982,276475699,28137608,4096
1625724982,276475699,28137616,4096
1625724982,277199238,28137624,4096
1625724982,277199238,28137632,4096
1625724982,277199238,28137640,4096
1625724982,277199238,28137648,4096
1625724982,277199238,28137656,4096
1625724982,277200311,28137664,4096
1625724982,277200311,28137672,4096
1625724982,277200311,28137680,4096
1625724982,277200311,28137688,4096
1625724982,277200311,28137696,4096
1625724982,277200311,28137704,4096
1625724982,277200311,28137712,4096
1625724982,277200311,28137720,4096
1625724982,277200311,28137728,4096
1625724982,277302294,28137736,4096
1625724982,277302294,28137744,4096
1625724982,277302294,28137752,4096
1625724982,277302294,28137760,4096
1625724982,277302294,28137768,4096
1625724982,277303367,28137776,4096
1625724982,277303367,28137784,4096
1625724982,277303367,28137792,4096
1625724982,277303367,28137800,4096
1625724982,277303367,28137808,4096
1625724982,277303367,28137816,4096
1625724982,277303367,28137824,4096
1625724982,277303367,28137832,4096
1625724982,277303367,28137840,4096
1625724982,278318898,28137848,4096
1625724982,278318898,28137856,4096
1625724982,278319972,28137864,4096
1625724982,278319972,28137872,4096
1625724982,278319972,28137880,4096
1625724982,278319972,28137888,4096
1625724982,278319972,28137896,4096
1625724982,278319972,28137904,4096
1625724982,278319972,28137912,4096
1625724982,278319972,28137920,4096
1625724982,278319972,28137928,4096
1625724982,278321045,28137936,4096
1625724982,278321045,28137944,4096
1625724982,278321045,28137952,4096
1625724982,278321045,28137960,4096
1625724982,278321045,28137968,4096
1625724982,27853099,6772184,4096
1625724982,279316180,28137976,4096
1625724982,279316180,28137984,4096
1625724982,279316180,28137992,4096
1625724982,279316180,28138000,4096
1625724982,279317253,28138008,4096
1625724982,279317253,28138016,4096
1625724982,279317253,28138024,4096
1625724982,279317253,28138032,4096
1625724982,279317253,28138040,4096
1625724982,279317253,28138048,4096
1625724982,279317253,28138056,4096
1625724982,279317253,28138064,4096
1625724982,279317253,28138072,4096
1625724982,279318327,28138080,3072
1625724982,279419236,28138086,4096
1625724982,279419236,28138094,4096
1625724982,279420309,28138102,4096
1625724982,279420309,28138110,4096
1625724982,279420309,28138118,4096
1625724982,279420309,28138126,4096
1625724982,279420309,28138134,4096
1625724982,279420309,28138142,4096
1625724982,279420309,28138150,4096
1625724982,279420309,28138158,4096
1625724982,279420309,28138166,4096
1625724982,279421383,28138174,4096
1625724982,279421383,28138182,4096
1625724982,279421383,28138190,2560
1625724982,28908349,6660912,4096
1625724982,2902812,1434689,4096
1625724982,2902812,1434697,1024
1625724982,29254016,6765344,4096
1625724982,301123259,48944064,4096
1625724982,301639612,1316930,4096
1625724982,301640686,1316938,4096
1625724982,301640686,1316946,4096
1625724982,301640686,1316954,4096
1625724982,301640686,1316962,4096
1625724982,301640686,1316970,4096
1625724982,301640686,1316978,4096
1625724982,301640686,1316986,4096
1625724982,31007042,6048040,4096
1625724982,31008115,6048048,4096
1625724982,31008115,6048056,4096
1625724982,31008115,6048064,4096
1625724982,31008115,6048072,4096
1625724982,31008115,6048080,4096
1625724982,31008115,6048088,4096
1625724982,31008115,6048096,4096
1625724982,31986074,879664,4096
1625724982,31986074,879672,4096
1625724982,31986074,879680,4096
1625724982,31987147,879688,4096
1625724982,32942562,500480,4096
1625724982,32942562,500488,4096
1625724982,32942562,500496,4096
1625724982,32942562,500504,4096
1625724982,35260249,1587084,4096
1625724982,35260249,1587092,4096
1625724982,35260249,1587100,4096
1625724982,35260249,1587108,4096
1625724982,3570529,1434467,4096
1625724982,3570529,1434475,4096
1625724982,3570529,1434483,4096
1625724982,3570529,1434491,4096
1625724982,35806660,1586876,4096
1625724982,35806660,1586884,4096
1625724982,35806660,1586892,4096
1625724982,35806660,1586900,4096
1625724982,36813603,2321299,4096
1625724982,37636978,6870472,4096
1625724982,408958481,1875912,4096
1625724982,417552922,1876467,1536
1625724982,4262936,1434370,4096
1625724982,4262936,1434378,4096
1625724982,4262936,1434386,4096
1625724982,4264010,1434394,4096
1625724982,4264010,1434402,4096
1625724982,4264010,1434410,4096
1625724982,4264010,1434418,4096
1625724982,4264010,1434426,1024
1625724982,426650834,916952,4096
1625724982,426877343,1876462,2560
1625724982,429303453,917880,4096
1625724982,439179653,1875912,4096
1625724982,439179653,1875920,4096
1625724982,439180726,1875928,4096
1625724982,439180726,1875936,4096
1625724982,439180726,1875944,4096
1625724982,439180726,1875952,4096
1625724982,439180726,1875960,4096
1625724982,439180726,1875968,4096
1625724982,439181800,2617918,4096
1625724982,439182873,2617926,4096
1625724982,439960087,1875976,4096
1625724982,439960087,1875984,4096
1625724982,439961161,1875992,4096
1625724982,439961161,1876000,4096
1625724982,439961161,1876008,4096
1625724982,439961161,1876016,4096
1625724982,439961161,1876024,4096
1625724982,439961161,1876032,4096
1625724982,440493617,479544,4096
1625724982,440493617,479552,4096
1625724982,440493617,479560,4096
1625724982,440493617,479568,4096
1625724982,440493617,479576,4096
1625724982,440493617,479584,4096
1625724982,440494690,479592,4096
1625724982,440494690,479600,4096
1625724982,440494690,479608,4096
1625724982,440494690,479616,4096
1625724982,440494690,479624,4096
1625724982,440494690,479632,4096
1625724982,440494690,479640,4096
1625724982,440494690,479648,4096
1625724982,440494690,479656,4096
1625724982,440495764,479664,4096
1625724982,440495764,479672,4096
1625724982,440495764,479680,4096
1625724982,440495764,479688,4096
1625724982,440495764,479696,4096
1625724982,440495764,479704,4096
1625724982,440495764,479712,4096
1625724982,440495764,479720,4096
1625724982,440495764,479728,4096
1625724982,440671818,479736,4096
1625724982,440671818,479744,4096
1625724982,440671818,479752,4096
1625724982,440671818,479760,4096
1625724982,440671818,479768,4096
1625724982,440671818,479776,4096
1625724982,440671818,479784,4096
1625724982,440672891,479792,4096
1625724982,440672891,479800,4096
1625724982,440672891,479808,4096
1625724982,440672891,479816,4096
1625724982,440672891,479824,4096
1625724982,440672891,479832,4096
1625724982,440672891,479840,4096
1625724982,440672891,479848,4096
1625724982,440672891,479856,4096
1625724982,440673965,479864,4096
1625724982,440673965,479872,4096
1625724982,440673965,479880,4096
1625724982,440673965,479888,4096
1625724982,440673965,479896,4096
1625724982,440673965,479904,4096
1625724982,440673965,479912,4096
1625724982,440673965,479920,4096
1625724982,440913355,479928,4096
1625724982,440913355,479936,4096
1625724982,440913355,479944,4096
1625724982,440913355,479952,4096
1625724982,440914429,479960,4096
1625724982,440914429,479968,4096
1625724982,440914429,479976,4096
1625724982,440914429,479984,4096
1625724982,440914429,479992,4096
1625724982,440914429,480000,4096
1625724982,440914429,480008,4096
1625724982,440914429,480016,4096
1625724982,440915502,480024,4096
1625724982,440915502,480032,4096
1625724982,440915502,480040,4096
1625724982,440915502,480048,4096
1625724982,440915502,480056,4096
1625724982,440915502,480064,4096
1625724982,440915502,480072,4096
1625724982,440915502,480080,4096
1625724982,440915502,480088,4096
1625724982,440915502,480096,4096
1625724982,440916576,480104,4096
1625724982,440916576,480112,4096
1625724982,442085617,1876040,4096
1625724982,442086691,1876048,4096
1625724982,442086691,1876056,4096
1625724982,442086691,1876064,4096
1625724982,442086691,1876072,4096
1625724982,442086691,1876080,4096
1625724982,442086691,1876088,4096
1625724982,442086691,1876096,4096
1625724982,442713615,3303016,4096
1625724982,443855819,1876104,4096
1625724982,443855819,1876112,4096
1625724982,443856892,1876120,4096
1625724982,443856892,1876128,4096
1625724982,443856892,1876136,4096
1625724982,443856892,1876144,4096
1625724982,443856892,1876152,4096
1625724982,443856892,1876160,4096
1625724982,445870778,1876168,4096
1625724982,445870778,1876176,4096
1625724982,445870778,1876184,4096
1625724982,445870778,1876192,4096
1625724982,445870778,1876200,4096
1625724982,445871852,1876208,4096
1625724982,445871852,1876216,4096
1625724982,445871852,1876224,4096
1625724982,446418263,1876232,4096
1625724982,446419337,1876240,4096
1625724982,446419337,1876248,4096
1625724982,446419337,1876256,4096
1625724982,446419337,1876264,4096
1625724982,446419337,1876272,4096
1625724982,446419337,1876280,4096
1625724982,446419337,1876288,4096
1625724982,446946425,1876296,4096
1625724982,446946425,1876304,4096
1625724982,446946425,1876312,4096
1625724982,446947499,1876320,4096
1625724982,446947499,1876328,4096
1625724982,446947499,1876336,4096
1625724982,446947499,1876344,4096
1625724982,446947499,1876352,4096
1625724982,447487469,1876360,4096
1625724982,447487469,1876368,4096
1625724982,447487469,1876376,4096
1625724982,447487469,1876384,4096
1625724982,447488543,1876392,4096
1625724982,447488543,1876400,4096
1625724982,447488543,1876408,4096
1625724982,447488543,1876416,4096
1625724982,44796149,48937048,4096
1625724982,447999529,1876424,4096
1625724982,447999529,1876432,4096
1625724982,447999529,1876440,4096
1625724982,447999529,1876448,4096
1625724982,447999529,1876456,4096
1625724982,447999529,1876464,3072
1625724982,45337193,10523288,2560
1625724982,455277859,3596880,4096
1625724982,455277859,3596888,4096
1625724982,455278932,3596896,4096
1625724982,455278932,3596904,4096
1625724982,455278932,3596912,4096
1625724982,455278932,3596920,4096
1625724982,455278932,3596928,4096
1625724982,455278932,3596936,4096
1625724982,455278932,3596944,4096
1625724982,455278932,3596952,4096
1625724982,455278932,3596960,4096
1625724982,455280006,3596968,4096
1625724982,455280006,3596976,4096
1625724982,455280006,3596984,4096
1625724982,455280006,3596992,4096
1625724982,455280006,3597000,4096
1625724982,461601847,2617420,4096
1625724982,461601847,2617428,4096
1625724982,461601847,2617436,4096
1625724982,461602921,2617444,4096
1625724982,461602921,2617452,4096
1625724982,461602921,2617460,4096
1625724982,461602921,2617468,4096
1625724982,461602921,2617476,4096
1625724982,462990956,572544,4096
1625724982,463624321,572592,4096
1625724982,464309214,572632,4096
1625724982,464933991,2615956,4096
1625724982,464933991,2615964,4096
1625724982,464933991,2615972,4096
1625724982,465501873,572520,4096
1625724982,466107327,572584,4096
1625724982,466662326,2617076,4096
1625724982,466662326,2617084,4096
1625724982,466662326,2617092,4096
1625724982,466662326,2617100,4096
1625724982,466663400,2617108,4096
1625724982,467215179,572648,4096
1625724982,467820633,572656,4096
1625724982,468294046,572504,4096
1625724982,468793224,572568,4096
1625724982,46928120,48928760,4096
1625724982,469646656,572528,4096
1625724982,470854344,572560,4096
1625724982,471859140,572664,4096
1625724982,473004564,6857664,4096
1625724982,473149487,572512,4096
1625724982,473758161,572672,4096
1625724982,474253045,572576,4096
1625724982,478479414,2636754,4096
1625724982,478479414,2636762,4096
1625724982,478480488,2636770,4096
1625724982,478480488,2636778,4096
1625724982,478480488,2636786,4096
1625724982,478480488,2636794,4096
1625724982,478480488,2636802,4096
1625724982,478480488,2636810,4096
1625724982,47917887,866896,4096
1625724982,479990902,572552,4096
1625724982,48355875,867010,512
1625724982,490405999,2616268,4096
1625724982,490405999,2616276,4096
1625724982,490405999,2616284,4096
1625724982,49216822,867007,1536
1625724982,494769777,1292976,4096
1625724982,495390260,1292977,4096
1625724982,495390260,1292985,4096
1625724982,495390260,1292993,4096
1625724982,495390260,1293001,4096
1625724982,495921642,1293009,4096
1625724982,495921642,1293017,4096
1625724982,496424040,1293120,4096
1625724982,496425114,1293128,4096
1625724982,496425114,1293136,4096
1625724982,496425114,1293144,4096
1625724982,496425114,1293152,4096
1625724982,496425114,1293160,4096
1625724982,496425114,1293168,4096
1625724982,496425114,1293176,4096
1625724982,49700971,866967,4096
1625724982,49700971,866975,4096
1625724982,49700971,866983,4096
1625724982,49700971,866991,3072
1625724982,5001504,1433722,4096
1625724982,5002578,1433730,4096
1625724982,5002578,1433738,4096
1625724982,5002578,1433746,4096
1625724982,5002578,1433754,4096
1625724982,5002578,1433762,4096
1625724982,5002578,1433770,4096
1625724982,5002578,1433778,4096
1625724982,50956966,866997,2048
1625724982,51310147,867006,512
1625724982,52415852,866906,4096
1625724982,52416926,866914,4096
1625724982,52416926,866922,4096
1625724982,52416926,866930,4096
1625724982,52416926,866938,4096
1625724982,52416926,866946,4096
1625724982,52416926,866954,4096
1625724982,52416926,866962,2560
1625724982,52932206,866898,4096
1625724982,535703405,1316418,4096
1625724982,535703405,1316426,4096
1625724982,535703405,1316434,4096
1625724982,535703405,1316442,4096
1625724982,535704479,1316450,4096
1625724982,535704479,1316458,4096
1625724982,535704479,1316466,4096
1625724982,535704479,1316474,4096
1625724982,536300271,12207264,4096
1625724982,536300271,12207272,4096
1625724982,536300271,12207280,4096
1625724982,536300271,12207288,4096
1625724982,536300271,12207296,4096
1625724982,536300271,12207304,4096
1625724982,536300271,12207312,4096
1625724982,536300271,12207320,4096
1625724982,53760948,2321467,4096
1625724982,53760948,2321475,4096
1625724982,53760948,2321483,4096
1625724982,53762021,2321491,4096
1625724982,53762021,2321499,4096
1625724982,53762021,2321507,4096
1625724982,53762021,2321515,4096
1625724982,53762021,2321523,4096
1625724982,54520986,3064516,4096
1625724982,54520986,3064524,4096
1625724982,54520986,3064532,4096
1625724982,54520986,3064540,4096
1625724982,55159718,3064484,4096
1625724982,55159718,3064492,4096
1625724982,55160792,3064500,4096
1625724982,55160792,3064508,4096
1625724982,55771613,3064299,4096
1625724982,55771613,3064307,4096
1625724982,55771613,3064315,4096
1625724982,55771613,3064323,4096
1625724982,56277232,3064291,4096
1625724982,56934214,775624,4096
1625724982,56934214,775632,4096
1625724982,57677076,775640,4096
1625724982,57677076,775648,4096
1625724982,57677076,775656,4096
1625724982,57677076,775664,4096
1625724982,57678149,775672,4096
1625724982,57678149,775680,4096
1625724982,57678149,775688,4096
1625724982,57678149,775696,4096
1625724982,57678149,775704,4096
1625724982,57678149,775712,4096
1625724982,57678149,775720,4096
1625724982,57678149,775728,4096
1625724982,57678149,775736,4096
1625724982,57679223,775744,4096
1625724982,57679223,775752,4096
1625724982,57780132,775760,4096
1625724982,57780132,775768,4096
1625724982,57781205,775776,4096
1625724982,57781205,775784,4096
1625724982,57781205,775792,4096
1625724982,57781205,775800,4096
1625724982,57781205,775808,4096
1625724982,57781205,775816,4096
1625724982,57781205,775824,4096
1625724982,57781205,775832,4096
1625724982,57781205,775840,4096
1625724982,57782279,775848,4096
1625724982,57782279,775856,4096
1625724982,57782279,775864,4096
1625724982,57782279,775872,4096
1625724982,57889629,3377290,4096
1625724982,57889629,3377298,4096
1625724982,57889629,3377306,4096
1625724982,57889629,3377314,4096
1625724982,57889629,3377322,4096
1625724982,57890702,3377330,4096
1625724982,57890702,3377338,4096
1625724982,57890702,3377346,4096
1625724982,58588477,3377266,4096
1625724982,58588477,3377274,4096
1625724982,58588477,3377282,4096
1625724982,59101610,775880,1024
1625724982,59400043,3377978,4096
1625724982,59400043,3377986,4096
1625724982,59400043,3377994,4096
1625724982,59400043,3378002,4096
1625724982,59400043,3378010,4096
1625724982,59400043,3378018,4096
1625724982,59400043,3378026,4096
1625724982,59400043,3378034,4096
1625724982,602618954,12207328,4096
1625724982,602618954,12207336,4096
1625724982,602618954,12207344,4096
1625724982,602618954,12207352,4096
1625724982,602618954,12207360,4096
1625724982,602618954,12207368,2560
1625724982,605522,917456,4096
1625724982,63359111,1434659,4096
1625724982,63359111,1434667,4096
1625724982,63359111,1434675,4096
1625724982,63360185,1434683,3072
1625724982,63848627,6832584,4096
1625724982,64356393,848576,4096
1625724982,6435700,1434282,4096
1625724982,6435700,1434290,4096
1625724982,6435700,1434298,4096
1625724982,6435700,1434306,4096
1625724982,6435700,1434314,4096
1625724982,6435700,1434322,4096
1625724982,64357466,848584,1536
1625724982,6436774,1434330,4096
1625724982,6436774,1434338,4096
1625724982,65765898,2615764,4096
1625724982,65766972,2615772,4096
1625724982,65766972,2615780,4096
1625724982,65766972,2615788,4096
1625724982,65766972,2615796,4096
1625724982,65766972,2615804,4096
1625724982,65766972,2615812,4096
1625724982,65766972,2615820,4096
1625724982,66335927,2615700,4096
1625724982,66335927,2615708,4096
1625724982,66335927,2615716,4096
1625724982,66337000,2615724,4096
1625724982,66337000,2615732,4096
1625724982,66337000,2615740,4096
1625724982,66337000,2615748,4096
1625724982,66337000,2615756,4096
1625724982,6946686,1434428,4096
1625724982,6946686,1434436,512
1625724982,705505341,45380128,4096
1625724982,705505341,45380136,4096
1625724982,705505341,45380144,4096
1625724982,705505341,45380152,4096
1625724982,705505341,45380160,4096
1625724982,705505341,45380168,4096
1625724982,705505341,45380176,4096
1625724982,705505341,45380184,4096
1625724982,705505341,45380192,4096
1625724982,705506415,45380200,4096
1625724982,705506415,45380208,4096
1625724982,705506415,45380216,4096
1625724982,705757614,7478240,4096
1625724982,705757614,7478248,4096
1625724982,705757614,7478256,4096
1625724982,705757614,7478264,4096
1625724982,705757614,7478272,4096
1625724982,705757614,7478280,4096
1625724982,705757614,7478288,4096
1625724982,705757614,7478296,4096
1625724982,706061414,7520576,4096
1625724982,706062488,7520584,4096
1625724982,706062488,7520592,4096
1625724982,706062488,7520600,4096
1625724982,706062488,7520608,4096
1625724982,706062488,7520616,4096
1625724982,706062488,7520624,4096
1625724982,706063561,7520632,4096
1625724982,706402787,7523360,4096
1625724982,706402787,7523368,4096
1625724982,706402787,7523376,4096
1625724982,706402787,7523384,4096
1625724982,706403861,7523392,4096
1625724982,706403861,7523400,4096
1625724982,706403861,7523408,4096
1625724982,706403861,7523416,4096
1625724982,74841267,2615644,4096
1625724982,74842341,2615652,4096
1625724982,74842341,2615660,4096
1625724982,74842341,2615668,4096
1625724982,74842341,2615676,4096
1625724982,74842341,2615684,4096
1625724982,74842341,2615692,4096
1625724982,75908326,2616356,4096
1625724982,75908326,2616364,4096
1625724982,75908326,2616372,4096
1625724982,75908326,2616380,4096
1625724982,75908326,2616388,4096
1625724982,75908326,2616396,4096
1625724982,75908326,2616404,4096
1625724982,75908326,2616412,4096
1625724982,7619771,1433922,4096
1625724982,7619771,1433930,4096
1625724982,7619771,1433938,4096
1625724982,7619771,1433946,4096
1625724982,7619771,1433954,4096
1625724982,7619771,1433962,4096
1625724982,7619771,1433970,4096
1625724982,7620844,1433978,4096
1625724982,76515927,2617116,4096
1625724982,76517001,2617124,4096
1625724982,76517001,2617132,4096
1625724982,76517001,2617140,4096
1625724982,76517001,2617148,4096
1625724982,76517001,2617156,4096
1625724982,76517001,2617164,4096
1625724982,76517001,2617172,4096
1625724982,770024838,48951088,4096
1625724982,771257216,3081816,4096
1625724982,772664575,3082290,1536
1625724982,78134765,2617934,4096
1625724982,78134765,2617942,4096
1625724982,78134765,2617950,4096
1625724982,78134765,2617958,4096
1625724982,79201824,917480,4096
1625724982,82066996,2598754,4096
1625724982,8360486,1433986,4096
1625724982,8360486,1433994,4096
1625724982,8360486,1434002,4096
1625724982,8360486,1434010,4096
1625724982,8360486,1434018,4096
1625724982,8360486,1434026,4096
1625724982,8360486,1434034,4096
1625724982,8361559,1434042,4096
1625724982,83616056,2617324,4096
1625724982,83616056,2617332,4096
1625724982,83616056,2617340,4096
1625724982,83617130,2617348,4096
1625724982,83617130,2617356,4096
1625724982,83617130,2617364,4096
1625724982,83617130,2617372,4096
1625724982,83617130,2617380,4096
1625724982,836987621,3082285,2560
1625724982,837359052,6880712,4096
1625724982,837643530,3082170,4096
1625724982,837643530,3082178,4096
1625724982,837643530,3082186,4096
1625724982,837644603,3082194,4096
1625724982,837644603,3082202,4096
1625724982,837644603,3082210,4096
1625724982,837644603,3082218,4096
1625724982,837644603,3082226,4096
1625724982,839577977,3081818,4096
1625724982,839577977,3081826,4096
1625724982,839577977,3081834,4096
1625724982,839579050,3081842,4096
1625724982,839579050,3081850,4096
1625724982,839579050,3081858,4096
1625724982,839579050,3081866,4096
1625724982,839579050,3081874,4096
1625724982,841192521,6831904,4096
1625724982,841815151,12207568,4096
1625724982,841815151,12207576,4096
1625724982,841815151,12207584,4096
1625724982,841815151,12207592,4096
1625724982,841816224,12207600,4096
1625724982,841816224,12207608,4096
1625724982,841816224,12207616,4096
1625724982,841816224,12207624,4096
1625724982,842387326,12207640,4096
1625724982,842387326,12207648,4096
1625724982,842387326,12207656,4096
1625724982,842388400,12207664,4096
1625724982,842388400,12207672,4096
1625724982,842388400,12207680,4096
1625724982,842388400,12207688,4096
1625724982,842388400,12207696,3584
1625724982,84303096,917464,4096
1625724982,843747451,1316738,4096
1625724982,843747451,1316746,4096
1625724982,843748524,1316754,4096
1625724982,843748524,1316762,4096
1625724982,843748524,1316770,4096
1625724982,843748524,1316778,4096
1625724982,843748524,1316786,4096
1625724982,843748524,1316794,4096
1625724982,844187586,1316994,512
1625724982,844761908,1316490,4096
1625724982,844761908,1316498,4096
1625724982,844761908,1316506,4096
1625724982,844761908,1316514,4096
1625724982,844761908,1316522,4096
1625724982,844761908,1316530,4096
1625724982,844761908,1316538,4096
1625724982,844761908,1316546,4096
1625724982,845358774,1316594,4096
1625724982,845358774,1316602,4096
1625724982,845358774,1316610,4096
1625724982,845358774,1316618,4096
1625724982,845359848,1316626,4096
1625724982,845359848,1316634,4096
1625724982,845359848,1316642,4096
1625724982,845359848,1316650,4096
1625724982,845988919,3082234,4096
1625724982,845988919,3082242,4096
1625724982,845988919,3082250,4096
1625724982,845988919,3082258,4096
1625724982,846456965,3082266,4096
1625724982,846456965,3082274,512
1625724982,847052757,3082050,4096
1625724982,847052757,3082058,4096
1625724982,847052757,3082066,4096
1625724982,847052757,3082074,4096
1625724982,847052757,3082082,4096
1625724982,847052757,3082090,4096
1625724982,847052757,3082098,4096
1625724982,847052757,3082106,4096
1625724982,847674314,3082114,4096
1625724982,847674314,3082122,4096
1625724982,847674314,3082130,4096
1625724982,847675387,3082138,4096
1625724982,847675387,3082146,4096
1625724982,847675387,3082154,4096
1625724982,847675387,3082162,4096
1625724982,84881713,917504,4096
1625724982,850756332,1425880,4096
1625724982,851288788,1428053,4096
1625724982,851288788,1428061,4096
1625724982,85337950,917472,4096
1625724982,86351334,2616044,4096
1625724982,86351334,2616052,4096
1625724982,86351334,2616060,4096
1625724982,86351334,2616068,4096
1625724982,86351334,2616076,4096
1625724982,86351334,2616084,4096
1625724982,86351334,2616092,4096
1625724982,86352408,2616100,4096
1625724982,87074873,2617524,4096
1625724982,87074873,2617532,4096
1625724982,87074873,2617540,4096
1625724982,87074873,2617548,4096
1625724982,87074873,2617556,4096
1625724982,87074873,2617564,4096
1625724982,87074873,2617572,4096
1625724982,87075947,2617580,4096
1625724982,8894015,1434170,4096
1625724982,8894015,1434178,4096
1625724982,8894015,1434186,4096
1625724982,8894015,1434194,4096
1625724982,8895089,1434202,4096
1625724982,8895089,1434210,4096
1625724982,8895089,1434218,4096
1625724982,8895089,1434226,4096
1625724982,89002879,2617886,4096
1625724982,89003953,2617894,4096
1625724982,89003953,2617902,4096
1625724982,89003953,2617910,4096
1625724982,89737153,2616204,4096
1625724982,89737153,2616212,4096
1625724982,89737153,2616220,4096
1625724982,89737153,2616228,4096
1625724982,89737153,2616236,4096
1625724982,89737153,2616244,4096
1625724982,89738227,2616252,4096
1625724982,89738227,2616260,4096
1625724982,90364077,2617012,4096
1625724982,90364077,2617020,4096
1625724982,90364077,2617028,4096
1625724982,90364077,2617036,4096
1625724982,90365151,2617044,4096
1625724982,90365151,2617052,4096
1625724982,90365151,2617060,4096
1625724982,90365151,2617068,4096
1625724982,904001932,1427843,4096
1625724982,904003006,1427851,4096
1625724982,904003006,1427859,4096
1625724982,904003006,1427867,4096
1625724982,904661061,1427715,4096
1625724982,904661061,1427723,4096
1625724982,904661061,1427731,4096
1625724982,904661061,1427739,4096
1625724982,904661061,1427747,4096
1625724982,904661061,1427755,4096
1625724982,904661061,1427763,4096
1625724982,904662135,1427771,3072
1625724982,905321264,1425883,4096
1625724982,905321264,1425891,4096
1625724982,905321264,1425899,4096
1625724982,905321264,1425907,4096
1625724982,905322337,1425915,4096
1625724982,905322337,1425923,4096
1625724982,905322337,1425931,4096
1625724982,905322337,1425939,4096
1625724982,908474133,1427531,4096
1625724982,908474133,1427539,4096
1625724982,908474133,1427547,4096
1625724982,908475207,1427555,4096
1625724982,908475207,1427563,4096
1625724982,908475207,1427571,4096
1625724982,908475207,1427579,4096
1625724982,908475207,1427587,4096
1625724982,909054897,1427777,4096
1625724982,909055970,1427785,4096
1625724982,909055970,1427793,4096
1625724982,909686115,1427467,4096
1625724982,909686115,1427475,4096
1625724982,909686115,1427483,4096
1625724982,909686115,1427491,4096
1625724982,909686115,1427499,4096
1625724982,909686115,1427507,4096
1625724982,909686115,1427515,4096
1625724982,909687188,1427523,4096
1625724982,910425756,1426755,4096
1625724982,910425756,1426763,4096
1625724982,910426830,1426771,4096
1625724982,910426830,1426779,4096
1625724982,910426830,1426787,4096
1625724982,910426830,1426795,4096
1625724982,910426830,1426803,4096
1625724982,910426830,1426811,4096
1625724982,91100498,3078786,4096
1625724982,91101572,3078794,4096
1625724982,91101572,3078802,4096
1625724982,91101572,3078810,4096
1625724982,91101572,3078818,4096
1625724982,91101572,3078826,4096
1625724982,91101572,3078834,4096
1625724982,91101572,3078842,4096
1625724982,911125678,1425987,4096
1625724982,911125678,1425995,4096
1625724982,911125678,1426003,4096
1625724982,911125678,1426011,4096
1625724982,911125678,1426019,4096
1625724982,911126752,1426027,4096
1625724982,911126752,1426035,4096
1625724982,911126752,1426043,4096
1625724982,911848144,1426115,4096
1625724982,911848144,1426123,4096
1625724982,911848144,1426131,4096
1625724982,911848144,1426139,4096
1625724982,911848144,1426147,4096
1625724982,911849217,1426155,4096
1625724982,911849217,1426163,4096
1625724982,911849217,1426171,4096
1625724982,912512640,1427635,4096
1625724982,912512640,1427643,4096
1625724982,912512640,1427651,4096
1625724982,912512640,1427659,4096
1625724982,912512640,1427667,4096
1625724982,912512640,1427675,4096
1625724982,912512640,1427683,4096
1625724982,912513714,1427691,4096
1625724982,913084816,1427699,4096
1625724982,913084816,1427707,4096
1625724982,913610831,1426051,4096
1625724982,913610831,1426059,4096
1625724982,913611904,1426067,4096
1625724982,913611904,1426075,4096
1625724982,913611904,1426083,4096
1625724982,913611904,1426091,4096
1625724982,913611904,1426099,4096
1625724982,913611904,1426107,4096
1625724982,914356913,1426947,4096
1625724982,914356913,1426955,4096
1625724982,914356913,1426963,4096
1625724982,914356913,1426971,4096
1625724982,914356913,1426979,4096
1625724982,914356913,1426987,4096
1625724982,914356913,1426995,4096
1625724982,914356913,1427003,4096
1625724982,915061129,1426651,4096
1625724982,915061129,1426659,4096
1625724982,915062203,1426667,4096
1625724982,915062203,1426675,4096
1625724982,915062203,1426683,4096
1625724982,915062203,1426691,4096
1625724982,915062203,1426699,4096
1625724982,915062203,1426707,4096
1625724982,915727773,1427379,4096
1625724982,915727773,1427387,4096
1625724982,915727773,1427395,4096
1625724982,915727773,1427403,4096
1625724982,915727773,1427411,4096
1625724982,915728846,1427419,4096
1625724982,915728846,1427427,4096
1625724982,915728846,1427435,4096
1625724982,916486737,1426883,4096
1625724982,916486737,1426891,4096
1625724982,916486737,1426899,4096
1625724982,916486737,1426907,4096
1625724982,916486737,1426915,4096
1625724982,916487811,1426923,4096
1625724982,916487811,1426931,4096
1625724982,916487811,1426939,4096
1625724982,917173777,1427179,4096
1625724982,917173777,1427187,4096
1625724982,917173777,1427195,4096
1625724982,917173777,1427203,4096
1625724982,917174851,1427211,4096
1625724982,917174851,1427219,4096
1625724982,917174851,1427227,4096
1625724982,917174851,1427235,4096
1625724982,917868332,1316554,4096
1625724982,917868332,1316562,4096
1625724982,917868332,1316570,4096
1625724982,917868332,1316578,4096
1625724982,917868332,1316586,4096
1625724982,91817596,3078850,4096
1625724982,91817596,3078858,4096
1625724982,91817596,3078866,4096
1625724982,91817596,3078874,4096
1625724982,91817596,3078882,4096
1625724982,91818670,3078890,4096
1625724982,91818670,3078898,4096
1625724982,91818670,3078906,4096
1625724982,918522093,1428027,4096
1625724982,918522093,1428035,4096
1625724982,918522093,1428043,4096
1625724982,918522093,1428051,1024
1625724982,92273834,3078938,4096
1625724982,92273834,3078946,4096
1625724982,92273834,3078954,4096
1625724982,92273834,3078962,4096
1625724982,92274907,3078970,4096
1625724982,92274907,3078978,4096
1625724982,92274907,3078986,4096
1625724982,92274907,3078994,4096
1625724982,92871773,3078914,4096
1625724982,92871773,3078922,4096
1625724982,92871773,3078930,4096
1625724982,93470786,2617838,4096
1625724982,93470786,2617846,4096
1625724982,93470786,2617854,4096
1625724982,93470786,2617862,4096
1625724982,935129138,2655963,4096
1625724982,935130212,2655971,4096
1625724982,935130212,2655979,512
1625724982,94161047,2615980,4096
1625724982,94161047,2615988,4096
1625724982,94161047,2615996,4096
1625724982,94161047,2616004,4096
1625724982,94161047,2616012,4096
1625724982,94162120,2616020,4096
1625724982,94162120,2616028,4096
1625724982,94162120,2616036,4096
1625724982,943866355,3204456,4096
1625724982,943866355,3204464,4096
1625724982,943866355,3204472,4096
1625724982,943866355,3204480,4096
1625724982,944408472,3204488,4096
1625724982,944408472,3204496,4096
1625724982,944408472,3204504,4096
1625724982,944408472,3204512,4096
1625724982,944409546,3204520,512
1625724982,94674180,48940312,4096
1625724982,95485746,960632,4096
1625724982,95485746,960640,4096
1625724982,95485746,960648,4096
1625724982,95486819,960656,4096
1625724982,95486819,960664,4096
1625724982,95486819,960672,4096
1625724982,95486819,960680,4096
1625724982,95486819,960688,4096
1625724982,95486819,960696,4096
1625724982,95486819,960704,4096
1625724982,95486819,960712,4096
1625724982,95486819,960720,4096
1625724982,95487893,960728,4096
1625724982,95598463,960736,4096
1625724982,95598463,960744,4096
1625724982,95598463,960752,4096
1625724982,95598463,960760,4096
1625724982,95599537,960768,4096
1625724982,95599537,960776,4096
1625724982,95599537,960784,4096
1625724982,95599537,960792,4096
1625724982,95599537,960800,4096
1625724982,95599537,960808,4096
1625724982,95599537,960816,4096
1625724982,95599537,960824,4096
1625724982,95600610,960832,3584
1625724982,9622922,1433802,4096
1625724982,9622922,1433810,4096
1625724982,9622922,1433818,4096
1625724982,9622922,1433826,4096
1625724982,9622922,1433834,4096
1625724982,9623995,1433842,4096
1625724982,9623995,1433850,4096
1625724982,9623995,1433858,4096
1625724983,1063434645,6857688,4096
1625724983,1064689567,7509472,4096
1625724983,1064690640,7509480,4096
1625724983,1064690640,7509488,4096
1625724983,1064690640,7509496,4096
1625724983,1064691714,7509504,4096
1625724983,1064691714,7509512,4096
1625724983,1064692787,7509520,4096
1625724983,1064692787,7509528,4096
1625724983,1064693861,7509536,4096
1625724983,1064693861,7509544,4096
1625724983,1064693861,7509552,4096
1625724983,1064694934,7509560,4096
1625724983,169416331,6857672,4096
1625724983,242842657,48937080,4096
1625724983,243491051,2218008,4096
1625724983,243492125,2218016,4096
1625724983,254128363,48243424,4096
1625724983,254128363,48243432,4096
1625724983,254128363,48243440,4096
1625724983,254128363,48243448,4096
1625724983,257404685,7457440,4096
1625724983,257405758,7457448,4096
1625724983,257405758,7457456,4096
1625724983,257405758,7457464,4096
1625724983,257405758,7457472,4096
1625724983,257405758,7457480,4096
1625724983,257405758,7457488,4096
1625724983,257406832,7457496,4096
1625724983,257406832,7457504,4096
1625724983,257406832,7457512,4096
1625724983,257406832,7457520,4096
1625724983,257406832,7457528,4096
1625724983,257406832,7457536,4096
1625724983,257406832,7457544,4096
1625724983,257529211,7457552,4096
1625724983,257529211,7457560,4096
1625724983,257529211,7457568,4096
1625724983,257530284,7457576,4096
1625724983,257530284,7457584,4096
1625724983,257530284,7457592,4096
1625724983,257530284,7457600,4096
1625724983,257530284,7457608,4096
1625724983,257530284,7457616,4096
1625724983,257530284,7457624,4096
1625724983,257530284,7457632,4096
1625724983,257530284,7457640,4096
1625724983,257531358,7457648,4096
1625724983,257531358,7457656,4096
1625724983,257734249,7445664,4096
1625724983,257734249,7445672,4096
1625724983,257734249,7445680,4096
1625724983,257734249,7445688,4096
1625724983,257734249,7445696,4096
1625724983,257735323,7445704,4096
1625724983,257735323,7445712,4096
1625724983,257735323,7445720,4096
1625724983,257902789,7504448,4096
1625724983,257902789,7504456,4096
1625724983,257902789,7504464,4096
1625724983,257902789,7504472,4096
1625724983,257902789,7504480,4096
1625724983,257903862,7504488,4096
1625724983,257903862,7504496,4096
1625724983,257903862,7504504,4096
1625724983,257903862,7504512,4096
1625724983,257903862,7504520,4096
1625724983,257903862,7504528,4096
1625724983,257903862,7504536,4096
1625724983,257903862,7504544,4096
1625724983,257903862,7504552,4096
1625724983,257904936,7504560,4096
1625724983,257904936,7504568,4096
1625724983,259734180,7521664,4096
1625724983,259734180,7521672,4096
1625724983,259735253,7521680,4096
1625724983,259735253,7521688,4096
1625724983,259735253,7521696,4096
1625724983,259735253,7521704,4096
1625724983,259735253,7521712,4096
1625724983,259735253,7521720,4096
1625724983,259735253,7521728,4096
1625724983,259735253,7521736,4096
1625724983,259836162,7521744,4096
1625724983,259836162,7521752,4096
1625724983,259836162,7521760,4096
1625724983,259836162,7521768,4096
1625724983,259836162,7521776,4096
1625724983,259836162,7521784,4096
1625724983,259837236,7521792,4096
1625724983,259837236,7521800,4096
1625724983,259837236,7521808,4096
1625724983,259837236,7521816,4096
1625724983,260151771,7543968,4096
1625724983,260152845,7543976,4096
1625724983,260152845,7543984,4096
1625724983,260152845,7543992,4096
1625724983,260152845,7544000,4096
1625724983,260152845,7544008,4096
1625724983,260152845,7544016,4096
1625724983,260152845,7544024,4096
1625724983,260152845,7544032,4096
1625724983,260153918,7544040,4096
1625724983,260231210,7544048,4096
1625724983,260231210,7544056,4096
1625724983,260231210,7544064,4096
1625724983,260231210,7544072,4096
1625724983,260231210,7544080,4096
1625724983,260231210,7544088,4096
1625724983,260232284,7544096,4096
1625724983,260232284,7544104,4096
1625724983,260232284,7544112,4096
1625724983,260232284,7544120,4096
1625724983,260475968,7507968,4096
1625724983,260475968,7507976,4096
1625724983,260475968,7507984,4096
1625724983,260475968,7507992,4096
1625724983,260475968,7508000,4096
1625724983,260475968,7508008,4096
1625724983,260475968,7508016,4096
1625724983,260475968,7508024,4096
1625724983,260477042,7508032,4096
1625724983,260477042,7508040,4096
1625724983,260481336,7508048,4096
1625724983,260481336,7508056,4096
1625724983,260482409,7508064,4096
1625724983,260482409,7508072,4096
1625724983,260483483,7508080,4096
1625724983,260483483,7508088,4096
1625724983,260857061,7477568,4096
1625724983,260857061,7477576,4096
1625724983,260857061,7477584,4096
1625724983,260857061,7477592,4096
1625724983,260857061,7477600,4096
1625724983,260857061,7477608,4096
1625724983,260857061,7477616,4096
1625724983,260858134,7477624,4096
1625724983,260858134,7477632,4096
1625724983,260858134,7477640,4096
1625724983,261139391,7477648,4096
1625724983,261139391,7477656,4096
1625724983,261139391,7477664,4096
1625724983,261139391,7477672,4096
1625724983,261139391,7477680,4096
1625724983,261139391,7477688,4096
1625724983,261139391,7477696,4096
1625724983,261139391,7477704,4096
1625724983,261140465,7477712,4096
1625724983,261140465,7477720,4096
1625724983,261436751,7506944,4096
1625724983,261436751,7506952,4096
1625724983,261436751,7506960,4096
1625724983,261436751,7506968,4096
1625724983,261436751,7506976,4096
1625724983,261436751,7506984,4096
1625724983,261436751,7506992,4096
1625724983,261436751,7507000,4096
1625724983,261437824,7507008,4096
1625724983,261437824,7507016,4096
1625724983,261546248,7507024,4096
1625724983,261547321,7507032,4096
1625724983,261547321,7507040,4096
1625724983,261547321,7507048,4096
1625724983,261547321,7507056,4096
1625724983,261547321,7507064,4096
1625724983,261547321,7507072,4096
1625724983,261547321,7507080,4096
1625724983,261548395,7507088,4096
1625724983,261548395,7507096,4096
1625724983,261758801,10243296,4096
1625724983,261758801,10243304,4096
1625724983,261758801,10243312,4096
1625724983,261758801,10243320,4096
1625724983,261825358,10243328,4096
1625724983,261825358,10243336,4096
1625724983,261825358,10243344,4096
1625724983,261825358,10243352,4096
1625724983,262291257,6049408,4096
1625724983,262291257,6049416,4096
1625724983,262291257,6049424,4096
1625724983,262291257,6049432,4096
1625724983,262291257,6049440,4096
1625724983,262291257,6049448,4096
1625724983,262291257,6049456,4096
1625724983,262292330,6049464,4096
1625724983,276797462,6053280,4096
1625724983,276798536,6053288,4096
1625724983,276798536,6053296,4096
1625724983,276798536,6053304,4096
1625724983,278840333,6134912,4096
1625724983,278840333,6134920,4096
1625724983,278840333,6134928,4096
1625724983,278841406,6134936,4096
1625724983,278841406,6134944,4096
1625724983,278841406,6134952,4096
1625724983,278841406,6134960,4096
1625724983,278841406,6134968,4096
1625724983,278841406,6134976,4096
1625724983,278841406,6134984,4096
1625724983,278841406,6134992,4096
1625724983,278841406,6135000,4096
1625724983,279040004,7507264,4096
1625724983,279040004,7507272,4096
1625724983,279040004,7507280,4096
1625724983,279041077,7507288,4096
1625724983,279041077,7507296,4096
1625724983,279041077,7507304,4096
1625724983,279041077,7507312,4096
1625724983,279041077,7507320,4096
1625724983,279795748,7510784,4096
1625724983,279795748,7510792,4096
1625724983,279795748,7510800,4096
1625724983,279795748,7510808,4096
1625724983,279796821,7510816,4096
1625724983,279796821,7510824,4096
1625724983,279796821,7510832,4096
1625724983,279796821,7510840,4096
1625724983,279796821,7510848,4096
1625724983,279796821,7510856,4096
1625724983,279948185,7510864,4096
1625724983,279948185,7510872,4096
1625724983,279948185,7510880,4096
1625724983,279949258,7510888,4096
1625724983,279949258,7510896,4096
1625724983,279949258,7510904,4096
1625724983,279949258,7510912,4096
1625724983,279949258,7510920,4096
1625724983,279949258,7510928,4096
1625724983,279949258,7510936,4096
1625724983,280254132,7537984,4096
1625724983,280254132,7537992,4096
1625724983,280254132,7538000,4096
1625724983,280255206,7538008,4096
1625724983,280255206,7538016,4096
1625724983,280255206,7538024,4096
1625724983,280255206,7538032,4096
1625724983,280255206,7538040,4096
1625724983,280255206,7538048,4096
1625724983,280255206,7538056,4096
1625724983,280332498,7538064,4096
1625724983,280332498,7538072,4096
1625724983,280332498,7538080,4096
1625724983,280332498,7538088,4096
1625724983,280332498,7538096,4096
1625724983,280333571,7538104,4096
1625724983,280333571,7538112,4096
1625724983,280333571,7538120,4096
1625724983,280333571,7538128,4096
1625724983,280333571,7538136,4096
1625724983,280682459,7538944,4096
1625724983,280682459,7538952,4096
1625724983,280682459,7538960,4096
1625724983,280682459,7538968,4096
1625724983,280682459,7538976,4096
1625724983,280682459,7538984,4096
1625724983,280683532,7538992,4096
1625724983,280683532,7539000,4096
1625724983,280683532,7539008,4096
1625724983,280683532,7539016,4096
1625724983,280683532,7539024,4096
1625724983,280683532,7539032,4096
1625724983,280683532,7539040,4096
1625724983,280683532,7539048,4096
1625724983,280683532,7539056,4096
1625724983,280684606,7539064,4096
1625724983,280974451,6265824,4096
1625724983,280974451,6265832,4096
1625724983,280974451,6265840,4096
1625724983,280975524,6265848,4096
1625724983,280975524,6265856,4096
1625724983,280975524,6265864,4096
1625724983,280975524,6265872,4096
1625724983,280975524,6265880,4096
1625724983,280975524,6265888,4096
1625724983,280975524,6265896,4096
1625724983,280975524,6265904,4096
1625724983,280976598,6265912,4096
1625724983,280976598,6265920,4096
1625724983,280976598,6265928,4096
1625724983,280976598,6265936,4096
1625724983,280976598,6265944,4096
1625724983,280976598,6265952,4096
1625724983,280976598,6265960,4096
1625724983,280976598,6265968,4096
1625724983,280976598,6265976,4096
1625724983,280977671,6265984,4096
1625724983,280977671,6265992,1536
1625724983,281260002,6265995,4096
1625724983,281261075,6266003,4096
1625724983,281261075,6266011,4096
1625724983,281261075,6266019,4096
1625724983,281261075,6266027,4096
1625724983,281261075,6266035,4096
1625724983,281261075,6266043,4096
1625724983,281261075,6266051,4096
1625724983,281261075,6266059,4096
1625724983,281262149,6266067,4096
1625724983,281262149,6266075,4096
1625724983,281262149,6266083,4096
1625724983,281262149,6266091,4096
1625724983,281262149,6266099,4096
1625724983,281262149,6266107,4096
1625724983,281262149,6266115,4096
1625724983,281262149,6266123,4096
1625724983,281262149,6266131,4096
1625724983,281263222,6266139,4096
1625724983,281263222,6266147,4096
1625724983,281263222,6266155,4096
1625724983,281263222,6266163,1536
1625724983,281433909,6266166,4096
1625724983,281442497,6266174,4096
1625724983,281442497,6266182,4096
1625724983,281442497,6266190,4096
1625724983,281442497,6266198,4096
1625724983,281442497,6266206,4096
1625724983,281442497,6266214,4096
1625724983,281442497,6266222,4096
1625724983,281443570,6266230,4096
1625724983,281443570,6266238,4096
1625724983,281443570,6266246,4096
1625724983,281443570,6266254,4096
1625724983,281443570,6266262,4096
1625724983,281443570,6266270,4096
1625724983,281443570,6266278,4096
1625724983,281443570,6266286,4096
1625724983,281443570,6266294,4096
1625724983,281444644,6266302,4096
1625724983,281444644,6266310,4096
1625724983,281444644,6266318,4096
1625724983,281444644,6266326,4096
1625724983,281444644,6266334,1024
1625724983,281555214,6266336,4096
1625724983,281555214,6266344,4096
1625724983,281555214,6266352,4096
1625724983,281555214,6266360,4096
1625724983,281555214,6266368,4096
1625724983,281555214,6266376,4096
1625724983,281555214,6266384,4096
1625724983,281555214,6266392,4096
1625724983,281555214,6266400,4096
1625724983,281556288,6266408,4096
1625724983,281556288,6266416,4096
1625724983,281556288,6266424,4096
1625724983,281556288,6266432,4096
1625724983,281556288,6266440,4096
1625724983,281851500,6266448,4096
1625724983,281851500,6266456,4096
1625724983,281852574,6266464,4096
1625724983,281852574,6266472,4096
1625724983,281852574,6266480,4096
1625724983,281852574,6266488,4096
1625724983,281852574,6266496,4096
1625724983,281852574,6266504,4096
1625724983,281852574,6266512,4096
1625724983,281852574,6266520,4096
1625724983,281852574,6266528,4096
1625724983,281853647,6266536,4096
1625724983,281853647,6266544,4096
1625724983,281853647,6266552,4096
1625724983,295572977,45512256,4096
1625724983,295572977,45512264,4096
1625724983,295572977,45512272,4096
1625724983,295572977,45512280,4096
1625724983,295572977,45512288,4096
1625724983,295572977,45512296,4096
1625724983,295572977,45512304,4096
1625724983,295574051,45512312,4096
1625724983,296059273,6345504,4096
1625724983,296060346,6345512,4096
1625724983,296060346,6345520,4096
1625724983,296060346,6345528,4096
1625724983,296060346,6345536,4096
1625724983,296060346,6345544,4096
1625724983,296060346,6345552,4096
1625724983,296060346,6345560,4096
1625724983,296060346,6345568,4096
1625724983,296060346,6345576,4096
1625724983,296061420,6345584,4096
1625724983,296061420,6345592,4096
1625724983,296061420,6345600,4096
1625724983,296061420,6345608,4096
1625724983,296061420,6345616,4096
1625724983,296061420,6345624,4096
1625724983,296061420,6345632,4096
1625724983,296061420,6345640,4096
1625724983,296061420,6345648,4096
1625724983,296062493,6345656,4096
1625724983,296062493,6345664,4096
1625724983,296062493,6345672,1536
1625724983,296226739,6345675,4096
1625724983,296226739,6345683,4096
1625724983,296226739,6345691,4096
1625724983,296226739,6345699,4096
1625724983,296227812,6345707,4096
1625724983,296227812,6345715,4096
1625724983,296227812,6345723,4096
1625724983,296227812,6345731,4096
1625724983,296227812,6345739,4096
1625724983,296227812,6345747,4096
1625724983,296227812,6345755,4096
1625724983,296227812,6345763,4096
1625724983,296227812,6345771,4096
1625724983,296228886,6345779,4096
1625724983,296228886,6345787,4096
1625724983,296228886,6345795,4096
1625724983,296228886,6345803,4096
1625724983,296228886,6345811,4096
1625724983,296228886,6345819,4096
1625724983,296228886,6345827,4096
1625724983,296228886,6345835,4096
1625724983,296229959,6345843,1536
1625724983,296402793,6345846,4096
1625724983,296402793,6345854,4096
1625724983,296402793,6345862,4096
1625724983,296402793,6345870,4096
1625724983,296402793,6345878,4096
1625724983,296402793,6345886,4096
1625724983,296402793,6345894,4096
1625724983,296402793,6345902,4096
1625724983,296402793,6345910,4096
1625724983,296403866,6345918,4096
1625724983,296403866,6345926,4096
1625724983,296403866,6345934,4096
1625724983,296403866,6345942,4096
1625724983,296403866,6345950,4096
1625724983,296403866,6345958,4096
1625724983,296403866,6345966,4096
1625724983,296403866,6345974,4096
1625724983,296403866,6345982,4096
1625724983,296404940,6345990,4096
1625724983,296404940,6345998,4096
1625724983,296404940,6346006,4096
1625724983,296404940,6346014,1024
1625724983,296504775,6346016,4096
1625724983,296504775,6346024,4096
1625724983,296504775,6346032,4096
1625724983,296504775,6346040,4096
1625724983,296505849,6346048,4096
1625724983,296505849,6346056,4096
1625724983,296505849,6346064,4096
1625724983,296505849,6346072,4096
1625724983,296505849,6346080,4096
1625724983,296505849,6346088,4096
1625724983,296505849,6346096,4096
1625724983,296505849,6346104,4096
1625724983,296506922,6346112,4096
1625724983,296506922,6346120,4096
1625724983,296617493,6346128,4096
1625724983,296617493,6346136,4096
1625724983,296617493,6346144,4096
1625724983,296617493,6346152,4096
1625724983,296617493,6346160,4096
1625724983,296617493,6346168,4096
1625724983,296617493,6346176,4096
1625724983,296618566,6346184,4096
1625724983,296618566,6346192,4096
1625724983,296618566,6346200,4096
1625724983,296618566,6346208,4096
1625724983,296618566,6346216,4096
1625724983,296618566,6346224,4096
1625724983,296618566,6346232,4096
1625724983,297521380,10238336,4096
1625724983,297521380,10238344,4096
1625724983,297521380,10238352,4096
1625724983,297522453,10238360,4096
1625724983,338896217,3391048,4096
1625724983,338896217,3391056,4096
1625724983,338897290,3391064,4096
1625724983,338897290,3391072,4096
1625724983,339511332,3391080,4096
1625724983,339511332,3391088,4096
1625724983,339511332,3391096,4096
1625724983,339511332,3391104,4096
1625724983,339511332,3391112,2048
1625724983,39105239,48937072,4096
1625724983,39764368,2329008,4096
1625724983,39765442,2329016,4096
1625724983,39765442,2329024,4096
1625724983,39765442,2329032,4096
1625724983,40575934,2329040,4096
1625724983,40575934,2329048,4096
1625724983,40575934,2329056,4096
1625724983,40575934,2329064,4096
1625724983,40575934,2329072,4096
1625724983,40575934,2329080,4096
1625724983,40577008,2329088,4096
1625724983,40577008,2329096,4096
1625724983,40577008,2329104,4096
1625724983,40577008,2329112,4096
1625724983,40577008,2329120,3584
1625724983,479135036,10553336,1536
1625724983,48570289,2105963,4096
1625724983,572529536,48937120,4096
1625724983,573314265,1318304,4096
1625724983,573315338,1318312,4096
1625724983,573315338,1318320,3072
1625724983,705320413,6857680,4096
1625724983,759517134,9165800,4096
1625724983,759518207,9165808,4096
1625724983,759518207,9165816,4096
1625724983,759518207,9165824,4096
1625724983,760254628,9165832,4096
1625724983,760254628,9165840,4096
1625724983,760255702,9165848,4096
1625724983,760255702,9165856,4096
1625724983,760255702,9165864,4096
1625724983,760255702,9165872,512
1625724983,934679055,9741856,4096
1625724983,934679055,9741864,4096
1625724983,934679055,9741872,4096
1625724983,934679055,9741880,4096
1625724983,935343552,9741888,4096
1625724983,935343552,9741896,4096
1625724983,935343552,9741904,4096
1625724983,935343552,9741912,4096
1625724983,935344625,9741920,2560
1625724984,152746736,6857696,4096
1625724984,167962525,6346248,4096
1625724984,168767650,48937136,4096
1625724984,169583510,28187928,4096
1625724984,169583510,28187936,4096
1625724984,169583510,28187944,4096
1625724984,169584584,28187952,4096
1625724984,170433722,28187960,4096
1625724984,170433722,28187968,4096
1625724984,170433722,28187976,4096
1625724984,170433722,28187984,4096
1625724984,170434796,28187992,4096
1625724984,170434796,28188000,4096
1625724984,170434796,28188008,4096
1625724984,170434796,28188016,4096
1625724984,170434796,28188024,4096
1625724984,170434796,28188032,4096
1625724984,170434796,28188040,4096
1625724984,170434796,28188048,4096
1625724984,170434796,28188056,4096
1625724984,170435869,28188064,4096
1625724984,170527117,28188072,4096
1625724984,170527117,28188080,4096
1625724984,170527117,28188088,4096
1625724984,170527117,28188096,4096
1625724984,170527117,28188104,4096
1625724984,170527117,28188112,4096
1625724984,170527117,28188120,4096
1625724984,170528190,28188128,4096
1625724984,170528190,28188136,4096
1625724984,170528190,28188144,4096
1625724984,170528190,28188152,4096
1625724984,170528190,28188160,4096
1625724984,170528190,28188168,4096
1625724984,170528190,28188176,4096
1625724984,171252803,28188184,4096
1625724984,171253876,28188192,4096
1625724984,171253876,28188200,4096
1625724984,171253876,28188208,4096
1625724984,171253876,28188216,4096
1625724984,171253876,28188224,4096
1625724984,171253876,28188232,4096
1625724984,171253876,28188240,4096
1625724984,171253876,28188248,4096
1625724984,171253876,28188256,4096
1625724984,171254950,28188264,4096
1625724984,171254950,28188272,4096
1625724984,171254950,28188280,4096
1625724984,171254950,28188288,4096
1625724984,171254950,28188296,4096
1625724984,171254950,28188304,4096
1625724984,172109456,28188312,4096
1625724984,172109456,28188320,4096
1625724984,172109456,28188328,4096
1625724984,172109456,28188336,4096
1625724984,172110529,28188344,4096
1625724984,172110529,28188352,4096
1625724984,172110529,28188360,4096
1625724984,172110529,28188368,4096
1625724984,172110529,28188376,4096
1625724984,172110529,28188384,4096
1625724984,172110529,28188392,4096
1625724984,172110529,28188400,4096
1625724984,172110529,28188408,4096
1625724984,172111603,28188416,4096
1625724984,172111603,28188424,4096
1625724984,172111603,28188432,4096
1625724984,172235055,28188440,4096
1625724984,172236129,28188448,4096
1625724984,172236129,28188456,4096
1625724984,172236129,28188464,4096
1625724984,172236129,28188472,4096
1625724984,172236129,28188480,4096
1625724984,172236129,28188488,4096
1625724984,172236129,28188496,4096
1625724984,172236129,28188504,4096
1625724984,172236129,28188512,4096
1625724984,172237202,28188520,4096
1625724984,172237202,28188528,4096
1625724984,172237202,28188536,4096
1625724984,172237202,28188544,4096
1625724984,172237202,28188552,4096
1625724984,172237202,28188560,4096
1625724984,176669684,28188568,4096
1625724984,176669684,28188576,4096
1625724984,176669684,28188584,4096
1625724984,176669684,28188592,4096
1625724984,176669684,28188600,4096
1625724984,176670757,28188608,4096
1625724984,176670757,28188616,4096
1625724984,176670757,28188624,4096
1625724984,176670757,28188632,4096
1625724984,176670757,28188640,4096
1625724984,176670757,28188648,4096
1625724984,176670757,28188656,4096
1625724984,176670757,28188664,4096
1625724984,176670757,28188672,4096
1625724984,176671831,28188680,4096
1625724984,176671831,28188688,4096
1625724984,176795283,28188696,4096
1625724984,176795283,28188704,4096
1625724984,176795283,28188712,4096
1625724984,176795283,28188720,4096
1625724984,176795283,28188728,4096
1625724984,176795283,28188736,4096
1625724984,176795283,28188744,4096
1625724984,176795283,28188752,4096
1625724984,176796357,28188760,4096
1625724984,176796357,28188768,4096
1625724984,176796357,28188776,4096
1625724984,176796357,28188784,4096
1625724984,176796357,28188792,4096
1625724984,176796357,28188800,4096
1625724984,176796357,28188808,4096
1625724984,176796357,28188816,4096
1625724984,180963684,28188824,4096
1625724984,180963684,28188832,4096
1625724984,180963684,28188840,4096
1625724984,180964757,28188848,4096
1625724984,180964757,28188856,4096
1625724984,180964757,28188864,4096
1625724984,180964757,28188872,4096
1625724984,180964757,28188880,4096
1625724984,180964757,28188888,4096
1625724984,180964757,28188896,4096
1625724984,180964757,28188904,4096
1625724984,180964757,28188912,4096
1625724984,180965831,28188920,4096
1625724984,180965831,28188928,4096
1625724984,180965831,28188936,4096
1625724984,180965831,28188944,4096
1625724984,181091430,28188952,4096
1625724984,181092504,28188960,4096
1625724984,181092504,28188968,4096
1625724984,181092504,28188976,4096
1625724984,181092504,28188984,4096
1625724984,181092504,28188992,4096
1625724984,181092504,28189000,4096
1625724984,181092504,28189008,4096
1625724984,181092504,28189016,4096
1625724984,181092504,28189024,4096
1625724984,181093577,28189032,4096
1625724984,181093577,28189040,4096
1625724984,181093577,28189048,4096
1625724984,181093577,28189056,4096
1625724984,181093577,28189064,4096
1625724984,181093577,28189072,4096
1625724984,185267345,28189080,4096
1625724984,185267345,28189088,4096
1625724984,185267345,28189096,4096
1625724984,185267345,28189104,4096
1625724984,185268419,28189112,4096
1625724984,185268419,28189120,4096
1625724984,185268419,28189128,4096
1625724984,185268419,28189136,4096
1625724984,185268419,28189144,4096
1625724984,185268419,28189152,4096
1625724984,185268419,28189160,4096
1625724984,185268419,28189168,4096
1625724984,185268419,28189176,4096
1625724984,185269492,28189184,4096
1625724984,185269492,28189192,4096
1625724984,185269492,28189200,4096
1625724984,185391871,28189208,4096
1625724984,185391871,28189216,4096
1625724984,185391871,28189224,4096
1625724984,185391871,28189232,4096
1625724984,185392945,28189240,4096
1625724984,185392945,28189248,4096
1625724984,185392945,28189256,4096
1625724984,185392945,28189264,4096
1625724984,185392945,28189272,4096
1625724984,185392945,28189280,4096
1625724984,185392945,28189288,4096
1625724984,185392945,28189296,4096
1625724984,185392945,28189304,4096
1625724984,185394018,28189312,4096
1625724984,185394018,28189320,4096
1625724984,185394018,28189328,4096
1625724984,189727738,28189336,4096
1625724984,189727738,28189344,4096
1625724984,189727738,28189352,4096
1625724984,189727738,28189360,4096
1625724984,189727738,28189368,4096
1625724984,189727738,28189376,4096
1625724984,189728811,28189384,4096
1625724984,189728811,28189392,4096
1625724984,189728811,28189400,4096
1625724984,189728811,28189408,4096
1625724984,189728811,28189416,4096
1625724984,189728811,28189424,4096
1625724984,189728811,28189432,4096
1625724984,189728811,28189440,4096
1625724984,189728811,28189448,4096
1625724984,189728811,28189456,4096
1625724984,189852264,28189464,4096
1625724984,189852264,28189472,4096
1625724984,189853337,28189480,4096
1625724984,189853337,28189488,4096
1625724984,189853337,28189496,4096
1625724984,189853337,28189504,4096
1625724984,189853337,28189512,4096
1625724984,189853337,28189520,4096
1625724984,189853337,28189528,4096
1625724984,189853337,28189536,4096
1625724984,189853337,28189544,4096
1625724984,189853337,28189552,4096
1625724984,189854411,28189560,4096
1625724984,189854411,28189568,4096
1625724984,189854411,28189576,4096
1625724984,189854411,28189584,4096
1625724984,194031399,28189592,4096
1625724984,194031399,28189600,4096
1625724984,194031399,28189608,4096
1625724984,194031399,28189616,4096
1625724984,194031399,28189624,4096
1625724984,194031399,28189632,4096
1625724984,194032473,28189640,4096
1625724984,194032473,28189648,4096
1625724984,194032473,28189656,4096
1625724984,194032473,28189664,4096
1625724984,194032473,28189672,4096
1625724984,194032473,28189680,4096
1625724984,194032473,28189688,4096
1625724984,194032473,28189696,4096
1625724984,194032473,28189704,4096
1625724984,194033546,28189712,4096
1625724984,194158072,28189720,4096
1625724984,194158072,28189728,4096
1625724984,194158072,28189736,4096
1625724984,194158072,28189744,4096
1625724984,194158072,28189752,4096
1625724984,194158072,28189760,4096
1625724984,194158072,28189768,4096
1625724984,194159146,28189776,4096
1625724984,194159146,28189784,4096
1625724984,194159146,28189792,4096
1625724984,194159146,28189800,4096
1625724984,194159146,28189808,4096
1625724984,194159146,28189816,4096
1625724984,194159146,28189824,4096
1625724984,194159146,28189832,4096
1625724984,194159146,28189840,4096
1625724984,198358678,28189848,4096
1625724984,198359751,28189856,4096
1625724984,198359751,28189864,4096
1625724984,198359751,28189872,4096
1625724984,198359751,28189880,4096
1625724984,198359751,28189888,4096
1625724984,198359751,28189896,4096
1625724984,198359751,28189904,4096
1625724984,198359751,28189912,4096
1625724984,198360825,28189920,4096
1625724984,198360825,28189928,4096
1625724984,198360825,28189936,4096
1625724984,198360825,28189944,4096
1625724984,198360825,28189952,4096
1625724984,198360825,28189960,4096
1625724984,198360825,28189968,4096
1625724984,198487498,28189976,4096
1625724984,198487498,28189984,4096
1625724984,198487498,28189992,4096
1625724984,198487498,28190000,4096
1625724984,198488571,28190008,4096
1625724984,198488571,28190016,4096
1625724984,198488571,28190024,4096
1625724984,198488571,28190032,4096
1625724984,198488571,28190040,4096
1625724984,198488571,28190048,4096
1625724984,198488571,28190056,4096
1625724984,198488571,28190064,4096
1625724984,198488571,28190072,4096
1625724984,198489645,28190080,4096
1625724984,198489645,28190088,4096
1625724984,198489645,28190096,4096
1625724984,202456227,28190104,4096
1625724984,202457301,28190112,4096
1625724984,202457301,28190120,4096
1625724984,202457301,28190128,4096
1625724984,202457301,28190136,4096
1625724984,202457301,28190144,4096
1625724984,202457301,28190152,4096
1625724984,202457301,28190160,4096
1625724984,202458374,28190168,4096
1625724984,202458374,28190176,4096
1625724984,202458374,28190184,4096
1625724984,202458374,28190192,4096
1625724984,202458374,28190200,4096
1625724984,202458374,28190208,4096
1625724984,202458374,28190216,4096
1625724984,202458374,28190224,4096
1625724984,202581827,28190232,4096
1625724984,202581827,28190240,4096
1625724984,202581827,28190248,4096
1625724984,202581827,28190256,4096
1625724984,202582900,28190264,4096
1625724984,202582900,28190272,4096
1625724984,202582900,28190280,4096
1625724984,202582900,28190288,4096
1625724984,202582900,28190296,4096
1625724984,202582900,28190304,4096
1625724984,202582900,28190312,4096
1625724984,202582900,28190320,4096
1625724984,202583974,28190328,4096
1625724984,202583974,28190336,4096
1625724984,202583974,28190344,4096
1625724984,202583974,28190352,4096
1625724984,206893003,28190360,4096
1625724984,206894076,28190368,4096
1625724984,206894076,28190376,4096
1625724984,206894076,28190384,4096
1625724984,206894076,28190392,4096
1625724984,206894076,28190400,4096
1625724984,206894076,28190408,4096
1625724984,206894076,28190416,4096
1625724984,206894076,28190424,4096
1625724984,206894076,28190432,4096
1625724984,206895150,28190440,4096
1625724984,206895150,28190448,4096
1625724984,206895150,28190456,4096
1625724984,206895150,28190464,4096
1625724984,206895150,28190472,4096
1625724984,206895150,28190480,4096
1625724984,207020749,28190488,4096
1625724984,207020749,28190496,4096
1625724984,207020749,28190504,4096
1625724984,207021823,28190512,4096
1625724984,207021823,28190520,4096
1625724984,207021823,28190528,4096
1625724984,207021823,28190536,4096
1625724984,207021823,28190544,4096
1625724984,207021823,28190552,4096
1625724984,207021823,28190560,4096
1625724984,207021823,28190568,4096
1625724984,207021823,28190576,4096
1625724984,207021823,28190584,4096
1625724984,207022896,28190592,4096
1625724984,207022896,28190600,4096
1625724984,207022896,28190608,4096
1625724984,210824160,28190616,4096
1625724984,210824160,28190624,4096
1625724984,210825233,28190632,4096
1625724984,210825233,28190640,4096
1625724984,210825233,28190648,4096
1625724984,210825233,28190656,4096
1625724984,210825233,28190664,4096
1625724984,210825233,28190672,4096
1625724984,210825233,28190680,4096
1625724984,210825233,28190688,4096
1625724984,210825233,28190696,4096
1625724984,210826307,28190704,4096
1625724984,210826307,28190712,4096
1625724984,210826307,28190720,4096
1625724984,210826307,28190728,4096
1625724984,210826307,28190736,4096
1625724984,210949759,28190744,4096
1625724984,210949759,28190752,4096
1625724984,210949759,28190760,4096
1625724984,210949759,28190768,4096
1625724984,210949759,28190776,4096
1625724984,210949759,28190784,4096
1625724984,210950833,28190792,4096
1625724984,210950833,28190800,4096
1625724984,210950833,28190808,4096
1625724984,210950833,28190816,4096
1625724984,210950833,28190824,4096
1625724984,210950833,28190832,4096
1625724984,210950833,28190840,4096
1625724984,210950833,28190848,4096
1625724984,210950833,28190856,4096
1625724984,210951906,28190864,4096
1625724984,214816506,28190872,4096
1625724984,214816506,28190880,4096
1625724984,214816506,28190888,4096
1625724984,214816506,28190896,4096
1625724984,214816506,28190904,4096
1625724984,214816506,28190912,4096
1625724984,214817580,28190920,4096
1625724984,214817580,28190928,4096
1625724984,214817580,28190936,4096
1625724984,214817580,28190944,4096
1625724984,214817580,28190952,4096
1625724984,214817580,28190960,4096
1625724984,214817580,28190968,4096
1625724984,214817580,28190976,4096
1625724984,214817580,28190984,4096
1625724984,214818653,28190992,4096
1625724984,214944253,28191000,4096
1625724984,214944253,28191008,4096
1625724984,214944253,28191016,4096
1625724984,214944253,28191024,4096
1625724984,214945326,28191032,4096
1625724984,214945326,28191040,4096
1625724984,214945326,28191048,4096
1625724984,214945326,28191056,4096
1625724984,214945326,28191064,4096
1625724984,214945326,28191072,4096
1625724984,214945326,28191080,4096
1625724984,214945326,28191088,4096
1625724984,214945326,28191096,4096
1625724984,214946400,28191104,4096
1625724984,214946400,28191112,4096
1625724984,214946400,28191120,4096
1625724984,219379955,28191128,4096
1625724984,219379955,28191136,4096
1625724984,219379955,28191144,4096
1625724984,219379955,28191152,4096
1625724984,219379955,28191160,4096
1625724984,219379955,28191168,4096
1625724984,219379955,28191176,4096
1625724984,219379955,28191184,4096
1625724984,219381028,28191192,4096
1625724984,219381028,28191200,4096
1625724984,219381028,28191208,4096
1625724984,219381028,28191216,4096
1625724984,219381028,28191224,4096
1625724984,219381028,28191232,4096
1625724984,219381028,28191240,4096
1625724984,219381028,28191248,4096
1625724984,219515216,28191256,4096
1625724984,219515216,28191264,4096
1625724984,219515216,28191272,4096
1625724984,219515216,28191280,4096
1625724984,219515216,28191288,4096
1625724984,219515216,28191296,4096
1625724984,219515216,28191304,4096
1625724984,219516289,28191312,4096
1625724984,219516289,28191320,4096
1625724984,219516289,28191328,4096
1625724984,219516289,28191336,4096
1625724984,219516289,28191344,4096
1625724984,219516289,28191352,4096
1625724984,219516289,28191360,4096
1625724984,219516289,28191368,4096
1625724984,219516289,28191376,4096
1625724984,223612765,28191384,4096
1625724984,223613839,28191392,4096
1625724984,223613839,28191400,4096
1625724984,223613839,28191408,4096
1625724984,223613839,28191416,4096
1625724984,223613839,28191424,4096
1625724984,223613839,28191432,4096
1625724984,223613839,28191440,4096
1625724984,223614912,28191448,4096
1625724984,223614912,28191456,4096
1625724984,223614912,28191464,4096
1625724984,223614912,28191472,4096
1625724984,223614912,28191480,4096
1625724984,223614912,28191488,4096
1625724984,223614912,28191496,4096
1625724984,223614912,28191504,4096
1625724984,223739438,28191512,4096
1625724984,223739438,28191520,4096
1625724984,223739438,28191528,4096
1625724984,223740512,28191536,4096
1625724984,223740512,28191544,4096
1625724984,223740512,28191552,4096
1625724984,223740512,28191560,4096
1625724984,223740512,28191568,4096
1625724984,223740512,28191576,4096
1625724984,223740512,28191584,4096
1625724984,223740512,28191592,4096
1625724984,223740512,28191600,4096
1625724984,223741585,28191608,4096
1625724984,223741585,28191616,4096
1625724984,223741585,28191624,4096
1625724984,223741585,28191632,4096
1625724984,227906765,28191640,4096
1625724984,227906765,28191648,4096
1625724984,227906765,28191656,4096
1625724984,227906765,28191664,4096
1625724984,227906765,28191672,4096
1625724984,227907839,28191680,4096
1625724984,227907839,28191688,4096
1625724984,227907839,28191696,4096
1625724984,227907839,28191704,4096
1625724984,227907839,28191712,4096
1625724984,227907839,28191720,4096
1625724984,227907839,28191728,4096
1625724984,227907839,28191736,4096
1625724984,227907839,28191744,4096
1625724984,227908912,28191752,4096
1625724984,227908912,28191760,4096
1625724984,228032365,28191768,4096
1625724984,228032365,28191776,4096
1625724984,228032365,28191784,4096
1625724984,228032365,28191792,4096
1625724984,228032365,28191800,4096
1625724984,228032365,28191808,4096
1625724984,228032365,28191816,4096
1625724984,228032365,28191824,4096
1625724984,228032365,28191832,4096
1625724984,228033438,28191840,4096
1625724984,228033438,28191848,4096
1625724984,228033438,28191856,4096
1625724984,228033438,28191864,4096
1625724984,228033438,28191872,4096
1625724984,228033438,28191880,4096
1625724984,228033438,28191888,4096
1625724984,232192177,28191896,4096
1625724984,232192177,28191904,4096
1625724984,232192177,28191912,4096
1625724984,232192177,28191920,4096
1625724984,232192177,28191928,4096
1625724984,232192177,28191936,4096
1625724984,232192177,28191944,4096
1625724984,232192177,28191952,4096
1625724984,232193251,28191960,4096
1625724984,232193251,28191968,4096
1625724984,232193251,28191976,2048
1625724984,73230444,48937128,4096
1625724984,74109641,9165880,4096
1625724985,246117333,7546304,4096
1625724985,246117333,7546312,4096
1625724985,246117333,7546320,4096
1625724985,246117333,7546328,4096
1625724985,246117333,7546336,4096
1625724985,246117333,7546344,4096
1625724985,246117333,7546352,4096
1625724985,246118406,7546360,4096
1625724985,246118406,7546368,4096
1625724985,246118406,7546376,4096
1625724985,246118406,7546384,4096
1625724985,246118406,7546392,4096
1625724985,246118406,7546400,4096
1625724985,246118406,7546408,4096
1625724985,246118406,7546416,4096
1625724985,246118406,7546424,4096
1625724985,246329886,7485312,4096
1625724985,246329886,7485320,4096
1625724985,246329886,7485328,4096
1625724985,246329886,7485336,4096
1625724985,246329886,7485344,4096
1625724985,246329886,7485352,4096
1625724985,246330959,7485360,4096
1625724985,246330959,7485368,4096
1625724985,246330959,7485376,4096
1625724985,246330959,7485384,4096
1625724985,246330959,7485392,4096
1625724985,246330959,7485400,4096
1625724985,246330959,7485408,4096
1625724985,246330959,7485416,4096
1625724985,246330959,7485424,4096
1625724985,246332033,7485432,4096
1625724985,246332033,7485440,4096
1625724985,246332033,7485448,4096
1625724985,246332033,7485456,4096
1625724985,246332033,7485464,4096
1625724985,246332033,7485472,4096
1625724985,246332033,7485480,1536
1625724985,246491984,7485483,4096
1625724985,246493058,7485491,4096
1625724985,246493058,7485499,4096
1625724985,246493058,7485507,4096
1625724985,246493058,7485515,4096
1625724985,246493058,7485523,4096
1625724985,246493058,7485531,4096
1625724985,246493058,7485539,4096
1625724985,246493058,7485547,4096
1625724985,246494131,7485555,4096
1625724985,246494131,7485563,4096
1625724985,246494131,7485571,4096
1625724985,246494131,7485579,4096
1625724985,246494131,7485587,4096
1625724985,246494131,7485595,4096
1625724985,246494131,7485603,4096
1625724985,246494131,7485611,4096
1625724985,246494131,7485619,4096
1625724985,246495205,7485627,4096
1625724985,246495205,7485635,4096
1625724985,246495205,7485643,4096
1625724985,246495205,7485651,1536
1625724985,246655156,7485654,4096
1625724985,246655156,7485662,4096
1625724985,246656230,7485670,4096
1625724985,246656230,7485678,4096
1625724985,246656230,7485686,4096
1625724985,246656230,7485694,4096
1625724985,246656230,7485702,4096
1625724985,246656230,7485710,4096
1625724985,246656230,7485718,4096
1625724985,246656230,7485726,4096
1625724985,246656230,7485734,4096
1625724985,246657303,7485742,4096
1625724985,246657303,7485750,4096
1625724985,246657303,7485758,4096
1625724985,246657303,7485766,4096
1625724985,246657303,7485774,4096
1625724985,246657303,7485782,4096
1625724985,246657303,7485790,4096
1625724985,246657303,7485798,4096
1625724985,246657303,7485806,4096
1625724985,246658377,7485814,4096
1625724985,246658377,7485822,1024
1625724985,246777535,7485824,4096
1625724985,246777535,7485832,4096
1625724985,246778609,7485840,4096
1625724985,246778609,7485848,4096
1625724985,246778609,7485856,4096
1625724985,246778609,7485864,4096
1625724985,246778609,7485872,4096
1625724985,246778609,7485880,4096
1625724985,246778609,7485888,4096
1625724985,246778609,7485896,4096
1625724985,246779682,7485904,4096
1625724985,246779682,7485912,4096
1625724985,246779682,7485920,4096
1625724985,246779682,7485928,4096
1625724985,246779682,7485936,4096
1625724985,246779682,7485944,4096
1625724985,246911723,7485952,4096
1625724985,246911723,7485960,4096
1625724985,246911723,7485968,4096
1625724985,246912796,7485976,4096
1625724985,246912796,7485984,4096
1625724985,246912796,7485992,4096
1625724985,246912796,7486000,4096
1625724985,246912796,7486008,4096
1625724985,246912796,7486016,4096
1625724985,246912796,7486024,4096
1625724985,246912796,7486032,4096
1625724985,246912796,7486040,4096
1625724985,246913870,7486048,4096
1625724985,246913870,7486056,4096
1625724985,246913870,7486064,4096
1625724985,246913870,7486072,4096
1625724985,246981500,10244352,4096
1625724985,246981500,10244360,4096
1625724985,246981500,10244368,4096
1625724985,246981500,10244376,4096
1625724985,246981500,10244384,4096
1625724985,246981500,10244392,4096
1625724985,246981500,10244400,4096
1625724985,246981500,10244408,4096
1625724985,247095291,7492480,4096
1625724985,247095291,7492488,4096
1625724985,247095291,7492496,4096
1625724985,247095291,7492504,4096
1625724985,247095291,7492512,4096
1625724985,247096365,7492520,4096
1625724985,247096365,7492528,4096
1625724985,247096365,7492536,4096
1625724985,247096365,7492544,4096
1625724985,247096365,7492552,4096
1625724985,247096365,7492560,4096
1625724985,247096365,7492568,4096
1625724985,247096365,7492576,4096
1625724985,247097438,7492584,4096
1625724985,247097438,7492592,4096
1625724985,247097438,7492600,4096
1625724985,247276713,7471424,4096
1625724985,247276713,7471432,4096
1625724985,247277786,7471440,4096
1625724985,247277786,7471448,4096
1625724985,247277786,7471456,4096
1625724985,247277786,7471464,4096
1625724985,247277786,7471472,4096
1625724985,247277786,7471480,4096
1625724985,247277786,7471488,4096
1625724985,247277786,7471496,4096
1625724985,247277786,7471504,4096
1625724985,247278860,7471512,4096
1625724985,247278860,7471520,4096
1625724985,247278860,7471528,4096
1625724985,247278860,7471536,4096
1625724985,247278860,7471544,4096
1625724985,247278860,7471552,4096
1625724985,247278860,7471560,4096
1625724985,247278860,7471568,4096
1625724985,247278860,7471576,4096
1625724985,247279933,7471584,4096
1625724985,247279933,7471592,1536
1625724985,247431297,7471595,4096
1625724985,247431297,7471603,4096
1625724985,247431297,7471611,4096
1625724985,247431297,7471619,4096
1625724985,247431297,7471627,4096
1625724985,247431297,7471635,4096
1625724985,247431297,7471643,4096
1625724985,247432370,7471651,4096
1625724985,247432370,7471659,4096
1625724985,247432370,7471667,4096
1625724985,247432370,7471675,4096
1625724985,247432370,7471683,4096
1625724985,247432370,7471691,4096
1625724985,247432370,7471699,4096
1625724985,247432370,7471707,4096
1625724985,247432370,7471715,4096
1625724985,247433444,7471723,4096
1625724985,247433444,7471731,4096
1625724985,247433444,7471739,4096
1625724985,247433444,7471747,4096
1625724985,247433444,7471755,4096
1625724985,247433444,7471763,1536
1625724985,247603057,7471766,4096
1625724985,247604130,7471774,4096
1625724985,247604130,7471782,4096
1625724985,247604130,7471790,4096
1625724985,247604130,7471798,4096
1625724985,247604130,7471806,4096
1625724985,247604130,7471814,4096
1625724985,247604130,7471822,4096
1625724985,247604130,7471830,4096
1625724985,247605204,7471838,4096
1625724985,247605204,7471846,4096
1625724985,247605204,7471854,4096
1625724985,247605204,7471862,4096
1625724985,247605204,7471870,4096
1625724985,247605204,7471878,4096
1625724985,247605204,7471886,4096
1625724985,247605204,7471894,4096
1625724985,247605204,7471902,4096
1625724985,247606277,7471910,4096
1625724985,247606277,7471918,4096
1625724985,247606277,7471926,4096
1625724985,247606277,7471934,1024
1625724985,248034604,7471936,4096
1625724985,248034604,7471944,4096
1625724985,248034604,7471952,4096
1625724985,248034604,7471960,4096
1625724985,248034604,7471968,4096
1625724985,248035677,7471976,4096
1625724985,248035677,7471984,4096
1625724985,248035677,7471992,4096
1625724985,248035677,7472000,4096
1625724985,248035677,7472008,4096
1625724985,248035677,7472016,4096
1625724985,248035677,7472024,4096
1625724985,248035677,7472032,4096
1625724985,248035677,7472040,4096
1625724985,248036751,7472048,4096
1625724985,248036751,7472056,4096
1625724985,248168791,7472064,4096
1625724985,248168791,7472072,4096
1625724985,248168791,7472080,4096
1625724985,248168791,7472088,4096
1625724985,248169865,7472096,4096
1625724985,248169865,7472104,4096
1625724985,248169865,7472112,4096
1625724985,248169865,7472120,4096
1625724985,248169865,7472128,4096
1625724985,248169865,7472136,4096
1625724985,248169865,7472144,4096
1625724985,248169865,7472152,4096
1625724985,248169865,7472160,4096
1625724985,248170938,7472168,4096
1625724985,248170938,7472176,4096
1625724985,248170938,7472184,4096
1625724985,248456489,5258080,4096
1625724985,248456489,5258088,4096
1625724985,248456489,5258096,4096
1625724985,248456489,5258104,4096
1625724985,248456489,5258112,4096
1625724985,248456489,5258120,4096
1625724985,248457563,5258128,4096
1625724985,248457563,5258136,4096
1625724985,248457563,5258144,4096
1625724985,248457563,5258152,4096
1625724985,248457563,5258160,4096
1625724985,248457563,5258168,4096
1625724985,248802156,5258176,4096
1625724985,248803230,5258184,4096
1625724985,248803230,5258192,4096
1625724985,248803230,5258200,4096
1625724985,248803230,5258208,4096
1625724985,248803230,5258216,4096
1625724985,248803230,5258224,4096
1625724985,248803230,5258232,4096
1625724985,248804303,5258240,4096
1625724985,248804303,5258248,4096
1625724985,248804303,5258256,4096
1625724985,248804303,5258264,4096
1625724986,1046555145,48937168,4096
1625724986,1047131615,10782464,1024
1625724986,177812388,10598168,2560
1625724986,300503777,6857704,4096
1625724986,342462598,15814752,4096
1625724986,342463671,15814760,4096
1625724986,342463671,15814768,4096
1625724986,342463671,15814776,4096
1625724986,343091669,15814784,1536
1625724986,412248686,6857712,4096
1625724986,442323862,10688304,1024
1625724986,546117356,6857720,4096
1625724986,562226297,48937160,4096
1625724986,562940175,2219936,4096
1625724986,562940175,2219944,3584
1625724986,646684983,6857728,4096
1625724986,666488911,45343112,4096
1625724986,666488911,45343120,4096
1625724986,666488911,45343128,4096
1625724986,666489985,45343136,4096
1625724986,667200642,45343144,4096
1625724986,667200642,45343152,4096
1625724986,667200642,45343160,4096
1625724986,667200642,45343168,4096
1625724986,667200642,45343176,4096
1625724986,667200642,45343184,512
1625724986,784176716,6857736,4096
1625724986,839399703,2866928,4096
1625724986,839399703,2866936,4096
1625724986,839399703,2866944,4096
1625724986,839400777,2866952,4096
1625724986,840024480,2866960,4096
1625724986,840025554,2866968,4096
1625724986,840025554,2866976,4096
1625724986,840025554,2866984,4096
1625724986,840025554,2866992,4096
1625724986,840025554,2867000,4096
1625724986,840025554,2867008,4096
1625724986,840026627,2867016,4096
1625724986,840026627,2867024,4096
1625724986,840026627,2867032,1024
1625724986,840161888,2867034,4096
1625724986,840162962,2867042,4096
1625724986,840162962,2867050,4096
1625724986,840162962,2867058,4096
1625724986,840162962,2867066,4096
1625724986,840162962,2867074,4096
1625724986,840162962,2867082,4096
1625724986,840162962,2867090,4096
1625724986,840162962,2867098,4096
1625724986,840162962,2867106,512
1625724987,255197496,10238496,4096
1625724987,255197496,10238504,4096
1625724987,255198570,10238512,4096
1625724987,255198570,10238520,4096
1625724987,255198570,10238528,4096
1625724987,255198570,10238536,4096
1625724987,255198570,10238544,4096
1625724987,255199643,10238552,4096
1625724987,255762157,10243360,4096
1625724987,255762157,10243368,4096
1625724987,255762157,10243376,4096
1625724987,255762157,10243384,4096
1625724987,255762157,10243392,4096
1625724987,255763231,10243400,4096
1625724987,255763231,10243408,4096
1625724987,255763231,10243416,4096
1625724987,256004768,45523136,4096
1625724987,256004768,45523144,4096
1625724987,256005842,45523152,4096
1625724987,256005842,45523160,4096
1625724987,257478684,5258336,4096
1625724987,257478684,5258344,4096
1625724987,257478684,5258352,4096
1625724987,257478684,5258360,4096
1625724987,257479757,5258368,4096
1625724987,257479757,5258376,4096
1625724987,257479757,5258384,4096
1625724987,257479757,5258392,4096
1625724987,257479757,5258400,4096
1625724987,257480831,5258408,4096
1625724987,257480831,5258416,4096
1625724987,257480831,5258424,4096
1625724987,257480831,5258432,4096
1625724987,257480831,5258440,4096
1625724987,257480831,5258448,4096
1625724987,257481904,5258456,4096
1625724987,257481904,5258464,4096
1625724987,257481904,5258472,4096
1625724987,257712707,5258480,4096
1625724987,257713780,5258488,4096
1625724987,257713780,5258496,4096
1625724987,257713780,5258504,4096
1625724987,257713780,5258512,4096
1625724987,257713780,5258520,4096
1625724987,257714854,5258528,4096
1625724987,257714854,5258536,4096
1625724987,257714854,5258544,4096
1625724987,257714854,5258552,4096
1625724987,257714854,5258560,4096
1625724987,257715927,5258568,4096
1625724987,257715927,5258576,4096
1625724987,257715927,5258584,4096
1625724987,257715927,5258592,4096
1625724987,257715927,5258600,4096
1625724987,257717001,5258608,4096
1625724987,257717001,5258616,4096
1625724987,259693314,10242080,4096
1625724987,259693314,10242088,4096
1625724987,259693314,10242096,4096
1625724987,259693314,10242104,4096
1625724987,259924117,10243776,4096
1625724987,259924117,10243784,4096
1625724987,259924117,10243792,4096
1625724987,259925190,10243800,4096
1625724987,259925190,10243808,4096
1625724987,259925190,10243816,4096
1625724987,259925190,10243824,4096
1625724987,259925190,10243832,4096
1625724987,260179610,7470560,4096
1625724987,260180683,7470568,4096
1625724987,260180683,7470576,4096
1625724987,260180683,7470584,4096
1625724987,260180683,7470592,4096
1625724987,260180683,7470600,4096
1625724987,260180683,7470608,4096
1625724987,260180683,7470616,4096
1625724987,260180683,7470624,4096
1625724987,260181757,7470632,4096
1625724987,260181757,7470640,4096
1625724987,260181757,7470648,4096
1625724987,260181757,7470656,4096
1625724987,260181757,7470664,4096
1625724987,260181757,7470672,4096
1625724987,260181757,7470680,4096
1625724987,260966485,5258720,4096
1625724987,260967559,5258728,4096
1625724987,260967559,5258736,4096
1625724987,260967559,5258744,4096
1625724987,260967559,5258752,4096
1625724987,260967559,5258760,4096
1625724987,260967559,5258768,4096
1625724987,260967559,5258776,4096
1625724987,260967559,5258784,4096
1625724987,260968632,5258792,4096
1625724987,260968632,5258800,4096
1625724987,260968632,5258808,4096
1625724987,261091011,7476064,4096
1625724987,261091011,7476072,4096
1625724987,261092085,7476080,4096
1625724987,261092085,7476088,4096
1625724987,261092085,7476096,4096
1625724987,261092085,7476104,4096
1625724987,261092085,7476112,4096
1625724987,261092085,7476120,4096
1625724987,261092085,7476128,4096
1625724987,261092085,7476136,4096
1625724987,261093158,7476144,4096
1625724987,261093158,7476152,4096
1625724987,261093158,7476160,4096
1625724987,261093158,7476168,4096
1625724987,261093158,7476176,4096
1625724987,261093158,7476184,4096
1625724987,261185479,5258816,4096
1625724987,261185479,5258824,4096
1625724987,261185479,5258832,4096
1625724987,261185479,5258840,4096
1625724987,261185479,5258848,4096
1625724987,261185479,5258856,4096
1625724987,261185479,5258864,4096
1625724987,261186553,5258872,4096
1625724987,261186553,5258880,4096
1625724987,261186553,5258888,4096
1625724987,261186553,5258896,4096
1625724987,261186553,5258904,4096
1625724987,262148409,7508096,4096
1625724987,262148409,7508104,4096
1625724987,262148409,7508112,4096
1625724987,262148409,7508120,4096
1625724987,262149482,7508128,4096
1625724987,262149482,7508136,4096
1625724987,262149482,7508144,4096
1625724987,262149482,7508152,4096
1625724987,262149482,7508160,4096
1625724987,262149482,7508168,4096
1625724987,262149482,7508176,4096
1625724987,262149482,7508184,4096
1625724987,262149482,7508192,4096
1625724987,262150556,7508200,4096
1625724987,262150556,7508208,4096
1625724987,262150556,7508216,4096
1625724987,262350227,5259680,4096
1625724987,262350227,5259688,4096
1625724987,262350227,5259696,4096
1625724987,262350227,5259704,4096
1625724987,262350227,5259712,4096
1625724987,262351300,5259720,4096
1625724987,262351300,5259728,4096
1625724987,262351300,5259736,4096
1625724987,262351300,5259744,4096
1625724987,262351300,5259752,4096
1625724987,262351300,5259760,4096
1625724987,262351300,5259768,4096
1625724987,262351300,5259776,4096
1625724987,262351300,5259784,4096
1625724987,262352374,5259792,4096
1625724987,262352374,5259800,4096
1625724987,262352374,5259808,4096
1625724987,262352374,5259816,4096
1625724987,262352374,5259824,4096
1625724987,262352374,5259832,4096
1625724987,262352374,5259840,4096
1625724987,262352374,5259848,1536
1625724987,262594985,5259851,4096
1625724987,262594985,5259859,4096
1625724987,262594985,5259867,4096
1625724987,262594985,5259875,4096
1625724987,262594985,5259883,4096
1625724987,262594985,5259891,4096
1625724987,262596058,5259899,4096
1625724987,262596058,5259907,4096
1625724987,262596058,5259915,4096
1625724987,262596058,5259923,4096
1625724987,262596058,5259931,4096
1625724987,262596058,5259939,4096
1625724987,262596058,5259947,4096
1625724987,262596058,5259955,4096
1625724987,262596058,5259963,4096
1625724987,262597132,5259971,4096
1625724987,262597132,5259979,4096
1625724987,262597132,5259987,4096
1625724987,262597132,5259995,4096
1625724987,262597132,5260003,4096
1625724987,262597132,5260011,4096
1625724987,262597132,5260019,1536
1625724987,262781774,5260022,4096
1625724987,262781774,5260030,4096
1625724987,262781774,5260038,4096
1625724987,262781774,5260046,4096
1625724987,262781774,5260054,4096
1625724987,262781774,5260062,4096
1625724987,262781774,5260070,4096
1625724987,262782847,5260078,4096
1625724987,262782847,5260086,4096
1625724987,262782847,5260094,4096
1625724987,262782847,5260102,4096
1625724987,262782847,5260110,4096
1625724987,262782847,5260118,4096
1625724987,262782847,5260126,4096
1625724987,262782847,5260134,4096
1625724987,262782847,5260142,4096
1625724987,262783921,5260150,4096
1625724987,262783921,5260158,4096
1625724987,262783921,5260166,4096
1625724987,262783921,5260174,4096
1625724987,262783921,5260182,4096
1625724987,262783921,5260190,1024
1625724987,263846686,5260192,4096
1625724987,263846686,5260200,4096
1625724987,263846686,5260208,4096
1625724987,263846686,5260216,4096
1625724987,263846686,5260224,4096
1625724987,263846686,5260232,4096
1625724987,263846686,5260240,4096
1625724987,263846686,5260248,4096
1625724987,263847759,5260256,4096
1625724987,263847759,5260264,4096
1625724987,263847759,5260272,4096
1625724987,263847759,5260280,4096
1625724987,263847759,5260288,4096
1625724987,263847759,5260296,4096
1625724987,263847759,5260304,4096
1625724987,263847759,5260312,4096
1625724987,263847759,5260320,4096
1625724987,263848833,5260328,4096
1625724987,263848833,5260336,4096
1625724987,263848833,5260344,4096
1625724987,264017372,5260352,4096
1625724987,264017372,5260360,4096
1625724987,264017372,5260368,4096
1625724987,264017372,5260376,4096
1625724987,264017372,5260384,4096
1625724987,264017372,5260392,4096
1625724987,264017372,5260400,4096
1625724987,264018446,5260408,4096
1625724987,264018446,5260416,4096
1625724987,264018446,5260424,4096
1625724987,264018446,5260432,4096
1625724987,264018446,5260440,4096
1625724987,264018446,5260448,4096
1625724987,264018446,5260456,4096
1625724987,264018446,5260464,4096
1625724987,264018446,5260472,4096
1625724987,264019519,5260480,4096
1625724987,264019519,5260488,4096
1625724987,264019519,5260496,4096
1625724987,264019519,5260504,4096
1625724987,264384509,45519488,4096
1625724987,264384509,45519496,4096
1625724987,264384509,45519504,4096
1625724987,264385583,45519512,4096
1625724987,287925291,7478592,4096
1625724987,287925291,7478600,4096
1625724987,287925291,7478608,4096
1625724987,287926364,7478616,4096
1625724987,287926364,7478624,4096
1625724987,287926364,7478632,4096
1625724987,287926364,7478640,4096
1625724987,287926364,7478648,4096
1625724987,287926364,7478656,4096
1625724987,287926364,7478664,4096
1625724987,287926364,7478672,4096
1625724987,287926364,7478680,4096
1625724987,288043376,5243168,4096
1625724987,288044449,5243176,4096
1625724987,288044449,5243184,4096
1625724987,288044449,5243192,4096
1625724987,288044449,5243200,4096
1625724987,288044449,5243208,4096
1625724987,288044449,5243216,4096
1625724987,288044449,5243224,4096
1625724987,288044449,5243232,4096
1625724987,288044449,5243240,4096
1625724987,288045523,5243248,4096
1625724987,288045523,5243256,4096
1625724987,288133550,5243264,4096
1625724987,288133550,5243272,4096
1625724987,288133550,5243280,4096
1625724987,288133550,5243288,4096
1625724987,288133550,5243296,4096
1625724987,288133550,5243304,4096
1625724987,288133550,5243312,4096
1625724987,288133550,5243320,4096
1625724987,288133550,5243328,4096
1625724987,288134623,5243336,4096
1625724987,288134623,5243344,4096
1625724987,288134623,5243352,4096
1625724987,295057625,61887216,4096
1625724987,295058698,61887224,4096
1625724987,295058698,61887232,4096
1625724987,295058698,61887240,4096
1625724987,295758620,61887248,4096
1625724987,295759694,61887256,4096
1625724987,295759694,61887264,4096
1625724987,295759694,61887272,4096
1625724987,295759694,61887280,4096
1625724987,295759694,61887288,3072
1625724987,390598051,6857744,4096
1625724987,433066785,28327192,4096
1625724987,433066785,28327200,4096
1625724987,433066785,28327208,4096
1625724987,433067858,28327216,4096
1625724987,433964231,28327224,4096
1625724987,433964231,28327232,4096
1625724987,433964231,28327240,4096
1625724987,433964231,28327248,4096
1625724987,433965304,28327256,4096
1625724987,433965304,28327264,4096
1625724987,433965304,28327272,4096
1625724987,433965304,28327280,4096
1625724987,433965304,28327288,4096
1625724987,433965304,28327296,4096
1625724987,433965304,28327304,4096
1625724987,433965304,28327312,4096
1625724987,433965304,28327320,4096
1625724987,433966378,28327328,4096
1625724987,434060846,28327336,4096
1625724987,434060846,28327344,4096
1625724987,434060846,28327352,4096
1625724987,434060846,28327360,4096
1625724987,434060846,28327368,4096
1625724987,434060846,28327376,4096
1625724987,434060846,28327384,4096
1625724987,434060846,28327392,4096
1625724987,434061919,28327400,4096
1625724987,434061919,28327408,4096
1625724987,434061919,28327416,4096
1625724987,434061919,28327424,4096
1625724987,434061919,28327432,4096
1625724987,434061919,28327440,4096
1625724987,434729636,28327448,4096
1625724987,434729636,28327456,4096
1625724987,434729636,28327464,4096
1625724987,434729636,28327472,4096
1625724987,434729636,28327480,4096
1625724987,434729636,28327488,4096
1625724987,434729636,28327496,4096
1625724987,434729636,28327504,4096
1625724987,434730710,28327512,4096
1625724987,434730710,28327520,4096
1625724987,434730710,28327528,4096
1625724987,434730710,28327536,4096
1625724987,434730710,28327544,4096
1625724987,434730710,28327552,4096
1625724987,434730710,28327560,4096
1625724987,434730710,28327568,4096
1625724987,435589510,28327576,4096
1625724987,435590583,28327584,4096
1625724987,435590583,28327592,4096
1625724987,435590583,28327600,4096
1625724987,435590583,28327608,4096
1625724987,435590583,28327616,4096
1625724987,435590583,28327624,4096
1625724987,435590583,28327632,4096
1625724987,435590583,28327640,4096
1625724987,435590583,28327648,4096
1625724987,435591657,28327656,4096
1625724987,435591657,28327664,4096
1625724987,435591657,28327672,4096
1625724987,435591657,28327680,4096
1625724987,435591657,28327688,4096
1625724987,435591657,28327696,4096
1625724987,435724771,28327704,4096
1625724987,435724771,28327712,4096
1625724987,435724771,28327720,4096
1625724987,435724771,28327728,4096
1625724987,435724771,28327736,4096
1625724987,435724771,28327744,4096
1625724987,435724771,28327752,4096
1625724987,435724771,28327760,4096
1625724987,435725844,28327768,4096
1625724987,435725844,28327776,4096
1625724987,435725844,28327784,4096
1625724987,435725844,28327792,4096
1625724987,435725844,28327800,4096
1625724987,435725844,28327808,4096
1625724987,435725844,28327816,4096
1625724987,435725844,28327824,4096
1625724987,440012330,28327832,4096
1625724987,440012330,28327840,4096
1625724987,440013403,28327848,4096
1625724987,440013403,28327856,4096
1625724987,440013403,28327864,4096
1625724987,440013403,28327872,4096
1625724987,440013403,28327880,4096
1625724987,440013403,28327888,4096
1625724987,440013403,28327896,4096
1625724987,440013403,28327904,4096
1625724987,440013403,28327912,4096
1625724987,440014477,28327920,4096
1625724987,440014477,28327928,4096
1625724987,440014477,28327936,4096
1625724987,440014477,28327944,4096
1625724987,440014477,28327952,4096
1625724987,440136856,28327960,4096
1625724987,440137929,28327968,4096
1625724987,440137929,28327976,4096
1625724987,440137929,28327984,4096
1625724987,440137929,28327992,4096
1625724987,440137929,28328000,4096
1625724987,440137929,28328008,4096
1625724987,440137929,28328016,4096
1625724987,440137929,28328024,4096
1625724987,440137929,28328032,4096
1625724987,440139003,28328040,4096
1625724987,440139003,28328048,4096
1625724987,440139003,28328056,4096
1625724987,440139003,28328064,4096
1625724987,440139003,28328072,4096
1625724987,440139003,28328080,4096
1625724987,444232258,28328088,4096
1625724987,444232258,28328096,4096
1625724987,444233332,28328104,4096
1625724987,444233332,28328112,4096
1625724987,444233332,28328120,4096
1625724987,444233332,28328128,4096
1625724987,444233332,28328136,4096
1625724987,444233332,28328144,4096
1625724987,444233332,28328152,4096
1625724987,444233332,28328160,4096
1625724987,444233332,28328168,4096
1625724987,444234405,28328176,4096
1625724987,444234405,28328184,4096
1625724987,444234405,28328192,4096
1625724987,444234405,28328200,4096
1625724987,444234405,28328208,4096
1625724987,444360005,28328216,4096
1625724987,444360005,28328224,4096
1625724987,444361078,28328232,4096
1625724987,444361078,28328240,4096
1625724987,444361078,28328248,4096
1625724987,444361078,28328256,4096
1625724987,444361078,28328264,4096
1625724987,444361078,28328272,4096
1625724987,444361078,28328280,4096
1625724987,444361078,28328288,4096
1625724987,444361078,28328296,4096
1625724987,444362152,28328304,4096
1625724987,444362152,28328312,4096
1625724987,444362152,28328320,4096
1625724987,444362152,28328328,4096
1625724987,444362152,28328336,4096
1625724987,448488686,28328344,4096
1625724987,448488686,28328352,4096
1625724987,448488686,28328360,4096
1625724987,448488686,28328368,4096
1625724987,448488686,28328376,4096
1625724987,448488686,28328384,4096
1625724987,448488686,28328392,4096
1625724987,448489759,28328400,4096
1625724987,448489759,28328408,4096
1625724987,448489759,28328416,4096
1625724987,448489759,28328424,4096
1625724987,448489759,28328432,4096
1625724987,448489759,28328440,4096
1625724987,448489759,28328448,4096
1625724987,448489759,28328456,4096
1625724987,448489759,28328464,4096
1625724987,448613212,28328472,4096
1625724987,448613212,28328480,4096
1625724987,448613212,28328488,4096
1625724987,448613212,28328496,4096
1625724987,448613212,28328504,4096
1625724987,448613212,28328512,4096
1625724987,448614285,28328520,4096
1625724987,448614285,28328528,4096
1625724987,448614285,28328536,4096
1625724987,448614285,28328544,4096
1625724987,448614285,28328552,4096
1625724987,448614285,28328560,4096
1625724987,448614285,28328568,4096
1625724987,448614285,28328576,4096
1625724987,448614285,28328584,4096
1625724987,448615359,28328592,4096
1625724987,452811670,28328600,4096
1625724987,452811670,28328608,4096
1625724987,452811670,28328616,4096
1625724987,452811670,28328624,4096
1625724987,452811670,28328632,4096
1625724987,452811670,28328640,4096
1625724987,452811670,28328648,4096
1625724987,452812744,28328656,4096
1625724987,452812744,28328664,4096
1625724987,452812744,28328672,4096
1625724987,452812744,28328680,4096
1625724987,452812744,28328688,4096
1625724987,452812744,28328696,4096
1625724987,452812744,28328704,4096
1625724987,452812744,28328712,4096
1625724987,452812744,28328720,4096
1625724987,452937270,28328728,4096
1625724987,452937270,28328736,4096
1625724987,452937270,28328744,4096
1625724987,452937270,28328752,4096
1625724987,452937270,28328760,4096
1625724987,452937270,28328768,4096
1625724987,452937270,28328776,4096
1625724987,452937270,28328784,4096
1625724987,452938343,28328792,4096
1625724987,452938343,28328800,4096
1625724987,452938343,28328808,4096
1625724987,452938343,28328816,4096
1625724987,452938343,28328824,4096
1625724987,452938343,28328832,4096
1625724987,452938343,28328840,4096
1625724987,452938343,28328848,4096
1625724987,457122846,28328856,4096
1625724987,457122846,28328864,4096
1625724987,457122846,28328872,4096
1625724987,457122846,28328880,4096
1625724987,457122846,28328888,4096
1625724987,457122846,28328896,4096
1625724987,457122846,28328904,4096
1625724987,457122846,28328912,4096
1625724987,457123920,28328920,4096
1625724987,457123920,28328928,4096
1625724987,457123920,28328936,4096
1625724987,457123920,28328944,4096
1625724987,457123920,28328952,4096
1625724987,457123920,28328960,4096
1625724987,457123920,28328968,4096
1625724987,457123920,28328976,4096
1625724987,457247372,28328984,4096
1625724987,457247372,28328992,4096
1625724987,457247372,28329000,4096
1625724987,457247372,28329008,4096
1625724987,457247372,28329016,4096
1625724987,457247372,28329024,4096
1625724987,457248446,28329032,4096
1625724987,457248446,28329040,4096
1625724987,457248446,28329048,4096
1625724987,457248446,28329056,4096
1625724987,457248446,28329064,4096
1625724987,457248446,28329072,4096
1625724987,457248446,28329080,4096
1625724987,457248446,28329088,4096
1625724987,457248446,28329096,4096
1625724987,457249519,28329104,4096
1625724987,461402891,28329112,4096
1625724987,461402891,28329120,4096
1625724987,461402891,28329128,4096
1625724987,461403964,28329136,4096
1625724987,461403964,28329144,4096
1625724987,461403964,28329152,4096
1625724987,461403964,28329160,4096
1625724987,461403964,28329168,4096
1625724987,461403964,28329176,4096
1625724987,461403964,28329184,4096
1625724987,461403964,28329192,4096
1625724987,461403964,28329200,4096
1625724987,461405038,28329208,4096
1625724987,461405038,28329216,4096
1625724987,461405038,28329224,4096
1625724987,461405038,28329232,4096
1625724987,461531711,28329240,4096
1625724987,461531711,28329248,4096
1625724987,461531711,28329256,4096
1625724987,461531711,28329264,4096
1625724987,461531711,28329272,4096
1625724987,461531711,28329280,4096
1625724987,461531711,28329288,4096
1625724987,461531711,28329296,4096
1625724987,461532784,28329304,4096
1625724987,461532784,28329312,4096
1625724987,461532784,28329320,4096
1625724987,461532784,28329328,4096
1625724987,461532784,28329336,4096
1625724987,461532784,28329344,4096
1625724987,461532784,28329352,4096
1625724987,461532784,28329360,4096
1625724987,465666833,28329368,4096
1625724987,465667906,28329376,4096
1625724987,465667906,28329384,4096
1625724987,465667906,28329392,4096
1625724987,465667906,28329400,4096
1625724987,465667906,28329408,4096
1625724987,465667906,28329416,4096
1625724987,465667906,28329424,4096
1625724987,465667906,28329432,4096
1625724987,465667906,28329440,4096
1625724987,465668980,28329448,4096
1625724987,465668980,28329456,4096
1625724987,465668980,28329464,4096
1625724987,465668980,28329472,4096
1625724987,465668980,28329480,4096
1625724987,465668980,28329488,4096
1625724987,465792432,28329496,4096
1625724987,465792432,28329504,4096
1625724987,465792432,28329512,4096
1625724987,465792432,28329520,4096
1625724987,465792432,28329528,4096
1625724987,465792432,28329536,4096
1625724987,465792432,28329544,4096
1625724987,465793506,28329552,4096
1625724987,465793506,28329560,4096
1625724987,465793506,28329568,4096
1625724987,465793506,28329576,4096
1625724987,465793506,28329584,4096
1625724987,465793506,28329592,4096
1625724987,465793506,28329600,4096
1625724987,465793506,28329608,4096
1625724987,465793506,28329616,4096
1625724987,470188415,28329624,4096
1625724987,470188415,28329632,4096
1625724987,470188415,28329640,4096
1625724987,470188415,28329648,4096
1625724987,470188415,28329656,4096
1625724987,470188415,28329664,4096
1625724987,470188415,28329672,4096
1625724987,470188415,28329680,4096
1625724987,470189488,28329688,4096
1625724987,470189488,28329696,4096
1625724987,470189488,28329704,4096
1625724987,470189488,28329712,4096
1625724987,470189488,28329720,4096
1625724987,470189488,28329728,4096
1625724987,470189488,28329736,4096
1625724987,470189488,28329744,4096
1625724987,470315088,28329752,4096
1625724987,470315088,28329760,4096
1625724987,470316161,28329768,4096
1625724987,470316161,28329776,4096
1625724987,470316161,28329784,4096
1625724987,470316161,28329792,4096
1625724987,470316161,28329800,4096
1625724987,470316161,28329808,4096
1625724987,470316161,28329816,4096
1625724987,470316161,28329824,4096
1625724987,470316161,28329832,4096
1625724987,470316161,28329840,4096
1625724987,470317235,28329848,4096
1625724987,470317235,28329856,4096
1625724987,470317235,28329864,4096
1625724987,470317235,28329872,4096
1625724987,474519987,28329880,4096
1625724987,474519987,28329888,4096
1625724987,474519987,28329896,4096
1625724987,474519987,28329904,4096
1625724987,474519987,28329912,4096
1625724987,474519987,28329920,4096
1625724987,474521061,28329928,4096
1625724987,474521061,28329936,4096
1625724987,474521061,28329944,4096
1625724987,474521061,28329952,4096
1625724987,474521061,28329960,4096
1625724987,474521061,28329968,4096
1625724987,474521061,28329976,4096
1625724987,474521061,28329984,4096
1625724987,474521061,28329992,4096
1625724987,474522134,28330000,4096
1625724987,474646660,28330008,4096
1625724987,474647734,28330016,4096
1625724987,474647734,28330024,4096
1625724987,474647734,28330032,4096
1625724987,474647734,28330040,4096
1625724987,474647734,28330048,4096
1625724987,474647734,28330056,4096
1625724987,474647734,28330064,4096
1625724987,474647734,28330072,4096
1625724987,474647734,28330080,4096
1625724987,474648807,28330088,4096
1625724987,474648807,28330096,4096
1625724987,474648807,28330104,4096
1625724987,474648807,28330112,4096
1625724987,474648807,28330120,4096
1625724987,474648807,28330128,4096
1625724987,478786076,28330136,4096
1625724987,478786076,28330144,4096
1625724987,478786076,28330152,4096
1625724987,478786076,28330160,4096
1625724987,478786076,28330168,4096
1625724987,478786076,28330176,4096
1625724987,478786076,28330184,4096
1625724987,478787150,28330192,4096
1625724987,478787150,28330200,4096
1625724987,478787150,28330208,4096
1625724987,478787150,28330216,4096
1625724987,478787150,28330224,4096
1625724987,478787150,28330232,4096
1625724987,478787150,28330240,4096
1625724987,478787150,28330248,4096
1625724987,478787150,28330256,4096
1625724987,478904161,28330264,4096
1625724987,478904161,28330272,4096
1625724987,478904161,28330280,4096
1625724987,478904161,28330288,4096
1625724987,478904161,28330296,4096
1625724987,478904161,28330304,4096
1625724987,478904161,28330312,4096
1625724987,478905235,28330320,4096
1625724987,478905235,28330328,4096
1625724987,478905235,28330336,4096
1625724987,478905235,28330344,4096
1625724987,478905235,28330352,4096
1625724987,478905235,28330360,4096
1625724987,478905235,28330368,4096
1625724987,478905235,28330376,4096
1625724987,478906308,28330384,4096
1625724987,483607165,28330392,4096
1625724987,483607165,28330400,4096
1625724987,483607165,28330408,4096
1625724987,483607165,28330416,4096
1625724987,483607165,28330424,4096
1625724987,483608238,28330432,4096
1625724987,483608238,28330440,4096
1625724987,483608238,28330448,4096
1625724987,483608238,28330456,4096
1625724987,483608238,28330464,4096
1625724987,483608238,28330472,4096
1625724987,483608238,28330480,4096
1625724987,483608238,28330488,4096
1625724987,483608238,28330496,4096
1625724987,483609312,28330504,4096
1625724987,483609312,28330512,4096
1625724987,483732764,28330520,4096
1625724987,483732764,28330528,4096
1625724987,483732764,28330536,4096
1625724987,483732764,28330544,4096
1625724987,483732764,28330552,4096
1625724987,483732764,28330560,4096
1625724987,483732764,28330568,4096
1625724987,483732764,28330576,4096
1625724987,483733838,28330584,4096
1625724987,483733838,28330592,4096
1625724987,483733838,28330600,4096
1625724987,483733838,28330608,4096
1625724987,483733838,28330616,4096
1625724987,483733838,28330624,4096
1625724987,483733838,28330632,4096
1625724987,483733838,28330640,4096
1625724987,488537750,28330648,4096
1625724987,488537750,28330656,4096
1625724987,488537750,28330664,4096
1625724987,488537750,28330672,4096
1625724987,488537750,28330680,4096
1625724987,488537750,28330688,4096
1625724987,488538824,28330696,4096
1625724987,488538824,28330704,4096
1625724987,488538824,28330712,4096
1625724987,488538824,28330720,4096
1625724987,488538824,28330728,4096
1625724987,488538824,28330736,4096
1625724987,488538824,28330744,4096
1625724987,488538824,28330752,4096
1625724987,488538824,28330760,4096
1625724987,488538824,28330768,4096
1625724987,488663350,28330776,4096
1625724987,488663350,28330784,4096
1625724987,488663350,28330792,4096
1625724987,488663350,28330800,4096
1625724987,488663350,28330808,4096
1625724987,488663350,28330816,4096
1625724987,488663350,28330824,4096
1625724987,488663350,28330832,4096
1625724987,488664423,28330840,4096
1625724987,488664423,28330848,4096
1625724987,488664423,28330856,4096
1625724987,488664423,28330864,4096
1625724987,488664423,28330872,4096
1625724987,488664423,28330880,4096
1625724987,488664423,28330888,4096
1625724987,488664423,28330896,4096
1625724987,494016894,28330904,4096
1625724987,494016894,28330912,4096
1625724987,494017968,28330920,4096
1625724987,494017968,28330928,4096
1625724987,494017968,28330936,4096
1625724987,494017968,28330944,4096
1625724987,494017968,28330952,4096
1625724987,494017968,28330960,4096
1625724987,494017968,28330968,4096
1625724987,494017968,28330976,4096
1625724987,494017968,28330984,4096
1625724987,494019041,28330992,4096
1625724987,494019041,28331000,4096
1625724987,494019041,28331008,4096
1625724987,494019041,28331016,4096
1625724987,494019041,28331024,4096
1625724987,494136053,28331032,4096
1625724987,494136053,28331040,4096
1625724987,494136053,28331048,4096
1625724987,494136053,28331056,4096
1625724987,494136053,28331064,4096
1625724987,494136053,28331072,4096
1625724987,494136053,28331080,4096
1625724987,494137126,28331088,4096
1625724987,494137126,28331096,4096
1625724987,494137126,28331104,4096
1625724987,494137126,28331112,4096
1625724987,494137126,28331120,4096
1625724987,494137126,28331128,4096
1625724987,494137126,28331136,4096
1625724987,494137126,28331144,4096
1625724987,494137126,28331152,4096
1625724987,498043593,28331160,4096
1625724987,498043593,28331168,4096
1625724987,498043593,28331176,4096
1625724987,498043593,28331184,4096
1625724987,498044666,28331192,4096
1625724987,498044666,28331200,4096
1625724987,498044666,28331208,4096
1625724987,498044666,28331216,4096
1625724987,498044666,28331224,4096
1625724987,498044666,28331232,4096
1625724987,498044666,28331240,4096
1625724987,498044666,28331248,4096
1625724987,498044666,28331256,4096
1625724987,498045740,28331264,4096
1625724987,498045740,28331272,4096
1625724987,498045740,28331280,4096
1625724987,498159531,28331288,4096
1625724987,498159531,28331296,4096
1625724987,498159531,28331304,4096
1625724987,498159531,28331312,4096
1625724987,498160604,28331320,4096
1625724987,498160604,28331328,4096
1625724987,498160604,28331336,4096
1625724987,498160604,28331344,4096
1625724987,498160604,28331352,4096
1625724987,498160604,28331360,4096
1625724987,498160604,28331368,4096
1625724987,498160604,28331376,4096
1625724987,498160604,28331384,4096
1625724987,498161678,28331392,4096
1625724987,498161678,28331400,4096
1625724987,498161678,28331408,4096
1625724987,502377312,28331416,4096
1625724987,502377312,28331424,4096
1625724987,502377312,28331432,4096
1625724987,502377312,28331440,4096
1625724987,502377312,28331448,4096
1625724987,502377312,28331456,2560
1625724987,89598313,48937176,4096
1625724987,90814588,60475304,4096
1625724987,90815662,60475312,4096
1625724987,90816735,60475320,4096
1625724987,90816735,60475328,4096
1625724987,91869839,60475336,4096
1625724987,91870912,60475344,4096
1625724987,91870912,60475352,4096
1625724987,91870912,60475360,4096
1625724987,91871986,60475368,4096
1625724988,1034101972,59679632,4096
1625724988,1034101972,59679640,4096
1625724988,1034101972,59679648,4096
1625724988,1034101972,59679656,4096
1625724988,1034103046,59679664,4096
1625724988,1034103046,59679672,4096
1625724988,1034103046,59679680,4096
1625724988,1034103046,59679688,4096
1625724988,1034103046,59679696,4096
1625724988,1034103046,59679704,4096
1625724988,1034103046,59679712,4096
1625724988,1034103046,59679720,4096
1625724988,1034103046,59679728,4096
1625724988,1034104119,59679736,4096
1625724988,1034104119,59679744,4096
1625724988,1034104119,59679752,4096
1625724988,1034210396,59679760,4096
1625724988,1034210396,59679768,4096
1625724988,1034210396,59679776,4096
1625724988,1034210396,59679784,4096
1625724988,1034210396,59679792,4096
1625724988,1034210396,59679800,4096
1625724988,1034210396,59679808,4096
1625724988,1034210396,59679816,4096
1625724988,1034211469,59679824,4096
1625724988,1034211469,59679832,4096
1625724988,1034211469,59679840,4096
1625724988,1034211469,59679848,4096
1625724988,1034211469,59679856,4096
1625724988,1034211469,59679864,4096
1625724988,1034211469,59679872,4096
1625724988,1034211469,59679880,4096
1625724988,3648249,6857768,4096
1625724988,507629661,2572003,4096
1625724988,507629661,2572011,4096
1625724988,507629661,2572019,4096
1625724988,507629661,2572027,4096
1625724988,590838793,59677328,4096
1625724988,590838793,59677336,4096
1625724988,590838793,59677344,4096
1625724988,590838793,59677352,4096
1625724988,590838793,59677360,4096
1625724988,590838793,59677368,4096
1625724988,590839867,59677376,4096
1625724988,590839867,59677384,4096
1625724988,590839867,59677392,4096
1625724988,590839867,59677400,4096
1625724988,590839867,59677408,4096
1625724988,590839867,59677416,4096
1625724988,590839867,59677424,4096
1625724988,590839867,59677432,4096
1625724988,590839867,59677440,4096
1625724988,590840940,59677448,4096
1625724988,591570920,59677456,4096
1625724988,591570920,59677464,4096
1625724988,591570920,59677472,4096
1625724988,591571994,59677480,4096
1625724988,591571994,59677488,4096
1625724988,591571994,59677496,4096
1625724988,591571994,59677504,4096
1625724988,591571994,59677512,4096
1625724988,591571994,59677520,4096
1625724988,591571994,59677528,4096
1625724988,591571994,59677536,4096
1625724988,591571994,59677544,4096
1625724988,591573067,59677552,4096
1625724988,591573067,59677560,4096
1625724988,591573067,59677568,4096
1625724988,591573067,59677576,4096
1625724988,642043670,59677584,4096
1625724988,642043670,59677592,4096
1625724988,642043670,59677600,4096
1625724988,642043670,59677608,4096
1625724988,642044743,59677616,4096
1625724988,642044743,59677624,4096
1625724988,642044743,59677632,4096
1625724988,642044743,59677640,4096
1625724988,642044743,59677648,4096
1625724988,642044743,59677656,4096
1625724988,642044743,59677664,4096
1625724988,642044743,59677672,4096
1625724988,642044743,59677680,4096
1625724988,642045817,59677688,4096
1625724988,642045817,59677696,4096
1625724988,642045817,59677704,4096
1625724988,642162828,59677712,4096
1625724988,642162828,59677720,4096
1625724988,642163902,59677728,4096
1625724988,642163902,59677736,4096
1625724988,642163902,59677744,4096
1625724988,642163902,59677752,4096
1625724988,642163902,59677760,4096
1625724988,642163902,59677768,4096
1625724988,642163902,59677776,4096
1625724988,642163902,59677784,4096
1625724988,642163902,59677792,4096
1625724988,642164975,59677800,4096
1625724988,642164975,59677808,4096
1625724988,642164975,59677816,4096
1625724988,642164975,59677824,4096
1625724988,642164975,59677832,4096
1625724988,665511453,47442510,4096
1625724988,665511453,47442518,4096
1625724988,665511453,47442526,4096
1625724988,665511453,47442534,4096
1625724988,678029537,2370682,4096
1625724988,678029537,2370690,4096
1625724988,678029537,2370698,4096
1625724988,678029537,2370706,4096
1625724988,678029537,2370714,4096
1625724988,678029537,2370722,4096
1625724988,678029537,2370730,4096
1625724988,678029537,2370738,4096
1625724988,741368184,59677840,4096
1625724988,741369257,59677848,4096
1625724988,741369257,59677856,4096
1625724988,741369257,59677864,4096
1625724988,741369257,59677872,4096
1625724988,741369257,59677880,4096
1625724988,741369257,59677888,4096
1625724988,741369257,59677896,4096
1625724988,741369257,59677904,4096
1625724988,741370331,59677912,4096
1625724988,741370331,59677920,4096
1625724988,741370331,59677928,4096
1625724988,741370331,59677936,4096
1625724988,741370331,59677944,4096
1625724988,741370331,59677952,4096
1625724988,741370331,59677960,4096
1625724988,741817980,59677968,4096
1625724988,741817980,59677976,4096
1625724988,741817980,59677984,4096
1625724988,741817980,59677992,4096
1625724988,741817980,59678000,4096
1625724988,741817980,59678008,4096
1625724988,741817980,59678016,4096
1625724988,741817980,59678024,4096
1625724988,741819054,59678032,4096
1625724988,741819054,59678040,4096
1625724988,741819054,59678048,4096
1625724988,741819054,59678056,4096
1625724988,741819054,59678064,4096
1625724988,741819054,59678072,4096
1625724988,741819054,59678080,4096
1625724988,741819054,59678088,4096
1625724988,784412313,59678096,4096
1625724988,784412313,59678104,4096
1625724988,784413387,59678112,4096
1625724988,784413387,59678120,4096
1625724988,784413387,59678128,4096
1625724988,784413387,59678136,4096
1625724988,784413387,59678144,4096
1625724988,784413387,59678152,4096
1625724988,784413387,59678160,4096
1625724988,784413387,59678168,4096
1625724988,784413387,59678176,4096
1625724988,784414460,59678184,4096
1625724988,784414460,59678192,4096
1625724988,784414460,59678200,4096
1625724988,784414460,59678208,4096
1625724988,784414460,59678216,4096
1625724988,784522884,59678224,4096
1625724988,784522884,59678232,4096
1625724988,784522884,59678240,4096
1625724988,784522884,59678248,4096
1625724988,784522884,59678256,4096
1625724988,784522884,59678264,4096
1625724988,784522884,59678272,4096
1625724988,784522884,59678280,4096
1625724988,784522884,59678288,4096
1625724988,784523957,59678296,4096
1625724988,784523957,59678304,4096
1625724988,784523957,59678312,4096
1625724988,784523957,59678320,4096
1625724988,784523957,59678328,4096
1625724988,784523957,59678336,4096
1625724988,784523957,59678344,4096
1625724988,829076354,59678352,4096
1625724988,829076354,59678360,4096
1625724988,829076354,59678368,4096
1625724988,829076354,59678376,4096
1625724988,829077428,59678384,4096
1625724988,829077428,59678392,4096
1625724988,829077428,59678400,4096
1625724988,829077428,59678408,4096
1625724988,829077428,59678416,4096
1625724988,829077428,59678424,4096
1625724988,829077428,59678432,4096
1625724988,829077428,59678440,4096
1625724988,829077428,59678448,4096
1625724988,829078501,59678456,4096
1625724988,829078501,59678464,4096
1625724988,829078501,59678472,4096
1625724988,829162234,59678480,4096
1625724988,829162234,59678488,4096
1625724988,829162234,59678496,4096
1625724988,829162234,59678504,4096
1625724988,829162234,59678512,4096
1625724988,829162234,59678520,4096
1625724988,829163308,59678528,4096
1625724988,829163308,59678536,4096
1625724988,829163308,59678544,4096
1625724988,829163308,59678552,4096
1625724988,829163308,59678560,4096
1625724988,829163308,59678568,4096
1625724988,829163308,59678576,4096
1625724988,829163308,59678584,4096
1625724988,829163308,59678592,4096
1625724988,829164381,59678600,4096
1625724988,871430223,59678608,4096
1625724988,871431297,59678616,4096
1625724988,871431297,59678624,4096
1625724988,871431297,59678632,4096
1625724988,871431297,59678640,4096
1625724988,871431297,59678648,4096
1625724988,871431297,59678656,4096
1625724988,871431297,59678664,4096
1625724988,871431297,59678672,4096
1625724988,871432370,59678680,4096
1625724988,871432370,59678688,4096
1625724988,871432370,59678696,4096
1625724988,871432370,59678704,4096
1625724988,871432370,59678712,4096
1625724988,871432370,59678720,4096
1625724988,871432370,59678728,4096
1625724988,871539720,59678736,4096
1625724988,871539720,59678744,4096
1625724988,871539720,59678752,4096
1625724988,871539720,59678760,4096
1625724988,871539720,59678768,4096
1625724988,871539720,59678776,4096
1625724988,871540794,59678784,4096
1625724988,871540794,59678792,4096
1625724988,871540794,59678800,4096
1625724988,871540794,59678808,4096
1625724988,871540794,59678816,4096
1625724988,871540794,59678824,4096
1625724988,871540794,59678832,4096
1625724988,871540794,59678840,4096
1625724988,871540794,59678848,4096
1625724988,871541867,59678856,4096
1625724988,911144356,59678864,4096
1625724988,911144356,59678872,4096
1625724988,911144356,59678880,4096
1625724988,911144356,59678888,4096
1625724988,911145429,59678896,4096
1625724988,911145429,59678904,4096
1625724988,911145429,59678912,4096
1625724988,911145429,59678920,4096
1625724988,911145429,59678928,4096
1625724988,911145429,59678936,4096
1625724988,911145429,59678944,4096
1625724988,911145429,59678952,4096
1625724988,911145429,59678960,4096
1625724988,911146503,59678968,4096
1625724988,911146503,59678976,4096
1625724988,911146503,59678984,4096
1625724988,911263514,59678992,4096
1625724988,911263514,59679000,4096
1625724988,911263514,59679008,4096
1625724988,911263514,59679016,4096
1625724988,911263514,59679024,4096
1625724988,911263514,59679032,4096
1625724988,911264588,59679040,4096
1625724988,911264588,59679048,4096
1625724988,911264588,59679056,4096
1625724988,911264588,59679064,4096
1625724988,911264588,59679072,4096
1625724988,911264588,59679080,4096
1625724988,911264588,59679088,4096
1625724988,911264588,59679096,4096
1625724988,911264588,59679104,4096
1625724988,911265661,59679112,4096
1625724988,949811826,59679120,4096
1625724988,949811826,59679128,4096
1625724988,949811826,59679136,4096
1625724988,949811826,59679144,4096
1625724988,949812899,59679152,4096
1625724988,949812899,59679160,4096
1625724988,949812899,59679168,4096
1625724988,949812899,59679176,4096
1625724988,949812899,59679184,4096
1625724988,949812899,59679192,4096
1625724988,949812899,59679200,4096
1625724988,949812899,59679208,4096
1625724988,949812899,59679216,4096
1625724988,949813973,59679224,4096
1625724988,949813973,59679232,4096
1625724988,949813973,59679240,4096
1625724988,949930984,59679248,4096
1625724988,949930984,59679256,4096
1625724988,949932058,59679264,4096
1625724988,949932058,59679272,4096
1625724988,949932058,59679280,4096
1625724988,949932058,59679288,4096
1625724988,949932058,59679296,4096
1625724988,949932058,59679304,4096
1625724988,949932058,59679312,4096
1625724988,949932058,59679320,4096
1625724988,949932058,59679328,4096
1625724988,949933131,59679336,4096
1625724988,949933131,59679344,4096
1625724988,949933131,59679352,4096
1625724988,949933131,59679360,4096
1625724988,949933131,59679368,4096
1625724988,992778663,59679376,4096
1625724988,992778663,59679384,4096
1625724988,992778663,59679392,4096
1625724988,992778663,59679400,4096
1625724988,992779737,59679408,4096
1625724988,992779737,59679416,4096
1625724988,992779737,59679424,4096
1625724988,992779737,59679432,4096
1625724988,992779737,59679440,4096
1625724988,992779737,59679448,4096
1625724988,992779737,59679456,4096
1625724988,992779737,59679464,4096
1625724988,992779737,59679472,4096
1625724988,992780810,59679480,4096
1625724988,992780810,59679488,4096
1625724988,992780810,59679496,4096
1625724988,992888160,59679504,4096
1625724988,992888160,59679512,4096
1625724988,992888160,59679520,4096
1625724988,992888160,59679528,4096
1625724988,992888160,59679536,4096
1625724988,992888160,59679544,4096
1625724988,992889234,59679552,4096
1625724988,992889234,59679560,4096
1625724988,992889234,59679568,4096
1625724988,992889234,59679576,4096
1625724988,992889234,59679584,4096
1625724988,992889234,59679592,4096
1625724988,992889234,59679600,4096
1625724988,992889234,59679608,4096
1625724988,992889234,59679616,4096
1625724988,992890307,59679624,4096
1625724989,100753552,2574080,4096
1625724989,100753552,2574088,4096
1625724989,100754625,2574096,4096
1625724989,103567195,2371682,4096
1625724989,103567195,2371690,4096
1625724989,103567195,2371698,4096
1625724989,103567195,2371706,4096
1625724989,103567195,2371714,4096
1625724989,103568269,2371722,4096
1625724989,103568269,2371730,4096
1625724989,103568269,2371738,4096
1625724989,1060072871,6859928,4096
1625724989,109915874,65621440,4096
1625724989,109915874,65621448,4096
1625724989,109916948,65621456,4096
1625724989,109916948,65621464,4096
1625724989,109916948,65621472,3584
1625724989,111176163,2525032,4096
1625724989,111325380,2370184,4096
1625724989,111372614,1977584,4096
1625724989,111698958,999360,4096
1625724989,111983435,2756896,4096
1625724989,112240002,1563072,4096
1625724989,1758602,59679888,4096
1625724989,1758602,59679896,4096
1625724989,1759676,59679904,4096
1625724989,1759676,59679912,4096
1625724989,1759676,59679920,4096
1625724989,1759676,59679928,4096
1625724989,1759676,59679936,4096
1625724989,1759676,59679944,4096
1625724989,1759676,59679952,4096
1625724989,1759676,59679960,4096
1625724989,1759676,59679968,4096
1625724989,1760749,59679976,4096
1625724989,1760749,59679984,4096
1625724989,1760749,59679992,4096
1625724989,1760749,59680000,4096
1625724989,1760749,59680008,4096
1625724989,186899780,7509496,4096
1625724989,186899780,7509504,4096
1625724989,186899780,7509512,4096
1625724989,186899780,7509520,4096
1625724989,186899780,7509528,4096
1625724989,186899780,7509536,4096
1625724989,1877761,59680016,4096
1625724989,1877761,59680024,4096
1625724989,1878834,59680032,4096
1625724989,1878834,59680040,4096
1625724989,1878834,59680048,4096
1625724989,1878834,59680056,4096
1625724989,1878834,59680064,4096
1625724989,1878834,59680072,4096
1625724989,1878834,59680080,4096
1625724989,1878834,59680088,4096
1625724989,1878834,59680096,4096
1625724989,1879908,59680104,4096
1625724989,1879908,59680112,4096
1625724989,1879908,59680120,4096
1625724989,1879908,59680128,4096
1625724989,1879908,59680136,4096
1625724989,223440646,2235872,4096
1625724989,223440646,2235880,4096
1625724989,223441720,2235888,4096
1625724989,223441720,2235896,4096
1625724989,223985984,2233704,4096
1625724989,223985984,2233712,4096
1625724989,223985984,2233720,4096
1625724989,223985984,2233728,4096
1625724989,225807714,669712,4096
1625724989,225808787,669720,4096
1625724989,225808787,669728,4096
1625724989,225808787,669736,4096
1625724989,225808787,669744,4096
1625724989,225808787,669752,4096
1625724989,225808787,669760,4096
1625724989,225808787,669768,4096
1625724989,226598883,657168,4096
1625724989,226598883,657176,4096
1625724989,226598883,657184,4096
1625724989,226598883,657192,4096
1625724989,226598883,657200,4096
1625724989,226598883,657208,4096
1625724989,226599957,657216,4096
1625724989,226599957,657224,4096
1625724989,228933746,69097752,4096
1625724989,228934819,69097760,4096
1625724989,228934819,69097768,4096
1625724989,228934819,69097776,4096
1625724989,228934819,69097784,3072
1625724989,229997584,2528112,4096
1625724989,230114596,947016,4096
1625724989,238230256,10243872,4096
1625724989,238230256,10243880,4096
1625724989,238230256,10243888,4096
1625724989,238230256,10243896,4096
1625724989,238231329,10243904,4096
1625724989,238231329,10243912,4096
1625724989,238231329,10243920,4096
1625724989,238231329,10243928,4096
1625724989,238268902,7494080,4096
1625724989,238269975,7494088,4096
1625724989,238269975,7494096,4096
1625724989,238269975,7494104,4096
1625724989,238454617,7509248,4096
1625724989,238454617,7509256,4096
1625724989,238454617,7509264,4096
1625724989,238454617,7509272,4096
1625724989,242613356,10243936,4096
1625724989,242613356,10243944,4096
1625724989,242614430,10243952,4096
1625724989,242614430,10243960,4096
1625724989,242614430,10243968,4096
1625724989,242614430,10243976,4096
1625724989,242614430,10243984,4096
1625724989,242614430,10243992,4096
1625724989,243372321,7536608,4096
1625724989,243372321,7536616,4096
1625724989,243372321,7536624,4096
1625724989,243372321,7536632,4096
1625724989,243372321,7536640,4096
1625724989,243373394,7536648,4096
1625724989,243373394,7536656,4096
1625724989,243373394,7536664,4096
1625724989,243373394,7536672,4096
1625724989,243373394,7536680,4096
1625724989,243373394,7536688,4096
1625724989,243373394,7536696,4096
1625724989,243399158,7538432,4096
1625724989,243400232,7538440,4096
1625724989,243400232,7538448,4096
1625724989,243400232,7538456,4096
1625724989,246093643,10244416,4096
1625724989,246093643,10244424,4096
1625724989,246093643,10244432,4096
1625724989,246093643,10244440,4096
1625724989,246093643,10244448,4096
1625724989,246094717,10244456,4096
1625724989,246094717,10244464,4096
1625724989,246094717,10244472,4096
1625724989,246514455,7476320,4096
1625724989,246514455,7476328,4096
1625724989,246514455,7476336,4096
1625724989,246515529,7476344,4096
1625724989,246515529,7476352,4096
1625724989,246515529,7476360,4096
1625724989,246515529,7476368,4096
1625724989,246515529,7476376,4096
1625724989,246515529,7476384,4096
1625724989,246515529,7476392,4096
1625724989,246515529,7476400,4096
1625724989,246516602,7476408,4096
1625724989,246516602,7476416,4096
1625724989,246516602,7476424,4096
1625724989,246516602,7476432,4096
1625724989,246516602,7476440,4096
1625724989,246964252,7508768,4096
1625724989,246964252,7508776,4096
1625724989,246964252,7508784,4096
1625724989,246964252,7508792,4096
1625724989,246964252,7508800,4096
1625724989,246964252,7508808,4096
1625724989,246964252,7508816,4096
1625724989,246965325,7508824,4096
1625724989,246965325,7508832,4096
1625724989,246965325,7508840,4096
1625724989,246965325,7508848,4096
1625724989,246965325,7508856,4096
1625724989,246965325,7508864,4096
1625724989,246965325,7508872,4096
1625724989,246965325,7508880,4096
1625724989,246965325,7508888,4096
1625724989,250545448,10375552,4096
1625724989,250545448,10375560,4096
1625724989,250545448,10375568,4096
1625724989,250545448,10375576,4096
1625724989,251336617,45349504,4096
1625724989,251336617,45349512,4096
1625724989,251336617,45349520,4096
1625724989,251336617,45349528,4096
1625724989,257554329,7493024,4096
1625724989,257554329,7493032,4096
1625724989,257554329,7493040,4096
1625724989,257554329,7493048,4096
1625724989,257554329,7493056,4096
1625724989,257554329,7493064,4096
1625724989,257554329,7493072,4096
1625724989,257555403,7493080,4096
1625724989,257555403,7493088,4096
1625724989,257555403,7493096,4096
1625724989,257555403,7493104,4096
1625724989,257555403,7493112,4096
1625724989,257555403,7493120,4096
1625724989,257555403,7493128,4096
1625724989,257555403,7493136,4096
1625724989,257556476,7493144,4096
1625724989,259465159,45357984,4096
1625724989,259465159,45357992,4096
1625724989,259465159,45358000,4096
1625724989,259465159,45358008,4096
1625724989,259465159,45358016,4096
1625724989,259465159,45358024,4096
1625724989,259465159,45358032,4096
1625724989,259466233,45358040,4096
1625724989,259786136,5243424,4096
1625724989,259786136,5243432,4096
1625724989,259786136,5243440,4096
1625724989,259786136,5243448,4096
1625724989,259786136,5243456,4096
1625724989,259786136,5243464,4096
1625724989,259786136,5243472,4096
1625724989,259787209,5243480,4096
1625724989,259787209,5243488,4096
1625724989,259787209,5243496,4096
1625724989,259787209,5243504,4096
1625724989,259787209,5243512,4096
1625724989,259787209,5243520,4096
1625724989,259787209,5243528,4096
1625724989,259787209,5243536,4096
1625724989,259787209,5243544,4096
1625724989,259788283,5243552,4096
1625724989,259788283,5243560,4096
1625724989,259788283,5243568,4096
1625724989,259788283,5243576,4096
1625724989,259788283,5243584,4096
1625724989,259788283,5243592,1536
1625724989,259948234,5243595,4096
1625724989,259948234,5243603,4096
1625724989,259948234,5243611,4096
1625724989,259949308,5243619,4096
1625724989,259949308,5243627,4096
1625724989,259949308,5243635,4096
1625724989,259949308,5243643,4096
1625724989,259949308,5243651,4096
1625724989,259949308,5243659,4096
1625724989,259949308,5243667,4096
1625724989,259949308,5243675,4096
1625724989,259949308,5243683,4096
1625724989,259950381,5243691,4096
1625724989,259950381,5243699,4096
1625724989,259950381,5243707,4096
1625724989,259950381,5243715,4096
1625724989,259950381,5243723,4096
1625724989,259950381,5243731,4096
1625724989,259950381,5243739,4096
1625724989,259950381,5243747,4096
1625724989,259950381,5243755,4096
1625724989,259951455,5243763,1536
1625724989,260108186,5243766,4096
1625724989,260108186,5243774,4096
1625724989,260109259,5243782,4096
1625724989,260109259,5243790,4096
1625724989,260109259,5243798,4096
1625724989,260109259,5243806,4096
1625724989,260109259,5243814,4096
1625724989,260109259,5243822,4096
1625724989,260109259,5243830,4096
1625724989,260109259,5243838,4096
1625724989,260109259,5243846,4096
1625724989,260110333,5243854,4096
1625724989,260110333,5243862,4096
1625724989,260110333,5243870,4096
1625724989,260110333,5243878,4096
1625724989,260110333,5243886,4096
1625724989,260110333,5243894,4096
1625724989,260110333,5243902,4096
1625724989,260110333,5243910,4096
1625724989,260110333,5243918,4096
1625724989,260111406,5243926,4096
1625724989,260111406,5243934,1024
1625724989,260979868,5243936,4096
1625724989,260979868,5243944,4096
1625724989,260979868,5243952,4096
1625724989,260980941,5243960,4096
1625724989,260980941,5243968,4096
1625724989,260980941,5243976,4096
1625724989,260980941,5243984,4096
1625724989,260980941,5243992,4096
1625724989,260980941,5244000,4096
1625724989,260980941,5244008,4096
1625724989,260980941,5244016,4096
1625724989,260980941,5244024,4096
1625724989,261413562,7477856,4096
1625724989,261413562,7477864,4096
1625724989,261413562,7477872,4096
1625724989,261413562,7477880,4096
1625724989,261413562,7477888,4096
1625724989,261413562,7477896,4096
1625724989,261414635,7477904,4096
1625724989,261414635,7477912,4096
1625724989,261414635,7477920,4096
1625724989,261414635,7477928,4096
1625724989,261414635,7477936,4096
1625724989,261414635,7477944,4096
1625724989,261861211,15878784,4096
1625724989,261861211,15878792,4096
1625724989,261861211,15878800,4096
1625724989,261861211,15878808,4096
1625724989,261861211,15878816,4096
1625724989,261861211,15878824,4096
1625724989,261861211,15878832,4096
1625724989,261862285,15878840,4096
1625724989,261862285,15878848,4096
1625724989,261862285,15878856,4096
1625724989,261862285,15878864,4096
1625724989,261862285,15878872,4096
1625724989,261862285,15878880,4096
1625724989,261862285,15878888,4096
1625724989,261862285,15878896,4096
1625724989,261862285,15878904,4096
1625724989,261863358,15878912,4096
1625724989,261863358,15878920,4096
1625724989,261863358,15878928,4096
1625724989,261863358,15878936,4096
1625724989,261863358,15878944,4096
1625724989,261863358,15878952,1536
1625724989,262312081,15878955,4096
1625724989,262312081,15878963,4096
1625724989,262312081,15878971,4096
1625724989,262312081,15878979,4096
1625724989,262312081,15878987,4096
1625724989,262312081,15878995,4096
1625724989,262313155,15879003,4096
1625724989,262313155,15879011,4096
1625724989,262313155,15879019,4096
1625724989,262313155,15879027,4096
1625724989,262313155,15879035,4096
1625724989,262313155,15879043,4096
1625724989,262313155,15879051,4096
1625724989,262313155,15879059,4096
1625724989,262313155,15879067,4096
1625724989,262314228,15879075,4096
1625724989,262314228,15879083,4096
1625724989,262314228,15879091,4096
1625724989,262314228,15879099,4096
1625724989,262314228,15879107,4096
1625724989,262314228,15879115,4096
1625724989,262314228,15879123,1536
1625724989,262463445,15879126,4096
1625724989,262463445,15879134,4096
1625724989,262463445,15879142,4096
1625724989,262463445,15879150,4096
1625724989,262463445,15879158,4096
1625724989,262463445,15879166,4096
1625724989,262463445,15879174,4096
1625724989,262463445,15879182,4096
1625724989,262464518,15879190,4096
1625724989,262464518,15879198,4096
1625724989,262464518,15879206,4096
1625724989,262464518,15879214,4096
1625724989,262464518,15879222,4096
1625724989,262464518,15879230,4096
1625724989,262464518,15879238,4096
1625724989,262464518,15879246,4096
1625724989,262464518,15879254,4096
1625724989,262465592,15879262,4096
1625724989,262465592,15879270,4096
1625724989,262465592,15879278,4096
1625724989,262465592,15879286,4096
1625724989,262465592,15879294,1024
1625724989,263325465,15879296,4096
1625724989,263325465,15879304,4096
1625724989,263325465,15879312,4096
1625724989,263325465,15879320,4096
1625724989,263325465,15879328,4096
1625724989,263326539,15879336,4096
1625724989,263326539,15879344,4096
1625724989,263326539,15879352,4096
1625724989,263326539,15879360,4096
1625724989,263326539,15879368,4096
1625724989,263326539,15879376,4096
1625724989,263326539,15879384,4096
1625724989,263326539,15879392,4096
1625724989,263327612,15879400,4096
1625724989,263327612,15879408,4096
1625724989,263327612,15879416,4096
1625724989,263327612,15879424,4096
1625724989,263327612,15879432,4096
1625724989,263327612,15879440,4096
1625724989,263327612,15879448,4096
1625724989,263497225,15879456,4096
1625724989,263497225,15879464,4096
1625724989,263497225,15879472,4096
1625724989,263498299,15879480,4096
1625724989,263498299,15879488,4096
1625724989,263498299,15879496,4096
1625724989,263498299,15879504,4096
1625724989,263498299,15879512,4096
1625724989,263498299,15879520,4096
1625724989,263498299,15879528,4096
1625724989,263498299,15879536,4096
1625724989,263498299,15879544,4096
1625724989,263499372,15879552,4096
1625724989,263499372,15879560,4096
1625724989,263499372,15879568,4096
1625724989,263499372,15879576,4096
1625724989,263499372,15879584,4096
1625724989,263499372,15879592,4096
1625724989,263499372,15879600,4096
1625724989,263499372,15879608,4096
1625724989,263999623,7539104,4096
1625724989,263999623,7539112,4096
1625724989,264000697,7539120,4096
1625724989,264000697,7539128,4096
1625724989,264000697,7539136,4096
1625724989,264000697,7539144,4096
1625724989,264000697,7539152,4096
1625724989,264000697,7539160,4096
1625724989,264000697,7539168,4096
1625724989,264000697,7539176,4096
1625724989,264000697,7539184,4096
1625724989,264001770,7539192,4096
1625724989,264001770,7539200,4096
1625724989,264001770,7539208,4096
1625724989,264001770,7539216,4096
1625724989,264001770,7539224,4096
1625724989,285803482,45011904,4096
1625724989,285804555,45011912,4096
1625724989,285804555,45011920,4096
1625724989,285804555,45011928,4096
1625724989,285804555,45011936,4096
1625724989,285804555,45011944,4096
1625724989,285804555,45011952,4096
1625724989,285805629,45011960,4096
1625724989,285805629,45011968,4096
1625724989,285805629,45011976,4096
1625724989,285805629,45011984,4096
1625724989,285805629,45011992,4096
1625724989,285805629,45012000,4096
1625724989,285805629,45012008,4096
1625724989,285805629,45012016,4096
1625724989,285805629,45012024,4096
1625724989,285806702,45012032,4096
1625724989,285806702,45012040,4096
1625724989,285806702,45012048,4096
1625724989,285806702,45012056,4096
1625724989,285806702,45012064,4096
1625724989,285806702,45012072,4096
1625724989,285806702,45012080,4096
1625724989,285806702,45012088,4096
1625724989,286041799,45012096,4096
1625724989,286041799,45012104,4096
1625724989,286041799,45012112,4096
1625724989,286041799,45012120,4096
1625724989,286041799,45012128,4096
1625724989,286041799,45012136,4096
1625724989,286042872,45012144,4096
1625724989,286042872,45012152,4096
1625724989,286042872,45012160,4096
1625724989,286042872,45012168,4096
1625724989,286042872,45012176,4096
1625724989,286042872,45012184,4096
1625724989,286042872,45012192,4096
1625724989,286042872,45012200,4096
1625724989,286043946,45012208,4096
1625724989,286043946,45012216,4096
1625724989,286043946,45012224,4096
1625724989,286043946,45012232,4096
1625724989,286043946,45012240,4096
1625724989,286043946,45012248,4096
1625724989,286043946,45012256,4096
1625724989,286043946,45012264,4096
1625724989,286043946,45012272,4096
1625724989,286045019,45012280,4096
1625724989,317245223,6814784,4096
1625724989,317827060,47413832,4096
1625724989,318280077,47416995,4096
1625724989,318734168,47416992,1536
1625724989,319189332,47416914,4096
1625724989,319189332,47416922,4096
1625724989,319189332,47416930,4096
1625724989,319190405,47416938,1024
1625724989,319678848,47414226,4096
1625724989,319678848,47414234,4096
1625724989,319678848,47414242,4096
1625724989,319679921,47414250,4096
1625724989,320312213,47413834,4096
1625724989,320312213,47413842,4096
1625724989,320312213,47413850,4096
1625724989,320312213,47413858,4096
1625724989,320313286,47413866,4096
1625724989,320313286,47413874,4096
1625724989,320313286,47413882,4096
1625724989,320313286,47413890,4096
1625724989,320861845,47416940,4096
1625724989,320861845,47416948,4096
1625724989,320861845,47416956,4096
1625724989,320861845,47416964,4096
1625724989,321246158,47416972,3584
1625724989,321742115,47415554,4096
1625724989,321742115,47415562,4096
1625724989,321742115,47415570,4096
1625724989,321742115,47415578,4096
1625724989,322296041,47413954,4096
1625724989,322296041,47413962,4096
1625724989,322296041,47413970,4096
1625724989,322296041,47413978,4096
1625724989,322296041,47413986,4096
1625724989,322296041,47413994,4096
1625724989,322297114,47414002,4096
1625724989,322297114,47414010,4096
1625724989,322823129,47415522,4096
1625724989,322823129,47415530,4096
1625724989,322823129,47415538,4096
1625724989,322823129,47415546,4096
1625724989,323374908,47413898,4096
1625724989,323374908,47413906,4096
1625724989,323374908,47413914,4096
1625724989,323374908,47413922,4096
1625724989,323374908,47413930,4096
1625724989,323374908,47413938,4096
1625724989,323374908,47413946,4096
1625724989,324175739,47414266,4096
1625724989,324176813,47414274,4096
1625724989,324176813,47414282,4096
1625724989,324176813,47414290,4096
1625724989,324756503,47414394,4096
1625724989,324756503,47414402,4096
1625724989,324757576,47414410,4096
1625724989,324757576,47414418,4096
1625724989,325282518,47415026,4096
1625724989,325283591,47415034,4096
1625724989,325283591,47415042,4096
1625724989,325283591,47415050,4096
1625724989,325856840,47414474,4096
1625724989,325856840,47414482,4096
1625724989,325857914,47414490,4096
1625724989,325857914,47414498,4096
1625724989,326382855,47415210,4096
1625724989,326382855,47415218,4096
1625724989,326383929,47415226,4096
1625724989,326383929,47415234,4096
1625724989,326938928,47414706,4096
1625724989,326940002,47414714,4096
1625724989,326940002,47414722,4096
1625724989,326940002,47414730,4096
1625724989,327507883,47414522,4096
1625724989,327508957,47414530,4096
1625724989,327508957,47414538,4096
1625724989,327508957,47414546,4096
1625724989,328040339,47415082,4096
1625724989,328040339,47415090,4096
1625724989,328041413,47415098,4096
1625724989,328041413,47415106,4096
1625724989,328596412,47414578,4096
1625724989,328596412,47414586,4096
1625724989,328596412,47414594,4096
1625724989,328596412,47414602,4096
1625724989,329122427,47415122,4096
1625724989,329122427,47415130,4096
1625724989,329122427,47415138,4096
1625724989,329122427,47415146,4096
1625724989,329563636,47415154,4096
1625724989,329563636,47415162,4096
1625724989,329563636,47415170,4096
1625724989,329564709,47415178,4096
1625724989,330130444,47414650,4096
1625724989,330130444,47414658,4096
1625724989,330130444,47414666,4096
1625724989,330130444,47414674,4096
1625724989,330718722,850424,4096
1625724989,330718722,850432,4096
1625724989,330718722,850440,4096
1625724989,330718722,850448,4096
1625724989,330718722,850456,4096
1625724989,330718722,850464,4096
1625724989,330718722,850472,4096
1625724989,330718722,850480,4096
1625724989,331330617,47414554,4096
1625724989,331331690,47414562,4096
1625724989,331331690,47414570,4096
1625724989,331846970,47415058,4096
1625724989,331848044,47415066,4096
1625724989,331848044,47415074,4096
1625724989,332335413,47415186,4096
1625724989,332335413,47415194,4096
1625724989,332335413,47415202,4096
1625724989,332713285,47415466,4096
1625724989,332713285,47415474,4096
1625724989,332713285,47415482,4096
1625724989,332713285,47415490,4096
1625724989,333241447,47414962,4096
1625724989,333241447,47414970,4096
1625724989,333242520,47414978,4096
1625724989,333242520,47414986,4096
1625724989,333972500,47414426,4096
1625724989,333973574,47414434,4096
1625724989,333973574,47414442,4096
1625724989,333973574,47414450,4096
1625724989,337633135,6814792,4096
1625724989,338152709,47426432,4096
1625724989,338710929,47430500,4096
1625724989,338712003,47430508,4096
1625724989,338712003,47430516,2560
1625724989,339213327,47430497,1536
1625724989,339740416,47430450,4096
1625724989,339741489,47430458,4096
1625724989,339741489,47430466,3072
1625724989,340311518,47426434,4096
1625724989,340312591,47426442,4096
1625724989,340312591,47426450,4096
1625724989,340312591,47426458,4096
1625724989,340312591,47426466,4096
1625724989,340312591,47426474,4096
1625724989,340312591,47426482,4096
1625724989,340312591,47426490,4096
1625724989,341029689,47430362,4096
1625724989,341030763,47430370,4096
1625724989,341030763,47430378,4096
1625724989,341030763,47430386,4096
1625724989,341030763,47430394,4096
1625724989,341030763,47430402,4096
1625724989,341030763,47430410,4096
1625724989,341030763,47430418,4096
1625724989,341427958,47430472,3072
1625724989,341959340,47430426,4096
1625724989,341959340,47430434,4096
1625724989,341959340,47430442,4096
1625724989,342525075,47429874,4096
1625724989,342525075,47429882,4096
1625724989,342525075,47429890,4096
1625724989,342525075,47429898,4096
1625724989,342525075,47429906,4096
1625724989,342526148,47429914,4096
1625724989,342526148,47429922,4096
1625724989,342526148,47429930,4096
1625724989,343080074,47429810,4096
1625724989,343080074,47429818,4096
1625724989,343080074,47429826,4096
1625724989,343080074,47429834,4096
1625724989,343080074,47429842,4096
1625724989,343081148,47429850,4096
1625724989,343081148,47429858,4096
1625724989,343081148,47429866,4096
1625724989,343629706,6814872,4096
1625724989,344166456,9020656,4096
1625724989,344753661,9020657,4096
1625724989,344754734,9020665,4096
1625724989,344754734,9020673,4096
1625724989,344754734,9020681,4096
1625724989,345349453,47429938,4096
1625724989,345349453,47429946,4096
1625724989,345350527,47429954,4096
1625724989,345350527,47429962,4096
1625724989,345350527,47429970,4096
1625724989,345350527,47429978,4096
1625724989,345350527,47429986,4096
1625724989,345350527,47429994,4096
1625724989,345913041,9021217,4096
1625724989,345913041,9021225,4096
1625724989,345913041,9021233,4096
1625724989,345913041,9021241,4096
1625724989,346421880,9023465,4096
1625724989,346421880,9023473,4096
1625724989,346422953,9023481,4096
1625724989,346422953,9023489,2048
1625724989,346991908,9022521,4096
1625724989,346991908,9022529,4096
1625724989,346991908,9022537,4096
1625724989,346991908,9022545,4096
1625724989,347918339,47430298,4096
1625724989,347919412,47430306,4096
1625724989,347919412,47430314,4096
1625724989,347919412,47430322,4096
1625724989,347919412,47430330,4096
1625724989,347919412,47430338,4096
1625724989,347919412,47430346,4096
1625724989,347919412,47430354,4096
1625724989,348469044,47430218,4096
1625724989,348469044,47430226,4096
1625724989,348470118,47430234,4096
1625724989,348470118,47430242,4096
1625724989,348470118,47430250,4096
1625724989,348470118,47430258,4096
1625724989,348470118,47430266,4096
1625724989,348470118,47430274,4096
1625724989,349113144,47426522,4096
1625724989,349113144,47426530,4096
1625724989,349113144,47426538,4096
1625724989,349113144,47426546,4096
1625724989,349113144,47426554,4096
1625724989,349114218,47426562,4096
1625724989,349114218,47426570,4096
1625724989,349114218,47426578,4096
1625724989,349751877,47426658,4096
1625724989,349751877,47426666,4096
1625724989,349751877,47426674,4096
1625724989,349751877,47426682,4096
1625724989,349751877,47426690,4096
1625724989,349751877,47426698,4096
1625724989,349752950,47426706,4096
1625724989,349752950,47426714,4096
1625724989,350413153,47427466,4096
1625724989,350413153,47427474,4096
1625724989,350414226,47427482,4096
1625724989,350414226,47427490,4096
1625724989,350414226,47427498,4096
1625724989,350414226,47427506,4096
1625724989,350414226,47427514,4096
1625724989,350414226,47427522,4096
1625724989,351012166,47426754,4096
1625724989,351012166,47426762,4096
1625724989,351012166,47426770,4096
1625724989,351012166,47426778,4096
1625724989,351012166,47426786,4096
1625724989,351013239,47426794,4096
1625724989,351013239,47426802,4096
1625724989,351013239,47426810,4096
1625724989,351478065,47426722,4096
1625724989,351478065,47426730,4096
1625724989,351478065,47426738,4096
1625724989,351478065,47426746,4096
1625724989,352066343,47428138,4096
1625724989,352066343,47428146,4096
1625724989,352066343,47428154,4096
1625724989,352066343,47428162,4096
1625724989,352066343,47428170,4096
1625724989,352066343,47428178,4096
1625724989,352066343,47428186,4096
1625724989,352067416,47428194,4096
1625724989,352749089,47427682,4096
1625724989,352749089,47427690,4096
1625724989,352749089,47427698,4096
1625724989,352749089,47427706,4096
1625724989,352749089,47427714,4096
1625724989,352749089,47427722,4096
1625724989,352749089,47427730,4096
1625724989,352749089,47427738,4096
1625724989,353343808,47427018,4096
1625724989,353343808,47427026,4096
1625724989,353343808,47427034,4096
1625724989,353343808,47427042,4096
1625724989,353343808,47427050,4096
1625724989,353344881,47427058,4096
1625724989,353344881,47427066,4096
1625724989,353344881,47427074,4096
1625724989,354022260,47427562,4096
1625724989,354023333,47427570,4096
1625724989,354023333,47427578,4096
1625724989,354023333,47427586,4096
1625724989,354023333,47427594,4096
1625724989,354023333,47427602,4096
1625724989,354023333,47427610,4096
1625724989,354023333,47427618,4096
1625724989,354613758,47427530,4096
1625724989,354613758,47427538,4096
1625724989,354613758,47427546,4096
1625724989,354614832,47427554,4096
1625724989,355199889,47426882,4096
1625724989,355199889,47426890,4096
1625724989,355199889,47426898,4096
1625724989,355199889,47426906,4096
1625724989,355199889,47426914,4096
1625724989,355199889,47426922,4096
1625724989,355199889,47426930,4096
1625724989,355199889,47426938,4096
1625724989,355813931,47426818,4096
1625724989,355813931,47426826,4096
1625724989,355813931,47426834,4096
1625724989,355813931,47426842,4096
1625724989,355813931,47426850,4096
1625724989,355813931,47426858,4096
1625724989,355813931,47426866,4096
1625724989,355815005,47426874,4096
1625724989,356429047,47427626,4096
1625724989,356429047,47427634,4096
1625724989,356430120,47427642,4096
1625724989,356430120,47427650,4096
1625724989,356430120,47427658,4096
1625724989,356430120,47427666,4096
1625724989,356430120,47427674,4096
1625724989,356960429,47426954,4096
1625724989,356960429,47426962,4096
1625724989,356960429,47426970,4096
1625724989,356960429,47426978,4096
1625724989,356960429,47426986,4096
1625724989,356960429,47426994,4096
1625724989,356960429,47427002,4096
1625724989,356960429,47427010,4096
1625724989,359169692,47426594,4096
1625724989,359169692,47426602,4096
1625724989,359169692,47426610,4096
1625724989,359169692,47426618,4096
1625724989,359169692,47426626,4096
1625724989,359169692,47426634,4096
1625724989,359169692,47426642,4096
1625724989,359169692,47426650,4096
1625724989,360498685,47490120,4096
1625724989,360998936,47497151,4096
1625724989,361000010,47497159,1024
1625724989,361519584,47497148,1536
1625724989,362028423,47497031,4096
1625724989,362029496,47497039,4096
1625724989,362029496,47497047,4096
1625724989,362029496,47497055,4096
1625724989,362549070,47490687,4096
1625724989,362549070,47490695,4096
1625724989,362549070,47490703,4096
1625724989,362550144,47490711,4096
1625724989,363164186,47490122,4096
1625724989,363164186,47490130,4096
1625724989,363164186,47490138,4096
1625724989,363164186,47490146,4096
1625724989,363164186,47490154,4096
1625724989,363164186,47490162,4096
1625724989,363165259,47490170,4096
1625724989,363165259,47490178,4096
1625724989,363718112,47497082,4096
1625724989,363718112,47497090,4096
1625724989,363718112,47497098,4096
1625724989,363718112,47497106,4096
1625724989,364136777,47497114,4096
1625724989,364137850,47497122,2048
1625724989,364697144,47492151,4096
1625724989,364698217,47492159,4096
1625724989,364698217,47492167,4096
1625724989,364698217,47492175,4096
1625724989,365295083,47522784,4096
1625724989,365896243,47522785,4096
1625724989,365897317,47522793,4096
1625724989,365897317,47522801,4096
1625724989,365897317,47522809,4096
1625724989,366405082,47492119,4096
1625724989,366405082,47492127,4096
1625724989,366405082,47492135,4096
1625724989,366405082,47492143,4096
1625724989,366914995,47524833,4096
1625724989,366914995,47524841,4096
1625724989,366914995,47524849,4096
1625724989,366914995,47524857,4096
1625724989,367486097,47522857,4096
1625724989,367486097,47522865,4096
1625724989,367486097,47522873,4096
1625724989,367486097,47522881,4096
1625724989,368041096,47522825,4096
1625724989,368041096,47522833,4096
1625724989,368042170,47522841,4096
1625724989,368042170,47522849,4096
1625724989,368588581,47524337,4096
1625724989,368588581,47524345,4096
1625724989,368588581,47524353,4096
1625724989,368588581,47524361,4096
1625724989,369134993,47524305,4096
1625724989,369134993,47524313,4096
1625724989,369134993,47524321,4096
1625724989,369134993,47524329,4096
1625724989,369713609,47532481,4096
1625724989,369713609,47532489,4096
1625724989,369713609,47532497,4096
1625724989,369713609,47532505,4096
1625724989,370199905,47529161,4096
1625724989,370199905,47529169,4096
1625724989,370199905,47529177,4096
1625724989,370199905,47529185,4096
1625724989,371037235,47490735,4096
1625724989,371037235,47490743,4096
1625724989,371037235,47490751,4096
1625724989,371037235,47490759,4096
1625724989,371621219,47490863,4096
1625724989,371621219,47490871,4096
1625724989,371621219,47490879,4096
1625724989,371621219,47490887,4096
1625724989,372135425,47491559,4096
1625724989,372135425,47491567,4096
1625724989,372135425,47491575,4096
1625724989,372135425,47491583,4096
1625724989,372697939,47490951,4096
1625724989,372697939,47490959,4096
1625724989,372697939,47490967,4096
1625724989,372697939,47490975,4096
1625724989,373202484,47491767,4096
1625724989,373202484,47491775,4096
1625724989,373202484,47491783,4096
1625724989,373202484,47491791,4096
1625724989,373732793,47491207,4096
1625724989,373732793,47491215,4096
1625724989,373732793,47491223,4096
1625724989,373732793,47491231,4096
1625724989,374176149,47490999,4096
1625724989,374176149,47491007,4096
1625724989,374176149,47491015,4096
1625724989,374176149,47491023,4096
1625724989,374621651,47491591,4096
1625724989,374622725,47491599,4096
1625724989,374622725,47491607,4096
1625724989,374622725,47491615,4096
1625724989,375184165,47491031,4096
1625724989,375184165,47491039,4096
1625724989,375184165,47491047,4096
1625724989,375184165,47491055,4096
1625724989,375706960,47491631,4096
1625724989,375706960,47491639,4096
1625724989,375706960,47491647,4096
1625724989,375706960,47491655,4096
1625724989,376148168,47491071,4096
1625724989,376148168,47491079,4096
1625724989,376148168,47491087,4096
1625724989,376148168,47491095,4096
1625724989,376733226,47490194,4096
1625724989,376733226,47490202,4096
1625724989,376733226,47490210,4096
1625724989,376733226,47490218,4096
1625724989,376733226,47490226,4096
1625724989,376734299,47490234,4096
1625724989,376734299,47490242,4096
1625724989,376734299,47490250,4096
1625724989,377190537,47490895,4096
1625724989,377190537,47490903,4096
1625724989,377191610,47490911,4096
1625724989,377191610,47490919,4096
1625724989,377695082,47491695,4096
1625724989,377695082,47491703,4096
1625724989,377695082,47491711,4096
1625724989,377695082,47491719,4096
1625724989,378256522,47491143,4096
1625724989,378256522,47491151,4096
1625724989,378256522,47491159,4096
1625724989,378256522,47491167,4096
1625724989,378724568,47491623,4096
1625724989,379079897,47491063,4096
1625724989,379933329,47524017,4096
1625724989,379933329,47524025,4096
1625724989,379933329,47524033,4096
1625724989,379933329,47524041,4096
1625724989,380469006,47524769,4096
1625724989,380469006,47524777,4096
1625724989,380469006,47524785,4096
1625724989,380469006,47524793,4096
1625724989,380993947,47524697,4096
1625724989,380993947,47524705,4096
1625724989,380993947,47524713,4096
1625724989,380993947,47524721,4096
1625724989,381531771,47523281,4096
1625724989,381532844,47523289,4096
1625724989,381532844,47523297,4096
1625724989,381532844,47523305,4096
1625724989,382040610,47522817,4096
1625724989,382582727,47523881,4096
1625724989,382582727,47523889,4096
1625724989,382582727,47523897,4096
1625724989,382582727,47523905,4096
1625724989,383031450,47524649,4096
1625724989,383031450,47524657,4096
1625724989,383031450,47524665,4096
1625724989,383031450,47524673,4096
1625724989,383540289,47524801,4096
1625724989,383540289,47524809,4096
1625724989,383540289,47524817,4096
1625724989,383540289,47524825,4096
1625724989,383961101,47523945,4096
1625724989,383962175,47523953,4096
1625724989,383962175,47523961,4096
1625724989,383962175,47523969,4096
1625724989,384489263,47524737,4096
1625724989,384489263,47524745,4096
1625724989,384489263,47524753,4096
1625724989,384489263,47524761,4096
1625724989,385017425,47524417,4096
1625724989,385018499,47524425,4096
1625724989,385018499,47524433,4096
1625724989,385018499,47524441,4096
1625724989,385506941,47523729,4096
1625724989,385506941,47523737,4096
1625724989,385506941,47523745,4096
1625724989,385508015,47523753,4096
1625724989,385980355,47524729,4096
1625724989,386444107,47524681,4096
1625724989,386444107,47524689,4096
1625724989,386919667,47523793,4096
1625724989,386919667,47523801,4096
1625724989,386919667,47523809,4096
1625724989,386919667,47523817,4096
1625724989,387462858,47523233,4096
1625724989,387462858,47523241,4096
1625724989,387462858,47523249,4096
1625724989,387462858,47523257,4096
1625724989,388379627,47490306,4096
1625724989,388379627,47490314,4096
1625724989,388379627,47490322,4096
1625724989,388379627,47490330,4096
1625724989,388380701,47490338,4096
1625724989,388380701,47490346,4096
1625724989,388380701,47490354,4096
1625724989,388380701,47490362,4096
1625724989,389014066,47524249,4096
1625724989,389014066,47524257,4096
1625724989,389014066,47524265,4096
1625724989,389014066,47524273,4096
1625724989,389559404,47524457,4096
1625724989,389559404,47524465,4096
1625724989,389559404,47524473,4096
1625724989,389559404,47524481,4096
1625724989,390247517,47491735,4096
1625724989,390247517,47491743,4096
1625724989,390247517,47491751,4096
1625724989,390247517,47491759,4096
1625724989,390808958,47523177,4096
1625724989,390808958,47523185,4096
1625724989,390808958,47523193,4096
1625724989,390808958,47523201,4096
1625724989,391350002,47524593,4096
1625724989,391350002,47524601,4096
1625724989,391351075,47524609,4096
1625724989,391351075,47524617,4096
1625724989,392093937,47524625,4096
1625724989,392093937,47524633,4096
1625724989,392093937,47524641,4096
1625724989,392603850,47522985,4096
1625724989,392603850,47522993,4096
1625724989,392604923,47523001,4096
1625724989,392604923,47523009,4096
1625724989,393400387,47524281,4096
1625724989,393400387,47524289,4096
1625724989,393400387,47524297,4096
1625724989,394929051,47524449,4096
1625724989,395867290,47523049,4096
1625724989,395867290,47523057,4096
1625724989,395867290,47523065,4096
1625724989,395867290,47523073,4096
1625724989,396311719,47523097,4096
1625724989,396311719,47523105,4096
1625724989,396312792,47523113,4096
1625724989,396312792,47523121,4096
1625724989,396968701,47523081,4096
1625724989,396968701,47523089,4096
1625724989,430708806,47442126,4096
1625724989,430708806,47442134,4096
1625724989,430708806,47442142,4096
1625724989,431229453,47442542,4096
1625724989,431229453,47442550,4096
1625724989,431229453,47442558,4096
1625724989,431229453,47442566,4096
1625724989,46011493,59680144,4096
1625724989,46011493,59680152,4096
1625724989,46012566,59680160,4096
1625724989,46012566,59680168,4096
1625724989,46012566,59680176,4096
1625724989,46012566,59680184,4096
1625724989,46012566,59680192,4096
1625724989,46012566,59680200,4096
1625724989,46012566,59680208,4096
1625724989,46012566,59680216,4096
1625724989,46013640,59680224,4096
1625724989,46013640,59680232,4096
1625724989,46013640,59680240,4096
1625724989,46013640,59680248,4096
1625724989,46013640,59680256,4096
1625724989,46013640,59680264,4096
1625724989,46131725,59680272,4096
1625724989,46131725,59680280,4096
1625724989,46131725,59680288,4096
1625724989,46131725,59680296,4096
1625724989,46131725,59680304,4096
1625724989,46131725,59680312,4096
1625724989,46132798,59680320,4096
1625724989,46132798,59680328,4096
1625724989,46132798,59680336,4096
1625724989,46132798,59680344,4096
1625724989,46132798,59680352,4096
1625724989,46132798,59680360,4096
1625724989,46132798,59680368,4096
1625724989,46132798,59680376,4096
1625724989,46132798,59680384,4096
1625724989,46133872,59680392,4096
1625724989,493008305,47443142,4096
1625724989,493008305,47443150,4096
1625724989,493008305,47443158,4096
1625724989,493009378,47443166,4096
1625724989,493561157,47442598,4096
1625724989,493561157,47442606,4096
1625724989,493562231,47442614,4096
1625724989,493562231,47442622,4096
1625724989,494191302,47443094,4096
1625724989,494191302,47443102,4096
1625724989,494191302,47443110,4096
1625724989,494191302,47443118,4096
1625724989,508059848,47414618,4096
1625724989,508059848,47414626,4096
1625724989,508059848,47414634,4096
1625724989,508059848,47414642,4096
1625724989,508683552,47415434,4096
1625724989,508683552,47415442,4096
1625724989,508683552,47415450,4096
1625724989,508684625,47415458,4096
1625724989,509205273,47414930,4096
1625724989,509205273,47414938,4096
1625724989,509205273,47414946,4096
1625724989,509205273,47414954,4096
1625724989,511326509,635536,4096
1625724989,511326509,635544,4096
1625724989,511326509,635552,4096
1625724989,511326509,635560,4096
1625724989,511326509,635568,4096
1625724989,511326509,635576,4096
1625724989,511326509,635584,4096
1625724989,511327582,635592,4096
1625724989,520312777,10782504,2560
1625724989,525611573,850360,4096
1625724989,525611573,850368,4096
1625724989,525611573,850376,4096
1625724989,525611573,850384,4096
1625724989,525612647,850392,4096
1625724989,525612647,850400,4096
1625724989,525612647,850408,4096
1625724989,525612647,850416,4096
1625724989,526514387,47414682,4096
1625724989,526515460,47414690,4096
1625724989,526515460,47414698,4096
1625724989,528527199,2235184,4096
1625724989,528995245,2233016,4096
1625724989,530375766,2233936,4096
1625724989,530375766,2233944,4096
1625724989,530894267,2236360,4096
1625724989,530894267,2236368,4096
1625724989,530894267,2236376,4096
1625724989,530894267,2236384,4096
1625724989,546009147,47491663,4096
1625724989,546009147,47491671,4096
1625724989,546009147,47491679,4096
1625724989,546010220,47491687,4096
1625724989,546627483,47491111,4096
1625724989,546627483,47491119,4096
1625724989,546627483,47491127,4096
1625724989,546628556,47491135,4096
1625724989,547189997,47490258,4096
1625724989,547189997,47490266,4096
1625724989,547191070,47490274,4096
1625724989,547191070,47490282,4096
1625724989,547191070,47490290,4096
1625724989,547191070,47490298,4096
1625724989,547728894,47492055,4096
1625724989,547728894,47492063,4096
1625724989,547728894,47492071,4096
1625724989,547728894,47492079,4096
1625724989,548278526,47491487,4096
1625724989,548278526,47491495,4096
1625724989,548278526,47491503,4096
1625724989,548278526,47491511,4096
1625724989,548822790,47491103,4096
1625724989,549488360,47523425,4096
1625724989,549488360,47523433,4096
1625724989,549488360,47523441,4096
1625724989,549488360,47523449,4096
1625724989,549992905,47523529,4096
1625724989,549992905,47523537,4096
1625724989,549992905,47523545,4096
1625724989,549992905,47523553,4096
1625724989,550547905,47523385,4096
1625724989,550547905,47523393,4096
1625724989,550547905,47523401,4096
1625724989,550547905,47523409,4096
1625724989,551106125,47524385,4096
1625724989,551107198,47524393,4096
1625724989,551107198,47524401,4096
1625724989,551107198,47524409,4096
1625724989,551891927,47523497,4096
1625724989,551891927,47523505,4096
1625724989,551891927,47523513,4096
1625724989,551891927,47523521,4096
1625724989,552425456,47523761,4096
1625724989,552425456,47523769,4096
1625724989,552425456,47523777,4096
1625724989,552425456,47523785,4096
1625724989,553100688,47492023,4096
1625724989,553100688,47492031,4096
1625724989,553100688,47492039,4096
1625724989,553100688,47492047,4096
1625724989,553597718,47491455,4096
1625724989,553597718,47491463,4096
1625724989,553597718,47491471,4096
1625724989,553597718,47491479,4096
1625724989,554834390,47524161,4096
1625724989,554834390,47524169,4096
1625724989,554834390,47524177,4096
1625724989,554834390,47524185,4096
1625724989,555760821,47524193,4096
1625724989,555761894,47524201,4096
1625724989,555761894,47524209,4096
1625724989,555761894,47524217,4096
1625724989,570100634,47523697,4096
1625724989,570101707,47523705,4096
1625724989,570101707,47523713,4096
1625724989,570101707,47523721,4096
1625724989,571926657,47524225,4096
1625724989,571927731,47524233,4096
1625724989,571927731,47524241,4096
1625724989,573093552,47491175,4096
1625724989,573093552,47491183,4096
1625724989,573093552,47491191,4096
1625724989,573093552,47491199,4096
1625724989,573939470,47524529,4096
1625724989,573940543,47524537,4096
1625724989,573940543,47524545,4096
1625724989,573940543,47524553,4096
1625724989,574513792,47523609,4096
1625724989,574513792,47523617,4096
1625724989,574513792,47523625,4096
1625724989,574513792,47523633,4096
1625724989,575293153,47524497,4096
1625724989,575293153,47524505,4096
1625724989,575293153,47524513,4096
1625724989,575293153,47524521,4096
1625724989,575850300,47523641,4096
1625724989,575850300,47523649,4096
1625724989,575850300,47523657,4096
1625724989,575850300,47523665,4096
1625724989,576449313,47524089,4096
1625724989,576449313,47524097,4096
1625724989,576449313,47524105,4096
1625724989,576449313,47524113,4096
1625724989,576995724,47524129,4096
1625724989,576995724,47524137,4096
1625724989,576996798,47524145,4096
1625724989,576996798,47524153,4096
1625724989,577407948,47524561,4096
1625724989,577407948,47524569,4096
1625724989,577407948,47524577,4096
1625724989,577407948,47524585,4096
1625724989,578473934,850320,4096
1625724989,578473934,850328,4096
1625724989,578473934,850336,4096
1625724989,578473934,850344,4096
1625724989,578473934,850352,4096
1625724989,580958013,2235432,4096
1625724989,581423912,2233264,4096
1625724989,583385196,2234936,4096
1625724989,583385196,2234944,4096
1625724989,583385196,2234952,4096
1625724989,583385196,2234960,4096
1625724989,601824706,6857880,4096
1625724989,610818489,48937184,4096
1625724989,611491573,2995368,4096
1625724989,611491573,2995376,4096
1625724989,611491573,2995384,4096
1625724989,611491573,2995392,4096
1625724989,612224774,2995400,4096
1625724989,612225847,2995408,4096
1625724989,612225847,2995416,4096
1625724989,612225847,2995424,4096
1625724989,612225847,2995432,4096
1625724989,612225847,2995440,4096
1625724989,612225847,2995448,4096
1625724989,612225847,2995456,4096
1625724989,612225847,2995464,4096
1625724989,612226921,2995472,4096
1625724989,612226921,2995480,4096
1625724989,612226921,2995488,4096
1625724989,612226921,2995496,1024
1625724989,612350373,2995498,4096
1625724989,612350373,2995506,4096
1625724989,612350373,2995514,4096
1625724989,612350373,2995522,4096
1625724989,612350373,2995530,4096
1625724989,612350373,2995538,4096
1625724989,612351447,2995546,4096
1625724989,612351447,2995554,4096
1625724989,612351447,2995562,4096
1625724989,612351447,2995570,4096
1625724989,612351447,2995578,4096
1625724989,612351447,2995586,4096
1625724989,612351447,2995594,1024
1625724989,617335707,2235472,4096
1625724989,617336781,2235480,4096
1625724989,617926132,2233304,4096
1625724989,617926132,2233312,4096
1625724989,743562131,6858400,4096
1625724989,851809577,10783184,2048
1625724989,86637027,59680400,1536
1625724989,89508639,2235336,4096
1625724989,89509713,2235344,4096
1625724989,89509713,2235352,4096
1625724989,89509713,2235360,4096
1625724989,90103358,2233168,4096
1625724989,90103358,2233176,4096
1625724989,90103358,2233184,4096
1625724989,90103358,2233192,4096
1625724989,90571404,2235776,4096
1625724989,90571404,2235784,4096
1625724989,91043744,2233608,4096
1625724989,91043744,2233616,4096
1625724989,911002367,6858416,4096
1625724989,91669595,2236728,4096
1625724989,91669595,2236736,4096
1625724989,92184875,2234560,4096
1625724989,92185948,2234568,4096
1625724989,925771580,61935016,4096
1625724989,925771580,61935024,4096
1625724989,925771580,61935032,4096
1625724989,925772654,61935040,4096
1625724989,926282566,61935048,4096
1625724989,926282566,61935056,4096
1625724989,926282566,61935064,4096
1625724989,926282566,61935072,4096
1625724989,926282566,61935080,512
1625724989,92810725,2232098,4096
1625724989,92810725,2232106,4096
1625724989,92810725,2232114,4096
1625724989,92810725,2232122,4096
1625724989,92810725,2232130,4096
1625724989,92811799,2232138,4096
1625724989,92811799,2232146,4096
1625724989,92811799,2232154,3072
1625724989,93480589,2236400,4096
1625724989,93480589,2236408,4096
1625724989,93480589,2236416,4096
1625724989,93481663,2236424,4096
1625724989,93978693,2234232,4096
1625724989,93978693,2234240,4096
1625724989,93979767,2234248,4096
1625724989,93979767,2234256,4096
1625724989,94752687,669648,4096
1625724989,94752687,669656,4096
1625724989,94752687,669664,4096
1625724989,94752687,669672,4096
1625724989,94752687,669680,4096
1625724989,94753760,669688,4096
1625724989,94753760,669696,4096
1625724989,94753760,669704,4096
1625724989,95586796,650832,4096
1625724989,95586796,650840,4096
1625724989,95586796,650848,4096
1625724989,95586796,650856,4096
1625724989,95586796,650864,4096
1625724989,95586796,650872,4096
1625724989,95586796,650880,4096
1625724989,95586796,650888,4096
1625724989,96230896,683856,4096
1625724989,96231970,683864,4096
1625724989,96231970,683872,4096
1625724989,96231970,683880,4096
1625724989,96231970,683888,4096
1625724989,96231970,683896,4096
1625724989,96231970,683904,4096
1625724989,96231970,683912,4096
1625724989,96907201,650448,4096
1625724989,96907201,650456,4096
1625724989,96907201,650464,4096
1625724989,96907201,650472,4096
1625724989,96908275,650480,4096
1625724989,96908275,650488,4096
1625724989,96908275,650496,4096
1625724989,96908275,650504,4096
1625724989,97522317,674256,4096
1625724989,97522317,674264,4096
1625724989,97522317,674272,4096
1625724989,97522317,674280,4096
1625724989,97522317,674288,4096
1625724989,97523390,674296,4096
1625724989,97523390,674304,4096
1625724989,97523390,674312,4096
1625724989,98254444,651344,4096
1625724989,98254444,651352,4096
1625724989,98254444,651360,4096
1625724989,98255517,651368,4096
1625724989,98255517,651376,4096
1625724989,98255517,651384,4096
1625724989,98255517,651392,4096
1625724989,98255517,651400,4096
1625724989,98969395,694608,4096
1625724989,98969395,694616,4096
1625724989,98969395,694624,4096
1625724989,98969395,694632,4096
1625724989,98969395,694640,4096
1625724989,98969395,694648,4096
1625724989,98969395,694656,4096
1625724989,98970468,694664,4096
1625724989,99712257,657104,4096
1625724989,99712257,657112,4096
1625724989,99712257,657120,4096
1625724989,99712257,657128,4096
1625724989,99712257,657136,4096
1625724989,99712257,657144,4096
1625724989,99712257,657152,4096
1625724989,99713330,657160,4096
1625724990,1069919800,47414506,4096
1625724990,1069919800,47414514,4096
1625724990,1070651927,47415282,4096
1625724990,1070651927,47415290,4096
1625724990,1070651927,47415298,4096
1625724990,1070651927,47415306,4096
1625724990,1071229470,47414778,4096
1625724990,1071229470,47414786,4096
1625724990,1071229470,47414794,4096
1625724990,1071229470,47414802,4096
1625724990,1071713619,47415498,4096
1625724990,1071713619,47415506,4096
1625724990,1071713619,47415514,4096
1625724990,1072210649,47414994,4096
1625724990,1072211723,47415002,4096
1625724990,1072211723,47415010,4096
1625724990,1072211723,47415018,4096
1625724990,1072774237,47414458,4096
1625724990,1072774237,47414466,4096
1625724990,1073200416,47414258,4096
1625724990,108439525,6859936,4096
1625724990,165560460,48937192,4096
1625724990,166077887,10783384,3584
1625724990,251788274,6859952,4096
1625724990,290623210,44485912,4096
1625724990,290623210,44485920,4096
1625724990,290623210,44485928,4096
1625724990,290624284,44485936,4096
1625724990,291068713,44485944,1536
1625724990,29488968,62606760,4096
1625724990,29490041,62606768,4096
1625724990,29490041,62606776,4096
1625724990,29490041,62606784,4096
1625724990,29939838,62606792,4096
1625724990,29939838,62606800,4096
1625724990,29939838,62606808,4096
1625724990,29939838,62606816,512
1625724990,403445913,1321944,4096
1625724990,403445913,1321952,4096
1625724990,403445913,1321960,1536
1625724990,486395258,47415114,4096
1625724990,486932008,47414610,4096
1625724990,507942550,2236344,4096
1625724990,507942550,2236352,4096
1625724990,508407376,2236392,4096
1625724990,535797728,1978464,4096
1625724990,535797728,1978472,4096
1625724990,535797728,1978480,4096
1625724990,535797728,1978488,4096
1625724990,536434314,1978496,4096
1625724990,536435387,1978504,4096
1625724990,536435387,1978512,4096
1625724990,536435387,1978520,4096
1625724990,536435387,1978528,4096
1625724990,536435387,1978536,4096
1625724990,536435387,1978544,4096
1625724990,536436461,1978552,4096
1625724990,536436461,1978560,4096
1625724990,536436461,1978568,3072
1625724990,591001392,47443126,4096
1625724990,591002466,47443134,4096
1625724990,591499496,47442718,4096
1625724990,591500570,47442726,4096
1625724990,618727750,6859960,4096
1625724990,711136777,6346256,4096
1625724990,711802347,48937200,4096
1625724990,712446447,28432960,4096
1625724990,712446447,28432968,4096
1625724990,712447521,28432976,4096
1625724990,712447521,28432984,4096
1625724990,713163545,28432992,4096
1625724990,713164619,28433000,4096
1625724990,713164619,28433008,4096
1625724990,713164619,28433016,4096
1625724990,713164619,28433024,4096
1625724990,713164619,28433032,4096
1625724990,713164619,28433040,4096
1625724990,713165692,28433048,4096
1625724990,713165692,28433056,4096
1625724990,713165692,28433064,4096
1625724990,713165692,28433072,4096
1625724990,713165692,28433080,4096
1625724990,713165692,28433088,4096
1625724990,713165692,28433096,4096
1625724990,713266601,28433104,4096
1625724990,713266601,28433112,4096
1625724990,713267675,28433120,4096
1625724990,713267675,28433128,4096
1625724990,713267675,28433136,4096
1625724990,713267675,28433144,4096
1625724990,713267675,28433152,4096
1625724990,713267675,28433160,4096
1625724990,713267675,28433168,4096
1625724990,713267675,28433176,4096
1625724990,713267675,28433184,4096
1625724990,713268748,28433192,4096
1625724990,713268748,28433200,4096
1625724990,713268748,28433208,4096
1625724990,714419540,28433216,4096
1625724990,714419540,28433224,4096
1625724990,714419540,28433232,4096
1625724990,714419540,28433240,4096
1625724990,714420614,28433248,4096
1625724990,714420614,28433256,4096
1625724990,714420614,28433264,4096
1625724990,714420614,28433272,4096
1625724990,714420614,28433280,4096
1625724990,714420614,28433288,4096
1625724990,714420614,28433296,4096
1625724990,714420614,28433304,4096
1625724990,714420614,28433312,4096
1625724990,714421687,28433320,4096
1625724990,714421687,28433328,4096
1625724990,714421687,28433336,4096
1625724990,715422189,28433344,4096
1625724990,715422189,28433352,4096
1625724990,715422189,28433360,4096
1625724990,715423263,28433368,4096
1625724990,715423263,28433376,4096
1625724990,715423263,28433384,4096
1625724990,715423263,28433392,4096
1625724990,715423263,28433400,4096
1625724990,715423263,28433408,4096
1625724990,715423263,28433416,4096
1625724990,715423263,28433424,4096
1625724990,715423263,28433432,4096
1625724990,715424336,28433440,4096
1625724990,715424336,28433448,2560
1625724990,715527392,28433453,4096
1625724990,715527392,28433461,4096
1625724990,715527392,28433469,4096
1625724990,715527392,28433477,4096
1625724990,715527392,28433485,4096
1625724990,715527392,28433493,4096
1625724990,715527392,28433501,4096
1625724990,715527392,28433509,4096
1625724990,715527392,28433517,4096
1625724990,715528466,28433525,4096
1625724990,715528466,28433533,4096
1625724990,715528466,28433541,4096
1625724990,715528466,28433549,4096
1625724990,715528466,28433557,2048
1625724991,1003634109,12983200,4096
1625724991,1003634109,12983208,4096
1625724991,1003634109,12983216,4096
1625724991,1003635183,12983224,4096
1625724991,1003635183,12983232,4096
1625724991,1003635183,12983240,4096
1625724991,1003635183,12983248,4096
1625724991,1003635183,12983256,4096
1625724991,1003635183,12983264,4096
1625724991,1003635183,12983272,4096
1625724991,1003635183,12983280,4096
1625724991,1003635183,12983288,4096
1625724991,1003636256,12983296,4096
1625724991,1003636256,12983304,4096
1625724991,1003636256,12983312,4096
1625724991,1003636256,12983320,4096
1625724991,103372319,47442502,4096
1625724991,250330175,45012288,4096
1625724991,250330175,45012296,4096
1625724991,250330175,45012304,4096
1625724991,250331248,45012312,4096
1625724991,250331248,45012320,4096
1625724991,250331248,45012328,4096
1625724991,250331248,45012336,4096
1625724991,250331248,45012344,4096
1625724991,250331248,45012352,4096
1625724991,250331248,45012360,4096
1625724991,250331248,45012368,4096
1625724991,250331248,45012376,4096
1625724991,250332322,45012384,4096
1625724991,250332322,45012392,4096
1625724991,250332322,45012400,4096
1625724991,250332322,45012408,4096
1625724991,250332322,45012416,4096
1625724991,250332322,45012424,4096
1625724991,250332322,45012432,3072
1625724991,250495494,45012438,4096
1625724991,250496567,45012446,4096
1625724991,250496567,45012454,4096
1625724991,250496567,45012462,4096
1625724991,250496567,45012470,4096
1625724991,250496567,45012478,4096
1625724991,250496567,45012486,4096
1625724991,250496567,45012494,4096
1625724991,250496567,45012502,4096
1625724991,250496567,45012510,4096
1625724991,250497641,45012518,4096
1625724991,250497641,45012526,4096
1625724991,250497641,45012534,4096
1625724991,250497641,45012542,4096
1625724991,250497641,45012550,4096
1625724991,250497641,45012558,4096
1625724991,250497641,45012566,4096
1625724991,250497641,45012574,4096
1625724991,250497641,45012582,3072
1625724991,250636122,45012588,4096
1625724991,250636122,45012596,4096
1625724991,250637196,45012604,4096
1625724991,250637196,45012612,4096
1625724991,250637196,45012620,4096
1625724991,250637196,45012628,4096
1625724991,250637196,45012636,4096
1625724991,250637196,45012644,4096
1625724991,250637196,45012652,4096
1625724991,250637196,45012660,4096
1625724991,250637196,45012668,4096
1625724991,250638269,45012676,4096
1625724991,250638269,45012684,4096
1625724991,250638269,45012692,4096
1625724991,250638269,45012700,4096
1625724991,250638269,45012708,4096
1625724991,250638269,45012716,4096
1625724991,250638269,45012724,4096
1625724991,250638269,45012732,2048
1625724991,250737031,7521056,4096
1625724991,250737031,7521064,4096
1625724991,250737031,7521072,4096
1625724991,250737031,7521080,4096
1625724991,250737031,7521088,4096
1625724991,250737031,7521096,4096
1625724991,250737031,7521104,4096
1625724991,250737031,7521112,4096
1625724991,250738105,7521120,4096
1625724991,250738105,7521128,4096
1625724991,250738105,7521136,4096
1625724991,250738105,7521144,4096
1625724991,251299545,45539968,4096
1625724991,251299545,45539976,4096
1625724991,251299545,45539984,4096
1625724991,251300619,45539992,4096
1625724991,251300619,45540000,4096
1625724991,251300619,45540008,4096
1625724991,251300619,45540016,4096
1625724991,251300619,45540024,4096
1625724991,251300619,45540032,4096
1625724991,251300619,45540040,4096
1625724991,251300619,45540048,4096
1625724991,251300619,45540056,4096
1625724991,251301692,45540064,4096
1625724991,251301692,45540072,4096
1625724991,251301692,45540080,4096
1625724991,251301692,45540088,4096
1625724991,251301692,45540096,4096
1625724991,251301692,45540104,4096
1625724991,251301692,45540112,4096
1625724991,251301692,45540120,4096
1625724991,251301692,45540128,4096
1625724991,251302766,45540136,1536
1625724991,251485261,45540139,4096
1625724991,251485261,45540147,4096
1625724991,251485261,45540155,4096
1625724991,251485261,45540163,4096
1625724991,251485261,45540171,4096
1625724991,251485261,45540179,4096
1625724991,251485261,45540187,4096
1625724991,251485261,45540195,4096
1625724991,251486334,45540203,4096
1625724991,251486334,45540211,4096
1625724991,251486334,45540219,4096
1625724991,251486334,45540227,4096
1625724991,251486334,45540235,4096
1625724991,251486334,45540243,4096
1625724991,251486334,45540251,4096
1625724991,251486334,45540259,4096
1625724991,251486334,45540267,4096
1625724991,251487408,45540275,4096
1625724991,251487408,45540283,4096
1625724991,251487408,45540291,4096
1625724991,251487408,45540299,4096
1625724991,251487408,45540307,1536
1625724991,251652727,45540310,4096
1625724991,251652727,45540318,4096
1625724991,251652727,45540326,4096
1625724991,251652727,45540334,4096
1625724991,251652727,45540342,4096
1625724991,251652727,45540350,4096
1625724991,251652727,45540358,4096
1625724991,251652727,45540366,4096
1625724991,251653800,45540374,4096
1625724991,251653800,45540382,4096
1625724991,251653800,45540390,4096
1625724991,251653800,45540398,4096
1625724991,251653800,45540406,4096
1625724991,251653800,45540414,4096
1625724991,251653800,45540422,4096
1625724991,251653800,45540430,4096
1625724991,251653800,45540438,4096
1625724991,251654874,45540446,4096
1625724991,251654874,45540454,4096
1625724991,251654874,45540462,4096
1625724991,251654874,45540470,4096
1625724991,251654874,45540478,1024
1625724991,251804090,45540480,4096
1625724991,251805164,45540488,4096
1625724991,251805164,45540496,4096
1625724991,251805164,45540504,4096
1625724991,251805164,45540512,4096
1625724991,251805164,45540520,4096
1625724991,251805164,45540528,4096
1625724991,251805164,45540536,4096
1625724991,251805164,45540544,4096
1625724991,251806237,45540552,4096
1625724991,251806237,45540560,4096
1625724991,251806237,45540568,4096
1625724991,251806237,45540576,4096
1625724991,251806237,45540584,4096
1625724991,251806237,45540592,4096
1625724991,251806237,45540600,4096
1625724991,251806237,45540608,4096
1625724991,251806237,45540616,4096
1625724991,251807311,45540624,4096
1625724991,251807311,45540632,4096
1625724991,251962968,45540640,4096
1625724991,251962968,45540648,4096
1625724991,251962968,45540656,4096
1625724991,251962968,45540664,4096
1625724991,251962968,45540672,4096
1625724991,251962968,45540680,4096
1625724991,251964042,45540688,4096
1625724991,251964042,45540696,4096
1625724991,251964042,45540704,4096
1625724991,251964042,45540712,4096
1625724991,251964042,45540720,4096
1625724991,251964042,45540728,4096
1625724991,251964042,45540736,4096
1625724991,251964042,45540744,4096
1625724991,251964042,45540752,4096
1625724991,251965115,45540760,4096
1625724991,251965115,45540768,4096
1625724991,251965115,45540776,4096
1625724991,251965115,45540784,4096
1625724991,251965115,45540792,4096
1625724991,252668258,7510464,4096
1625724991,252668258,7510472,4096
1625724991,252669331,7510480,4096
1625724991,252669331,7510488,4096
1625724991,252669331,7510496,4096
1625724991,252669331,7510504,4096
1625724991,252669331,7510512,4096
1625724991,252669331,7510520,4096
1625724991,252669331,7510528,4096
1625724991,252669331,7510536,4096
1625724991,252669331,7510544,4096
1625724991,252670405,7510552,4096
1625724991,252670405,7510560,4096
1625724991,252670405,7510568,4096
1625724991,252670405,7510576,4096
1625724991,252670405,7510584,4096
1625724991,252874370,5240192,4096
1625724991,252874370,5240200,4096
1625724991,252874370,5240208,4096
1625724991,252874370,5240216,4096
1625724991,252874370,5240224,4096
1625724991,252874370,5240232,4096
1625724991,252874370,5240240,4096
1625724991,252875443,5240248,4096
1625724991,252875443,5240256,4096
1625724991,252875443,5240264,4096
1625724991,252875443,5240272,4096
1625724991,252875443,5240280,4096
1625724991,252875443,5240288,4096
1625724991,252875443,5240296,4096
1625724991,252875443,5240304,4096
1625724991,252876517,5240312,4096
1625724991,252876517,5240320,4096
1625724991,252876517,5240328,4096
1625724991,252876517,5240336,4096
1625724991,252876517,5240344,4096
1625724991,252876517,5240352,4096
1625724991,252876517,5240360,1536
1625724991,253037542,5240363,4096
1625724991,253037542,5240371,4096
1625724991,253037542,5240379,4096
1625724991,253037542,5240387,4096
1625724991,253037542,5240395,4096
1625724991,253037542,5240403,4096
1625724991,253037542,5240411,4096
1625724991,253038615,5240419,4096
1625724991,253038615,5240427,4096
1625724991,253038615,5240435,4096
1625724991,253038615,5240443,4096
1625724991,253038615,5240451,4096
1625724991,253038615,5240459,4096
1625724991,253038615,5240467,4096
1625724991,253038615,5240475,4096
1625724991,253039689,5240483,4096
1625724991,253039689,5240491,4096
1625724991,253039689,5240499,4096
1625724991,253039689,5240507,4096
1625724991,253039689,5240515,4096
1625724991,253039689,5240523,4096
1625724991,253039689,5240531,1536
1625724991,253205008,5240534,4096
1625724991,253205008,5240542,4096
1625724991,253205008,5240550,4096
1625724991,253205008,5240558,4096
1625724991,253205008,5240566,4096
1625724991,253205008,5240574,4096
1625724991,253205008,5240582,4096
1625724991,253205008,5240590,4096
1625724991,253206081,5240598,4096
1625724991,253206081,5240606,4096
1625724991,253206081,5240614,4096
1625724991,253206081,5240622,4096
1625724991,253206081,5240630,4096
1625724991,253206081,5240638,4096
1625724991,253206081,5240646,4096
1625724991,253206081,5240654,4096
1625724991,253206081,5240662,4096
1625724991,253207155,5240670,4096
1625724991,253207155,5240678,4096
1625724991,253207155,5240686,4096
1625724991,253207155,5240694,4096
1625724991,253207155,5240702,1024
1625724991,253332754,5240704,4096
1625724991,253332754,5240712,4096
1625724991,253333828,5240720,4096
1625724991,253333828,5240728,4096
1625724991,253333828,5240736,4096
1625724991,253333828,5240744,4096
1625724991,253333828,5240752,4096
1625724991,253333828,5240760,4096
1625724991,253333828,5240768,4096
1625724991,253333828,5240776,4096
1625724991,253333828,5240784,4096
1625724991,253334901,5240792,4096
1625724991,253334901,5240800,4096
1625724991,253334901,5240808,4096
1625724991,253334901,5240816,4096
1625724991,253334901,5240824,4096
1625724991,292546636,3668960,4096
1625724991,292547709,3668968,4096
1625724991,292547709,3668976,4096
1625724991,292547709,3668984,2048
1625724991,352593932,6859968,4096
1625724991,353270237,2381054,4096
1625724991,353270237,2381062,4096
1625724991,353270237,2381070,4096
1625724991,353270237,2381078,4096
1625724991,375524965,65525928,4096
1625724991,375526039,65525936,4096
1625724991,375526039,65525944,4096
1625724991,375526039,65525952,4096
1625724991,376037025,65525960,4096
1625724991,376038098,65525968,4096
1625724991,376038098,65525976,4096
1625724991,376038098,65525984,4096
1625724991,376038098,65525992,4096
1625724991,376038098,65526000,1536
1625724991,382425423,2370650,4096
1625724991,382425423,2370658,4096
1625724991,382425423,2370666,4096
1625724991,382425423,2370674,4096
1625724991,383403382,2371442,4096
1625724991,383404455,2371450,4096
1625724991,383404455,2371458,4096
1625724991,383404455,2371466,4096
1625724991,383404455,2371474,4096
1625724991,383404455,2371482,4096
1625724991,383404455,2371490,4096
1625724991,383404455,2371498,4096
1625724991,384583158,6859976,4096
1625724991,450959810,12982944,4096
1625724991,450959810,12982952,4096
1625724991,450959810,12982960,4096
1625724991,450959810,12982968,4096
1625724991,450959810,12982976,4096
1625724991,450960884,12982984,4096
1625724991,450960884,12982992,4096
1625724991,450960884,12983000,4096
1625724991,450960884,12983008,4096
1625724991,450960884,12983016,4096
1625724991,450960884,12983024,4096
1625724991,450960884,12983032,4096
1625724991,450960884,12983040,4096
1625724991,450960884,12983048,4096
1625724991,450961957,12983056,4096
1625724991,450961957,12983064,4096
1625724991,517997738,12983072,4096
1625724991,517998812,12983080,4096
1625724991,517998812,12983088,4096
1625724991,517998812,12983096,4096
1625724991,517998812,12983104,4096
1625724991,517998812,12983112,4096
1625724991,517998812,12983120,4096
1625724991,517998812,12983128,4096
1625724991,517998812,12983136,4096
1625724991,517999885,12983144,4096
1625724991,517999885,12983152,4096
1625724991,517999885,12983160,4096
1625724991,517999885,12983168,4096
1625724991,517999885,12983176,4096
1625724991,517999885,12983184,4096
1625724991,517999885,12983192,4096
1625724991,537716860,1322072,4096
1625724991,537717933,1322080,4096
1625724991,537717933,1322088,4096
1625724991,645277266,6859984,4096
1625724991,670490560,48937208,4096
1625724991,671257039,63082912,4096
1625724991,671257039,63082920,4096
1625724991,671257039,63082928,4096
1625724991,671257039,63082936,4096
1625724991,672093296,63082944,4096
1625724991,672093296,63082952,4096
1625724991,672093296,63082960,4096
1625724991,672093296,63082968,4096
1625724991,672093296,63082976,4096
1625724991,672093296,63082984,4096
1625724991,672093296,63082992,4096
1625724991,672094369,63083000,4096
1625724991,672094369,63083008,4096
1625724991,672094369,63083016,4096
1625724991,672094369,63083024,4096
1625724991,672094369,63083032,4096
1625724991,672094369,63083040,4096
1625724991,672094369,63083048,4096
1625724991,672188837,63083056,4096
1625724991,672188837,63083064,4096
1625724991,672188837,63083072,4096
1625724991,672188837,63083080,4096
1625724991,672189911,63083088,4096
1625724991,672189911,63083096,4096
1625724991,672189911,63083104,4096
1625724991,672189911,63083112,4096
1625724991,672189911,63083120,4096
1625724991,672189911,63083128,4096
1625724991,672189911,63083136,4096
1625724991,672189911,63083144,4096
1625724991,672189911,63083152,4096
1625724991,672190984,63083160,4096
1625724991,672905935,63083168,4096
1625724991,672905935,63083176,4096
1625724991,672905935,63083184,4096
1625724991,672905935,63083192,4096
1625724991,672907009,63083200,4096
1625724991,672907009,63083208,4096
1625724991,672907009,63083216,4096
1625724991,672907009,63083224,4096
1625724991,672907009,63083232,4096
1625724991,672907009,63083240,4096
1625724991,672907009,63083248,4096
1625724991,672907009,63083256,4096
1625724991,672907009,63083264,4096
1625724991,672908082,63083272,4096
1625724991,672908082,63083280,4096
1625724991,672908082,63083288,4096
1625724991,673774397,63083296,4096
1625724991,673774397,63083304,4096
1625724991,673774397,63083312,4096
1625724991,673774397,63083320,4096
1625724991,673775470,63083328,4096
1625724991,673775470,63083336,4096
1625724991,673775470,63083344,4096
1625724991,673775470,63083352,4096
1625724991,673775470,63083360,4096
1625724991,673775470,63083368,4096
1625724991,673775470,63083376,4096
1625724991,673775470,63083384,4096
1625724991,673775470,63083392,4096
1625724991,673776544,63083400,4096
1625724991,673776544,63083408,4096
1625724991,673776544,63083416,4096
1625724991,673898923,63083424,4096
1625724991,673899996,63083432,4096
1625724991,673899996,63083440,4096
1625724991,673899996,63083448,4096
1625724991,673899996,63083456,4096
1625724991,673899996,63083464,4096
1625724991,673899996,63083472,4096
1625724991,673899996,63083480,4096
1625724991,673899996,63083488,4096
1625724991,673899996,63083496,4096
1625724991,673901070,63083504,4096
1625724991,673901070,63083512,4096
1625724991,673901070,63083520,4096
1625724991,673901070,63083528,4096
1625724991,673901070,63083536,4096
1625724991,673901070,63083544,4096
1625724991,678503164,63083552,4096
1625724991,678504238,63083560,4096
1625724991,678504238,63083568,4096
1625724991,678504238,63083576,4096
1625724991,678504238,63083584,4096
1625724991,678504238,63083592,4096
1625724991,678504238,63083600,4096
1625724991,678505311,63083608,4096
1625724991,678505311,63083616,4096
1625724991,678505311,63083624,4096
1625724991,678505311,63083632,4096
1625724991,678505311,63083640,4096
1625724991,678505311,63083648,4096
1625724991,678505311,63083656,4096
1625724991,678505311,63083664,4096
1625724991,678505311,63083672,4096
1625724991,678621249,63083680,4096
1625724991,678621249,63083688,4096
1625724991,678621249,63083696,4096
1625724991,678621249,63083704,4096
1625724991,678621249,63083712,4096
1625724991,678621249,63083720,4096
1625724991,678621249,63083728,4096
1625724991,678621249,63083736,4096
1625724991,678621249,63083744,4096
1625724991,678622323,63083752,4096
1625724991,678622323,63083760,4096
1625724991,678622323,63083768,4096
1625724991,678622323,63083776,4096
1625724991,678622323,63083784,4096
1625724991,678622323,63083792,4096
1625724991,678622323,63083800,4096
1625724991,682762812,63083808,4096
1625724991,682762812,63083816,4096
1625724991,682762812,63083824,4096
1625724991,682762812,63083832,4096
1625724991,682762812,63083840,4096
1625724991,682762812,63083848,4096
1625724991,682762812,63083856,4096
1625724991,682763886,63083864,4096
1625724991,682763886,63083872,4096
1625724991,682763886,63083880,4096
1625724991,682763886,63083888,4096
1625724991,682763886,63083896,4096
1625724991,682763886,63083904,4096
1625724991,682763886,63083912,4096
1625724991,682763886,63083920,4096
1625724991,682763886,63083928,4096
1625724991,682876603,63083936,4096
1625724991,682876603,63083944,4096
1625724991,682876603,63083952,4096
1625724991,682877677,63083960,4096
1625724991,682877677,63083968,4096
1625724991,682877677,63083976,4096
1625724991,682877677,63083984,4096
1625724991,682877677,63083992,4096
1625724991,682877677,63084000,4096
1625724991,682877677,63084008,4096
1625724991,682877677,63084016,4096
1625724991,682877677,63084024,4096
1625724991,682878750,63084032,4096
1625724991,682878750,63084040,4096
1625724991,682878750,63084048,4096
1625724991,682878750,63084056,4096
1625724991,687111561,63084064,4096
1625724991,687111561,63084072,4096
1625724991,687111561,63084080,4096
1625724991,687111561,63084088,4096
1625724991,687111561,63084096,4096
1625724991,687111561,63084104,4096
1625724991,687111561,63084112,4096
1625724991,687112634,63084120,4096
1625724991,687112634,63084128,4096
1625724991,687112634,63084136,4096
1625724991,687112634,63084144,4096
1625724991,687112634,63084152,4096
1625724991,687112634,63084160,4096
1625724991,687112634,63084168,4096
1625724991,687112634,63084176,4096
1625724991,687112634,63084184,4096
1625724991,687228572,63084192,4096
1625724991,687228572,63084200,4096
1625724991,687228572,63084208,4096
1625724991,687228572,63084216,4096
1625724991,687228572,63084224,4096
1625724991,687229646,63084232,4096
1625724991,687229646,63084240,4096
1625724991,687229646,63084248,4096
1625724991,687229646,63084256,4096
1625724991,687229646,63084264,4096
1625724991,687229646,63084272,4096
1625724991,687229646,63084280,4096
1625724991,687229646,63084288,4096
1625724991,687230719,63084296,4096
1625724991,687230719,63084304,4096
1625724991,687230719,63084312,4096
1625724991,691217698,63084320,4096
1625724991,691217698,63084328,4096
1625724991,691217698,63084336,4096
1625724991,691218772,63084344,4096
1625724991,691218772,63084352,4096
1625724991,691218772,63084360,4096
1625724991,691218772,63084368,4096
1625724991,691218772,63084376,4096
1625724991,691218772,63084384,4096
1625724991,691218772,63084392,4096
1625724991,691218772,63084400,4096
1625724991,691218772,63084408,4096
1625724991,691219845,63084416,4096
1625724991,691219845,63084424,4096
1625724991,691219845,63084432,4096
1625724991,691219845,63084440,4096
1625724991,691332563,63084448,4096
1625724991,691332563,63084456,4096
1625724991,691332563,63084464,4096
1625724991,691332563,63084472,4096
1625724991,691332563,63084480,4096
1625724991,691332563,63084488,4096
1625724991,691332563,63084496,4096
1625724991,691332563,63084504,4096
1625724991,691333636,63084512,4096
1625724991,691333636,63084520,4096
1625724991,691333636,63084528,4096
1625724991,691333636,63084536,4096
1625724991,691333636,63084544,4096
1625724991,691333636,63084552,4096
1625724991,691333636,63084560,4096
1625724991,691333636,63084568,4096
1625724991,695409716,63084576,4096
1625724991,695409716,63084584,4096
1625724991,695409716,63084592,4096
1625724991,695409716,63084600,4096
1625724991,695409716,63084608,4096
1625724991,695409716,63084616,4096
1625724991,695410789,63084624,4096
1625724991,695410789,63084632,4096
1625724991,695410789,63084640,4096
1625724991,695410789,63084648,4096
1625724991,695410789,63084656,4096
1625724991,695410789,63084664,4096
1625724991,695410789,63084672,4096
1625724991,695410789,63084680,4096
1625724991,695410789,63084688,4096
1625724991,695411863,63084696,4096
1625724991,695526727,63084704,4096
1625724991,695526727,63084712,4096
1625724991,695526727,63084720,4096
1625724991,695526727,63084728,4096
1625724991,695526727,63084736,4096
1625724991,695526727,63084744,4096
1625724991,695526727,63084752,4096
1625724991,695527801,63084760,4096
1625724991,695527801,63084768,4096
1625724991,695527801,63084776,4096
1625724991,695527801,63084784,4096
1625724991,695527801,63084792,4096
1625724991,695527801,63084800,4096
1625724991,695527801,63084808,4096
1625724991,695527801,63084816,4096
1625724991,695527801,63084824,4096
1625724991,699447149,63084832,4096
1625724991,699447149,63084840,4096
1625724991,699447149,63084848,4096
1625724991,699447149,63084856,4096
1625724991,699447149,63084864,4096
1625724991,699447149,63084872,4096
1625724991,699447149,63084880,4096
1625724991,699448223,63084888,4096
1625724991,699448223,63084896,4096
1625724991,699448223,63084904,4096
1625724991,699448223,63084912,4096
1625724991,699448223,63084920,4096
1625724991,699448223,63084928,4096
1625724991,699448223,63084936,4096
1625724991,699448223,63084944,4096
1625724991,699448223,63084952,4096
1625724991,699560940,63084960,4096
1625724991,699560940,63084968,4096
1625724991,699560940,63084976,4096
1625724991,699560940,63084984,4096
1625724991,699562014,63084992,4096
1625724991,699562014,63085000,4096
1625724991,699562014,63085008,4096
1625724991,699562014,63085016,4096
1625724991,699562014,63085024,4096
1625724991,699562014,63085032,4096
1625724991,699562014,63085040,4096
1625724991,699562014,63085048,4096
1625724991,699563087,63085056,4096
1625724991,699563087,63085064,4096
1625724991,699563087,63085072,4096
1625724991,699563087,63085080,4096
1625724991,703637020,63085216,4096
1625724991,703638093,63085224,4096
1625724991,703638093,63085232,4096
1625724991,703638093,63085240,4096
1625724991,703638093,63085248,4096
1625724991,703638093,63085256,4096
1625724991,703639167,63085264,4096
1625724991,703639167,63085272,4096
1625724991,703639167,63085280,4096
1625724991,703639167,63085288,4096
1625724991,703639167,63085296,4096
1625724991,703639167,63085304,4096
1625724991,703639167,63085312,4096
1625724991,703639167,63085320,4096
1625724991,703639167,63085328,4096
1625724991,703639167,63085336,4096
1625724991,703755105,63085088,4096
1625724991,703755105,63085096,4096
1625724991,703755105,63085104,4096
1625724991,703756178,63085112,4096
1625724991,703756178,63085120,4096
1625724991,703756178,63085128,4096
1625724991,703756178,63085136,4096
1625724991,703756178,63085144,4096
1625724991,703756178,63085152,4096
1625724991,703756178,63085160,4096
1625724991,703756178,63085168,4096
1625724991,703756178,63085176,4096
1625724991,703757252,63085184,4096
1625724991,703757252,63085192,4096
1625724991,703757252,63085200,4096
1625724991,703757252,63085208,4096
1625724991,708268099,63085344,4096
1625724991,708268099,63085352,4096
1625724991,708268099,63085360,4096
1625724991,708268099,63085368,4096
1625724991,708269172,63085376,4096
1625724991,708269172,63085384,4096
1625724991,708269172,63085392,4096
1625724991,708269172,63085400,4096
1625724991,708269172,63085408,4096
1625724991,708269172,63085416,4096
1625724991,708269172,63085424,4096
1625724991,708269172,63085432,4096
1625724991,708269172,63085440,4096
1625724991,708270246,63085448,4096
1625724991,708270246,63085456,4096
1625724991,708270246,63085464,4096
1625724991,708375449,63085472,4096
1625724991,708375449,63085480,4096
1625724991,708375449,63085488,4096
1625724991,708375449,63085496,4096
1625724991,708375449,63085504,4096
1625724991,708376522,63085512,4096
1625724991,708376522,63085520,4096
1625724991,708376522,63085528,4096
1625724991,708376522,63085536,4096
1625724991,708376522,63085544,4096
1625724991,708376522,63085552,4096
1625724991,708376522,63085560,4096
1625724991,708376522,63085568,4096
1625724991,708376522,63085576,4096
1625724991,708377596,63085584,4096
1625724991,708377596,63085592,4096
1625724991,712409662,63085600,4096
1625724991,712409662,63085608,4096
1625724991,712409662,63085616,4096
1625724991,712410735,63085624,4096
1625724991,712410735,63085632,4096
1625724991,712410735,63085640,4096
1625724991,712410735,63085648,4096
1625724991,712410735,63085656,4096
1625724991,712410735,63085664,4096
1625724991,712410735,63085672,4096
1625724991,712410735,63085680,4096
1625724991,712410735,63085688,4096
1625724991,712411809,63085696,4096
1625724991,712411809,63085704,4096
1625724991,712411809,63085712,4096
1625724991,712411809,63085720,4096
1625724991,712526673,63085728,4096
1625724991,712526673,63085736,4096
1625724991,712527747,63085744,4096
1625724991,712527747,63085752,4096
1625724991,712527747,63085760,4096
1625724991,712527747,63085768,4096
1625724991,712527747,63085776,4096
1625724991,712527747,63085784,4096
1625724991,712527747,63085792,4096
1625724991,712527747,63085800,4096
1625724991,712527747,63085808,4096
1625724991,712527747,63085816,4096
1625724991,712528820,63085824,4096
1625724991,712528820,63085832,4096
1625724991,712528820,63085840,4096
1625724991,712528820,63085848,4096
1625724991,716373024,63085856,4096
1625724991,716373024,63085864,4096
1625724991,716374097,63085872,4096
1625724991,716374097,63085880,4096
1625724991,716374097,63085888,4096
1625724991,716374097,63085896,4096
1625724991,716374097,63085904,4096
1625724991,716374097,63085912,4096
1625724991,716374097,63085920,4096
1625724991,716374097,63085928,4096
1625724991,716374097,63085936,4096
1625724991,716375171,63085944,4096
1625724991,716375171,63085952,4096
1625724991,716375171,63085960,4096
1625724991,716375171,63085968,4096
1625724991,716375171,63085976,4096
1625724991,716485741,63085984,4096
1625724991,716485741,63085992,4096
1625724991,716485741,63086000,4096
1625724991,716486815,63086008,4096
1625724991,716486815,63086016,4096
1625724991,716486815,63086024,4096
1625724991,716486815,63086032,4096
1625724991,716486815,63086040,4096
1625724991,716486815,63086048,4096
1625724991,716486815,63086056,4096
1625724991,716486815,63086064,4096
1625724991,716486815,63086072,4096
1625724991,716487888,63086080,4096
1625724991,716487888,63086088,4096
1625724991,716487888,63086096,4096
1625724991,716487888,63086104,4096
1625724991,720446956,63086112,4096
1625724991,720446956,63086120,4096
1625724991,720446956,63086128,4096
1625724991,720446956,63086136,4096
1625724991,720448030,63086144,4096
1625724991,720448030,63086152,4096
1625724991,720448030,63086160,4096
1625724991,720448030,63086168,4096
1625724991,720448030,63086176,4096
1625724991,720448030,63086184,4096
1625724991,720448030,63086192,4096
1625724991,720448030,63086200,4096
1625724991,720448030,63086208,4096
1625724991,720449103,63086216,4096
1625724991,720449103,63086224,4096
1625724991,720449103,63086232,4096
1625724991,720552159,63086240,4096
1625724991,720552159,63086248,4096
1625724991,720552159,63086256,4096
1625724991,720552159,63086264,4096
1625724991,720552159,63086272,4096
1625724991,720552159,63086280,4096
1625724991,720553233,63086288,4096
1625724991,720553233,63086296,4096
1625724991,720553233,63086304,4096
1625724991,720553233,63086312,4096
1625724991,720553233,63086320,4096
1625724991,720553233,63086328,4096
1625724991,720553233,63086336,4096
1625724991,720553233,63086344,4096
1625724991,720553233,63086352,4096
1625724991,720553233,63086360,4096
1625724991,724470434,63086368,4096
1625724991,724470434,63086376,4096
1625724991,724470434,63086384,4096
1625724991,724470434,63086392,4096
1625724991,724470434,63086400,4096
1625724991,724470434,63086408,4096
1625724991,724471508,63086416,4096
1625724991,724471508,63086424,4096
1625724991,724471508,63086432,4096
1625724991,724471508,63086440,4096
1625724991,724471508,63086448,4096
1625724991,724471508,63086456,4096
1625724991,724471508,63086464,4096
1625724991,724471508,63086472,4096
1625724991,724471508,63086480,4096
1625724991,724472581,63086488,4096
1625724991,724574564,63086496,4096
1625724991,724574564,63086504,4096
1625724991,724574564,63086512,4096
1625724991,724574564,63086520,4096
1625724991,724575637,63086528,4096
1625724991,724575637,63086536,4096
1625724991,724575637,63086544,4096
1625724991,724575637,63086552,4096
1625724991,724575637,63086560,4096
1625724991,724575637,63086568,4096
1625724991,724575637,63086576,4096
1625724991,724575637,63086584,4096
1625724991,724575637,63086592,4096
1625724991,724575637,63086600,4096
1625724991,724576711,63086608,4096
1625724991,724576711,63086616,4096
1625724991,728668893,63086624,4096
1625724991,728668893,63086632,4096
1625724991,728668893,63086640,4096
1625724991,728668893,63086648,4096
1625724991,728668893,63086656,4096
1625724991,728668893,63086664,4096
1625724991,728668893,63086672,4096
1625724991,728668893,63086680,4096
1625724991,728669966,63086688,4096
1625724991,728669966,63086696,4096
1625724991,728669966,63086704,4096
1625724991,728669966,63086712,4096
1625724991,728669966,63086720,4096
1625724991,728669966,63086728,4096
1625724991,728669966,63086736,4096
1625724991,728669966,63086744,4096
1625724991,728782684,63086752,4096
1625724991,728782684,63086760,4096
1625724991,728782684,63086768,4096
1625724991,728782684,63086776,4096
1625724991,728782684,63086784,4096
1625724991,728782684,63086792,4096
1625724991,728782684,63086800,4096
1625724991,728783757,63086808,4096
1625724991,728783757,63086816,4096
1625724991,728783757,63086824,4096
1625724991,728783757,63086832,4096
1625724991,728783757,63086840,4096
1625724991,728783757,63086848,4096
1625724991,728783757,63086856,4096
1625724991,728783757,63086864,4096
1625724991,728783757,63086872,4096
1625724991,732631181,63086880,4096
1625724991,732632255,63086888,4096
1625724991,732632255,63086896,4096
1625724991,732632255,63086904,4096
1625724991,732632255,63086912,4096
1625724991,732632255,63086920,4096
1625724991,732632255,63086928,4096
1625724991,732632255,63086936,4096
1625724991,732632255,63086944,4096
1625724991,732633328,63086952,4096
1625724991,732633328,63086960,4096
1625724991,732633328,63086968,4096
1625724991,732633328,63086976,4096
1625724991,732633328,63086984,4096
1625724991,732633328,63086992,4096
1625724991,732633328,63087000,4096
1625724991,732744972,63087008,4096
1625724991,732744972,63087016,4096
1625724991,732744972,63087024,4096
1625724991,732744972,63087032,4096
1625724991,732744972,63087040,4096
1625724991,732746046,63087048,4096
1625724991,732746046,63087056,4096
1625724991,732746046,63087064,4096
1625724991,732746046,63087072,4096
1625724991,732746046,63087080,4096
1625724991,732746046,63087088,4096
1625724991,732746046,63087096,4096
1625724991,732746046,63087104,4096
1625724991,732747119,63087112,4096
1625724991,732747119,63087120,4096
1625724991,732747119,63087128,4096
1625724991,736620307,63087136,4096
1625724991,736620307,63087144,4096
1625724991,736620307,63087152,4096
1625724991,736621381,63087160,4096
1625724991,736621381,63087168,4096
1625724991,736621381,63087176,1536
1625724991,80683896,47442030,4096
1625724991,80683896,47442038,4096
1625724991,80684970,47442046,4096
1625724991,80684970,47442054,4096
1625724992,13853941,27932320,4096
1625724992,13853941,27932328,4096
1625724992,13853941,27932336,4096
1625724992,13853941,27932344,4096
1625724992,13855014,27932352,4096
1625724992,13855014,27932360,4096
1625724992,13855014,27932368,4096
1625724992,13855014,27932376,4096
1625724992,8426325,44605368,4096
1625724992,8426325,44605376,4096
1625724992,8426325,44605384,4096
1625724992,8426325,44605392,4096
1625724992,8427398,44605400,4096
1625724992,8427398,44605408,4096
1625724992,8427398,44605416,4096
1625724992,8427398,44605424,4096
1625724993,251938778,45349536,4096
1625724993,251938778,45349544,4096
1625724993,251939852,45349552,4096
1625724993,251939852,45349560,4096
1625724993,266791724,28268032,4096
1625724993,266791724,28268040,4096
1625724993,266791724,28268048,4096
1625724993,266791724,28268056,4096
1625724993,266864722,7507232,4096
1625724993,266864722,7507240,4096
1625724993,266864722,7507248,4096
1625724993,266865796,7507256,4096
1625724993,266972072,45393504,4096
1625724993,266972072,45393512,4096
1625724993,266973146,45393520,4096
1625724993,266973146,45393528,4096
1625724993,266973146,45393536,4096
1625724993,266973146,45393544,4096
1625724993,266973146,45393552,4096
1625724993,266973146,45393560,4096
1625724993,267032188,28294272,4096
1625724993,267032188,28294280,4096
1625724993,267032188,28294288,4096
1625724993,267032188,28294296,4096
1625724993,269579604,28267872,4096
1625724993,269579604,28267880,4096
1625724993,269579604,28267888,4096
1625724993,269579604,28267896,4096
1625724993,270071267,28267904,4096
1625724993,270071267,28267912,4096
1625724993,270071267,28267920,4096
1625724993,270071267,28267928,4096
1625724993,270592988,45389280,4096
1625724993,270592988,45389288,4096
1625724993,270592988,45389296,4096
1625724993,270592988,45389304,4096
1625724993,270592988,45389312,4096
1625724993,270592988,45389320,4096
1625724993,270592988,45389328,4096
1625724993,270594061,45389336,4096
1625724993,270746498,7507200,4096
1625724993,270746498,7507208,4096
1625724993,270746498,7507216,4096
1625724993,270746498,7507224,4096
1625724993,272129166,28263392,4096
1625724993,272129166,28263400,4096
1625724993,272129166,28263408,4096
1625724993,272129166,28263416,4096
1625724993,275246610,28259008,4096
1625724993,275246610,28259016,4096
1625724993,275246610,28259024,4096
1625724993,275247684,28259032,4096
1625724993,275840256,28260896,4096
1625724993,275840256,28260904,4096
1625724993,275840256,28260912,4096
1625724993,275840256,28260920,4096
1625724993,275968002,28266016,4096
1625724993,275968002,28266024,4096
1625724993,275968002,28266032,4096
1625724993,275968002,28266040,4096
1625724993,276213834,45496800,4096
1625724993,276213834,45496808,4096
1625724993,276213834,45496816,4096
1625724993,276213834,45496824,4096
1625724993,276214907,45496832,4096
1625724993,276214907,45496840,4096
1625724993,276214907,45496848,4096
1625724993,276214907,45496856,4096
1625724993,276879404,45496960,4096
1625724993,276879404,45496968,4096
1625724993,276880477,45496976,4096
1625724993,276880477,45496984,4096
1625724993,276880477,45496992,4096
1625724993,276880477,45497000,4096
1625724993,276880477,45497008,4096
1625724993,276880477,45497016,4096
1625724993,276880477,45497024,4096
1625724993,276880477,45497032,4096
1625724993,276880477,45497040,4096
1625724993,276881551,45497048,4096
1625724993,277032914,45652288,4096
1625724993,277032914,45652296,4096
1625724993,277032914,45652304,4096
1625724993,277032914,45652312,4096
1625724993,278237381,28039424,4096
1625724993,278237381,28039432,4096
1625724993,278237381,28039440,4096
1625724993,278238455,28039448,4096
1625724993,278605592,28251168,4096
1625724993,278605592,28251176,4096
1625724993,278605592,28251184,4096
1625724993,278605592,28251192,4096
1625724993,278605592,28251200,4096
1625724993,278605592,28251208,4096
1625724993,278605592,28251216,4096
1625724993,278606665,28251224,4096
1625724993,278927642,28265664,4096
1625724993,278927642,28265672,4096
1625724993,278927642,28265680,4096
1625724993,278927642,28265688,4096
1625724993,279704856,28310112,4096
1625724993,279704856,28310120,4096
1625724993,279704856,28310128,4096
1625724993,279704856,28310136,4096
1625724993,279811132,7542144,4096
1625724993,279811132,7542152,4096
1625724993,279811132,7542160,4096
1625724993,279811132,7542168,4096
1625724993,289323416,28031616,4096
1625724993,289323416,28031624,4096
1625724993,289323416,28031632,4096
1625724993,289324489,28031640,4096
1625724993,289960001,28034304,4096
1625724993,289960001,28034312,4096
1625724993,289960001,28034320,4096
1625724993,289960001,28034328,4096
1625724993,290122100,28263904,4096
1625724993,290122100,28263912,4096
1625724993,290122100,28263920,4096
1625724993,290122100,28263928,4096
1625724993,290157525,28268064,4096
1625724993,290157525,28268072,4096
1625724993,290157525,28268080,4096
1625724993,290157525,28268088,4096
1625724993,290871403,28301408,4096
1625724993,290871403,28301416,4096
1625724993,290871403,28301424,4096
1625724993,290871403,28301432,4096
1625724993,290956209,45391008,4096
1625724993,290956209,45391016,4096
1625724993,290956209,45391024,4096
1625724993,290956209,45391032,4096
1625724993,290956209,45391040,4096
1625724993,290956209,45391048,4096
1625724993,290956209,45391056,4096
1625724993,290957283,45391064,4096
1625724993,291141925,7523520,4096
1625724993,291141925,7523528,4096
1625724993,291141925,7523536,4096
1625724993,291141925,7523544,4096
1625724993,291141925,7523552,4096
1625724993,291142998,7523560,4096
1625724993,291142998,7523568,4096
1625724993,291142998,7523576,4096
1625724993,291380242,45652416,4096
1625724993,291380242,45652424,4096
1625724993,291380242,45652432,4096
1625724993,291380242,45652440,4096
1625724993,291381315,45652448,4096
1625724993,291381315,45652456,4096
1625724993,291381315,45652464,4096
1625724993,291381315,45652472,4096
1625724993,291381315,45652480,4096
1625724993,291381315,45652488,4096
1625724993,291381315,45652496,4096
1625724993,291381315,45652504,4096
1625724993,291381315,45652512,4096
1625724993,291382389,45652520,4096
1625724993,291382389,45652528,4096
1625724993,291382389,45652536,4096
1625724993,291382389,45652544,4096
1625724993,291382389,45652552,4096
1625724993,291382389,45652560,4096
1625724993,291382389,45652568,4096
1625724993,291382389,45652576,4096
1625724993,291382389,45652584,1536
1625724993,292476285,45652587,4096
1625724993,292476285,45652595,4096
1625724993,292476285,45652603,4096
1625724993,292476285,45652611,4096
1625724993,292476285,45652619,4096
1625724993,292477359,45652627,4096
1625724993,292477359,45652635,4096
1625724993,292477359,45652643,4096
1625724993,292477359,45652651,4096
1625724993,292477359,45652659,4096
1625724993,292477359,45652667,4096
1625724993,292477359,45652675,4096
1625724993,292477359,45652683,4096
1625724993,292477359,45652691,4096
1625724993,292478432,45652699,4096
1625724993,292478432,45652707,4096
1625724993,292478432,45652715,4096
1625724993,292478432,45652723,4096
1625724993,292478432,45652731,4096
1625724993,292478432,45652739,4096
1625724993,292478432,45652747,4096
1625724993,292478432,45652755,1536
1625724993,292648045,45652758,4096
1625724993,292648045,45652766,4096
1625724993,292648045,45652774,4096
1625724993,292648045,45652782,4096
1625724993,292648045,45652790,4096
1625724993,292649119,45652798,4096
1625724993,292649119,45652806,4096
1625724993,292649119,45652814,4096
1625724993,292649119,45652822,4096
1625724993,292649119,45652830,4096
1625724993,292649119,45652838,4096
1625724993,292649119,45652846,4096
1625724993,292649119,45652854,4096
1625724993,292650192,45652862,4096
1625724993,292650192,45652870,4096
1625724993,292650192,45652878,4096
1625724993,292650192,45652886,4096
1625724993,292650192,45652894,4096
1625724993,292650192,45652902,4096
1625724993,292650192,45652910,4096
1625724993,292650192,45652918,4096
1625724993,292650192,45652926,1024
1625724993,292734999,45652928,4096
1625724993,292734999,45652936,4096
1625724993,292734999,45652944,4096
1625724993,292734999,45652952,4096
1625724993,292734999,45652960,4096
1625724993,292734999,45652968,4096
1625724993,292734999,45652976,4096
1625724993,292736072,45652984,4096
1625724993,292736072,45652992,4096
1625724993,292736072,45653000,4096
1625724993,292736072,45653008,4096
1625724993,292736072,45653016,4096
1625724993,293198751,45519808,4096
1625724993,293198751,45519816,4096
1625724993,293198751,45519824,4096
1625724993,293198751,45519832,4096
1625724993,293198751,45519840,4096
1625724993,293198751,45519848,4096
1625724993,293198751,45519856,4096
1625724993,293199824,45519864,4096
1625724993,293199824,45519872,4096
1625724993,293199824,45519880,4096
1625724993,293199824,45519888,4096
1625724993,293199824,45519896,4096
1625724993,293355482,60045184,4096
1625724993,293355482,60045192,4096
1625724993,293355482,60045200,4096
1625724993,293355482,60045208,4096
1625724993,293355482,60045216,4096
1625724993,293356555,60045224,4096
1625724993,293356555,60045232,4096
1625724993,293356555,60045240,4096
1625724993,293356555,60045248,4096
1625724993,293356555,60045256,4096
1625724993,293356555,60045264,4096
1625724993,293356555,60045272,4096
1625724993,293356555,60045280,4096
1625724993,293356555,60045288,4096
1625724993,293357629,60045296,4096
1625724993,293357629,60045304,4096
1625724993,293357629,60045312,4096
1625724993,293357629,60045320,4096
1625724993,293357629,60045328,4096
1625724993,293357629,60045336,4096
1625724993,293357629,60045344,4096
1625724993,293357629,60045352,1536
1625724993,294569610,60045355,4096
1625724993,294569610,60045363,4096
1625724993,294569610,60045371,4096
1625724993,294569610,60045379,4096
1625724993,294569610,60045387,4096
1625724993,294569610,60045395,4096
1625724993,294569610,60045403,4096
1625724993,294570684,60045411,4096
1625724993,294570684,60045419,4096
1625724993,294570684,60045427,4096
1625724993,294570684,60045435,4096
1625724993,294570684,60045443,4096
1625724993,294570684,60045451,4096
1625724993,294570684,60045459,4096
1625724993,294570684,60045467,4096
1625724993,294570684,60045475,4096
1625724993,294571757,60045483,4096
1625724993,294571757,60045491,4096
1625724993,294571757,60045499,4096
1625724993,294571757,60045507,4096
1625724993,294571757,60045515,4096
1625724993,294571757,60045523,1536
1625724993,294744591,60045526,4096
1625724993,294744591,60045534,4096
1625724993,294744591,60045542,4096
1625724993,294744591,60045550,4096
1625724993,294745664,60045558,4096
1625724993,294745664,60045566,4096
1625724993,294745664,60045574,4096
1625724993,294745664,60045582,4096
1625724993,294745664,60045590,4096
1625724993,294745664,60045598,4096
1625724993,294745664,60045606,4096
1625724993,294745664,60045614,4096
1625724993,294745664,60045622,4096
1625724993,294746738,60045630,4096
1625724993,294746738,60045638,4096
1625724993,294746738,60045646,4096
1625724993,294746738,60045654,4096
1625724993,294746738,60045662,4096
1625724993,294746738,60045670,4096
1625724993,294746738,60045678,4096
1625724993,294746738,60045686,4096
1625724993,294746738,60045694,1024
1625724993,294892734,60045696,4096
1625724993,294892734,60045704,4096
1625724993,294892734,60045712,4096
1625724993,294892734,60045720,4096
1625724993,294892734,60045728,4096
1625724993,294893807,60045736,4096
1625724993,294893807,60045744,4096
1625724993,294893807,60045752,4096
1625724993,294893807,60045760,4096
1625724993,294893807,60045768,4096
1625724993,294893807,60045776,4096
1625724993,294893807,60045784,4096
1625724993,294893807,60045792,4096
1625724993,294893807,60045800,4096
1625724993,294894881,60045808,4096
1625724993,294894881,60045816,4096
1625724993,294894881,60045824,4096
1625724993,294894881,60045832,4096
1625724993,294894881,60045840,4096
1625724993,294894881,60045848,4096
1625724993,295053759,60045856,4096
1625724993,295053759,60045864,4096
1625724993,295053759,60045872,4096
1625724993,295053759,60045880,4096
1625724993,295053759,60045888,4096
1625724993,295054832,60045896,4096
1625724993,295054832,60045904,4096
1625724993,295054832,60045912,4096
1625724993,295054832,60045920,4096
1625724993,295054832,60045928,4096
1625724993,295054832,60045936,4096
1625724993,295054832,60045944,4096
1625724993,295054832,60045952,4096
1625724993,295054832,60045960,4096
1625724993,295055906,60045968,4096
1625724993,295055906,60045976,4096
1625724993,295055906,60045984,4096
1625724993,295055906,60045992,4096
1625724993,295055906,60046000,4096
1625724993,295055906,60046008,4096
1625724993,320876801,7541952,4096
1625724993,320876801,7541960,4096
1625724993,320876801,7541968,4096
1625724993,320876801,7541976,4096
1625724993,320876801,7541984,4096
1625724993,320877875,7541992,4096
1625724993,320877875,7542000,4096
1625724993,320877875,7542008,4096
1625724993,320992739,10193067,4096
1625724993,320992739,10193075,4096
1625724993,320993813,10193083,4096
1625724993,320993813,10193091,4096
1625724993,320993813,10193099,4096
1625724993,320993813,10193107,4096
1625724993,320993813,10193115,4096
1625724993,320993813,10193123,4096
1625724993,320993813,10193131,4096
1625724993,320993813,10193139,4096
1625724993,320993813,10193147,4096
1625724993,320994886,10193155,4096
1625724993,320994886,10193163,4096
1625724993,320994886,10193171,4096
1625724993,320994886,10193179,4096
1625724993,320994886,10193187,4096
1625724993,320994886,10193195,4096
1625724993,320994886,10193203,1536
1625724993,321143029,10192928,4096
1625724993,321143029,10192936,4096
1625724993,321143029,10192944,4096
1625724993,321143029,10192952,4096
1625724993,321144103,10192960,4096
1625724993,321144103,10192968,4096
1625724993,321144103,10192976,4096
1625724993,321144103,10192984,4096
1625724993,321144103,10192992,4096
1625724993,321144103,10193000,4096
1625724993,321144103,10193008,4096
1625724993,321144103,10193016,4096
1625724993,321144103,10193024,4096
1625724993,321145176,10193032,4096
1625724993,321145176,10193040,4096
1625724993,321145176,10193048,4096
1625724993,321145176,10193056,4096
1625724993,321145176,10193064,1536
1625724993,321269702,10193206,4096
1625724993,321269702,10193214,4096
1625724993,321269702,10193222,4096
1625724993,321269702,10193230,4096
1625724993,321270776,10193238,4096
1625724993,321270776,10193246,4096
1625724993,321270776,10193254,4096
1625724993,321270776,10193262,4096
1625724993,321270776,10193270,4096
1625724993,321270776,10193278,4096
1625724993,321270776,10193286,4096
1625724993,321270776,10193294,4096
1625724993,321270776,10193302,4096
1625724993,321271849,10193310,4096
1625724993,321271849,10193318,4096
1625724993,321271849,10193326,4096
1625724993,321271849,10193334,4096
1625724993,321271849,10193342,1024
1625724993,752837099,63217408,4096
1625724993,752837099,63217416,4096
1625724993,752837099,63217424,4096
1625724993,752838172,63217432,4096
1625724993,753622901,63217440,4096
1625724993,753622901,63217448,4096
1625724993,753622901,63217456,4096
1625724993,753622901,63217464,4096
1625724993,753623974,63217472,4096
1625724993,753623974,63217480,4096
1625724993,753623974,63217488,4096
1625724993,753623974,63217496,4096
1625724993,753623974,63217504,4096
1625724993,753623974,63217512,4096
1625724993,753623974,63217520,4096
1625724993,753623974,63217528,4096
1625724993,753623974,63217536,4096
1625724993,753625048,63217544,4096
1625724993,753714148,63217552,4096
1625724993,753714148,63217560,4096
1625724993,753714148,63217568,4096
1625724993,753715222,63217576,4096
1625724993,753715222,63217584,4096
1625724993,753715222,63217592,4096
1625724993,753715222,63217600,4096
1625724993,753715222,63217608,4096
1625724993,753715222,63217616,4096
1625724993,753715222,63217624,4096
1625724993,753715222,63217632,4096
1625724993,753715222,63217640,4096
1625724993,753716295,63217648,4096
1625724993,753716295,63217656,4096
1625724993,754262707,63217664,4096
1625724993,754262707,63217672,4096
1625724993,754262707,63217680,4096
1625724993,754263780,63217688,4096
1625724993,754263780,63217696,4096
1625724993,754263780,63217704,4096
1625724993,754263780,63217712,4096
1625724993,754263780,63217720,4096
1625724993,754263780,63217728,4096
1625724993,754263780,63217736,4096
1625724993,754263780,63217744,4096
1625724993,923626655,6859992,4096
1625724994,195308146,6860008,4096
1625724994,243152968,60679144,4096
1625724994,243152968,60679152,4096
1625724994,243154041,60679160,4096
1625724994,243154041,60679168,4096
1625724994,244204998,60679176,4096
1625724994,244206071,60679184,4096
1625724994,244206071,60679192,4096
1625724994,244206071,60679200,4096
1625724994,244206071,60679208,4096
1625724994,244206071,60679216,4096
1625724994,244206071,60679224,4096
1625724994,244206071,60679232,4096
1625724994,244206071,60679240,4096
1625724994,244207145,60679248,4096
1625724994,244207145,60679256,4096
1625724994,244207145,60679264,4096
1625724994,244207145,60679272,4096
1625724994,244207145,60679280,4096
1625724994,244300539,60679288,4096
1625724994,244300539,60679296,4096
1625724994,244300539,60679304,4096
1625724994,244300539,60679312,4096
1625724994,244300539,60679320,4096
1625724994,244301613,60679328,4096
1625724994,244301613,60679336,4096
1625724994,244301613,60679344,4096
1625724994,244301613,60679352,4096
1625724994,244301613,60679360,4096
1625724994,244301613,60679368,4096
1625724994,244301613,60679376,4096
1625724994,244301613,60679384,4096
1625724994,244301613,60679392,4096
1625724994,244953227,60679400,4096
1625724994,244953227,60679408,4096
1625724994,244953227,60679416,4096
1625724994,244954301,60679424,4096
1625724994,244954301,60679432,4096
1625724994,244954301,60679440,4096
1625724994,244954301,60679448,4096
1625724994,244954301,60679456,4096
1625724994,244954301,60679464,4096
1625724994,244954301,60679472,4096
1625724994,244955374,60679480,4096
1625724994,244955374,60679488,4096
1625724994,244955374,60679496,4096
1625724994,244955374,60679504,4096
1625724994,244955374,60679512,4096
1625724994,244955374,60679520,4096
1625724994,245958023,60679528,4096
1625724994,245959097,60679536,4096
1625724994,245959097,60679544,4096
1625724994,245959097,60679552,4096
1625724994,245959097,60679560,4096
1625724994,245959097,60679568,4096
1625724994,245959097,60679576,4096
1625724994,245959097,60679584,4096
1625724994,245959097,60679592,4096
1625724994,245960170,60679600,4096
1625724994,245960170,60679608,4096
1625724994,245960170,60679616,4096
1625724994,245960170,60679624,4096
1625724994,245960170,60679632,4096
1625724994,245960170,60679640,4096
1625724994,245960170,60679648,4096
1625724994,246086843,60679656,4096
1625724994,246086843,60679664,4096
1625724994,246086843,60679672,4096
1625724994,246086843,60679680,4096
1625724994,246087917,60679688,4096
1625724994,246087917,60679696,4096
1625724994,246087917,60679704,4096
1625724994,246087917,60679712,4096
1625724994,246087917,60679720,4096
1625724994,246087917,60679728,4096
1625724994,246087917,60679736,4096
1625724994,246087917,60679744,4096
1625724994,246087917,60679752,4096
1625724994,246088990,60679760,4096
1625724994,246088990,60679768,4096
1625724994,246088990,60679776,4096
1625724994,250512884,60679784,4096
1625724994,250512884,60679792,4096
1625724994,250512884,60679800,4096
1625724994,250512884,60679808,4096
1625724994,250512884,60679816,4096
1625724994,250512884,60679824,4096
1625724994,250512884,60679832,4096
1625724994,250513957,60679840,4096
1625724994,250513957,60679848,4096
1625724994,250513957,60679856,4096
1625724994,250513957,60679864,4096
1625724994,250513957,60679872,4096
1625724994,250513957,60679880,4096
1625724994,250513957,60679888,4096
1625724994,250513957,60679896,4096
1625724994,250513957,60679904,4096
1625724994,250637410,60679912,4096
1625724994,250637410,60679920,4096
1625724994,250637410,60679928,4096
1625724994,250637410,60679936,4096
1625724994,250637410,60679944,4096
1625724994,250638483,60679952,4096
1625724994,250638483,60679960,4096
1625724994,250638483,60679968,4096
1625724994,250638483,60679976,4096
1625724994,250638483,60679984,4096
1625724994,250638483,60679992,4096
1625724994,250638483,60680000,4096
1625724994,250638483,60680008,4096
1625724994,250638483,60680016,4096
1625724994,250638483,60680024,4096
1625724994,250639557,60680032,4096
1625724994,255132154,60680040,4096
1625724994,255132154,60680048,4096
1625724994,255132154,60680056,4096
1625724994,255132154,60680064,4096
1625724994,255132154,60680072,4096
1625724994,255132154,60680080,4096
1625724994,255133228,60680088,4096
1625724994,255133228,60680096,4096
1625724994,255133228,60680104,4096
1625724994,255133228,60680112,4096
1625724994,255133228,60680120,4096
1625724994,255133228,60680128,4096
1625724994,255133228,60680136,4096
1625724994,255133228,60680144,4096
1625724994,255133228,60680152,3072
1625724994,77424964,66092560,4096
1625724994,77426038,66092568,4096
1625724994,77426038,66092576,4096
1625724994,77426038,66092584,4096
1625724994,77969229,66092592,4096
1625724994,77970302,66092600,4096
1625724994,77970302,66092608,4096
1625724994,77970302,66092616,4096
1625724994,77970302,66092624,2560
1625724994,838072712,48937216,4096
1625724994,838810207,28102824,4096
1625724994,838810207,28102832,4096
1625724994,838811280,28102840,4096
1625724994,838811280,28102848,4096
1625724994,839618552,28102856,4096
1625724994,839618552,28102864,4096
1625724994,839618552,28102872,4096
1625724994,839618552,28102880,4096
1625724994,839618552,28102888,4096
1625724994,839618552,28102896,4096
1625724994,839619626,28102904,4096
1625724994,839619626,28102912,4096
1625724994,839619626,28102920,4096
1625724994,839619626,28102928,4096
1625724994,839619626,28102936,4096
1625724994,839619626,28102944,4096
1625724994,839619626,28102952,4096
1625724994,839619626,28102960,4096
1625724994,839709800,28102968,4096
1625724994,839710873,28102976,4096
1625724994,839710873,28102984,4096
1625724994,839710873,28102992,4096
1625724994,839710873,28103000,4096
1625724994,839710873,28103008,4096
1625724994,839710873,28103016,4096
1625724994,839710873,28103024,4096
1625724994,839710873,28103032,4096
1625724994,839710873,28103040,4096
1625724994,839711947,28103048,4096
1625724994,839711947,28103056,4096
1625724994,839711947,28103064,4096
1625724994,839711947,28103072,4096
1625724994,840216492,28103080,4096
1625724994,840216492,28103088,4096
1625724994,840216492,28103096,4096
1625724994,840217565,28103104,4096
1625724994,840217565,28103112,4096
1625724994,840217565,28103120,4096
1625724994,967292054,6860024,4096
1625724995,1024801310,61891368,4096
1625724995,1024802383,61891376,4096
1625724995,1024802383,61891384,4096
1625724995,1024802383,61891392,4096
1625724995,1025707344,61891400,4096
1625724995,1025708417,61891408,4096
1625724995,1025708417,61891416,4096
1625724995,1025708417,61891424,4096
1625724995,1025708417,61891432,4096
1625724995,1025708417,61891440,4096
1625724995,1025708417,61891448,4096
1625724995,1025709491,61891456,4096
1625724995,1025709491,61891464,4096
1625724995,1025709491,61891472,4096
1625724995,1025709491,61891480,4096
1625724995,1025709491,61891488,4096
1625724995,1025709491,61891496,4096
1625724995,1025709491,61891504,4096
1625724995,1025811473,61891512,4096
1625724995,1025811473,61891520,4096
1625724995,1025812547,61891528,4096
1625724995,1025812547,61891536,4096
1625724995,1025812547,61891544,4096
1625724995,1025812547,61891552,4096
1625724995,1025812547,61891560,4096
1625724995,1025812547,61891568,4096
1625724995,1025812547,61891576,4096
1625724995,1025813620,61891584,4096
1625724995,1025813620,61891592,4096
1625724995,1025813620,61891600,4096
1625724995,1025813620,61891608,4096
1625724995,1025813620,61891616,4096
1625724995,1026624113,61891624,4096
1625724995,1026624113,61891632,4096
1625724995,1026624113,61891640,4096
1625724995,1026625186,61891648,4096
1625724995,1026625186,61891656,4096
1625724995,1026625186,61891664,4096
1625724995,1026625186,61891672,4096
1625724995,1026625186,61891680,4096
1625724995,1026625186,61891688,4096
1625724995,1026625186,61891696,4096
1625724995,1026626260,61891704,4096
1625724995,1026626260,61891712,4096
1625724995,1026626260,61891720,4096
1625724995,1026626260,61891728,4096
1625724995,1026626260,61891736,4096
1625724995,1026626260,61891744,4096
1625724995,1027697613,61891752,4096
1625724995,1027697613,61891760,4096
1625724995,1027697613,61891768,4096
1625724995,1027698686,61891776,4096
1625724995,1027698686,61891784,4096
1625724995,1027698686,61891792,4096
1625724995,1027698686,61891800,4096
1625724995,1027698686,61891808,4096
1625724995,1027698686,61891816,4096
1625724995,1027698686,61891824,4096
1625724995,1027699760,61891832,4096
1625724995,1027699760,61891840,4096
1625724995,1027699760,61891848,4096
1625724995,1027699760,61891856,4096
1625724995,1027699760,61891864,4096
1625724995,1027699760,61891872,4096
1625724995,1027819992,61891880,4096
1625724995,1027819992,61891888,4096
1625724995,1027819992,61891896,4096
1625724995,1027819992,61891904,4096
1625724995,1027821065,61891912,4096
1625724995,1027821065,61891920,4096
1625724995,1027821065,61891928,4096
1625724995,1027821065,61891936,4096
1625724995,1027821065,61891944,4096
1625724995,1027821065,61891952,4096
1625724995,1027821065,61891960,4096
1625724995,1027822139,61891968,4096
1625724995,1027822139,61891976,4096
1625724995,1027822139,61891984,4096
1625724995,1027822139,61891992,4096
1625724995,1027822139,61892000,4096
1625724995,1033790799,61892008,4096
1625724995,1033791872,61892016,4096
1625724995,1033791872,61892024,4096
1625724995,1033791872,61892032,4096
1625724995,1033791872,61892040,4096
1625724995,1033791872,61892048,4096
1625724995,1033791872,61892056,4096
1625724995,1033792946,61892064,4096
1625724995,1033792946,61892072,4096
1625724995,1033792946,61892080,4096
1625724995,1033792946,61892088,4096
1625724995,1033792946,61892096,4096
1625724995,1033792946,61892104,4096
1625724995,1033792946,61892112,4096
1625724995,1033794019,61892120,4096
1625724995,1033794019,61892128,4096
1625724995,1033907810,61892136,4096
1625724995,1033907810,61892144,4096
1625724995,1033907810,61892152,4096
1625724995,1033908884,61892160,4096
1625724995,1033908884,61892168,4096
1625724995,1033908884,61892176,4096
1625724995,1033908884,61892184,4096
1625724995,1033908884,61892192,4096
1625724995,1033908884,61892200,4096
1625724995,1033908884,61892208,4096
1625724995,1033909957,61892216,4096
1625724995,1033909957,61892224,4096
1625724995,1033909957,61892232,4096
1625724995,1033909957,61892240,4096
1625724995,1033909957,61892248,4096
1625724995,1033909957,61892256,4096
1625724995,1039485716,61892264,4096
1625724995,1039486790,61892272,4096
1625724995,1039486790,61892280,4096
1625724995,1039486790,61892288,4096
1625724995,1039486790,61892296,4096
1625724995,1039486790,61892304,4096
1625724995,1039486790,61892312,4096
1625724995,1039486790,61892320,4096
1625724995,1039487863,61892328,4096
1625724995,1039487863,61892336,4096
1625724995,1039487863,61892344,4096
1625724995,1039487863,61892352,4096
1625724995,1039487863,61892360,4096
1625724995,1039487863,61892368,4096
1625724995,1039487863,61892376,4096
1625724995,1039488937,61892384,4096
1625724995,1039609169,61892392,4096
1625724995,1039609169,61892400,4096
1625724995,1039609169,61892408,4096
1625724995,1039609169,61892416,4096
1625724995,1039609169,61892424,4096
1625724995,1039609169,61892432,4096
1625724995,1039609169,61892440,4096
1625724995,1039610242,61892448,4096
1625724995,1039610242,61892456,4096
1625724995,1039610242,61892464,4096
1625724995,1039610242,61892472,4096
1625724995,1039610242,61892480,4096
1625724995,1039610242,61892488,4096
1625724995,1039610242,61892496,4096
1625724995,1039611316,61892504,4096
1625724995,1039611316,61892512,4096
1625724995,1045113003,61892520,4096
1625724995,1045113003,61892528,4096
1625724995,1045114077,61892536,4096
1625724995,1045114077,61892544,4096
1625724995,1045114077,61892552,4096
1625724995,1045114077,61892560,4096
1625724995,1045114077,61892568,4096
1625724995,1045114077,61892576,4096
1625724995,1045114077,61892584,4096
1625724995,1045115150,61892592,4096
1625724995,1045115150,61892600,4096
1625724995,1045115150,61892608,4096
1625724995,1045115150,61892616,4096
1625724995,1045115150,61892624,4096
1625724995,1045115150,61892632,4096
1625724995,1045115150,61892640,4096
1625724995,1045225721,61892648,4096
1625724995,1045225721,61892656,4096
1625724995,1045225721,61892664,4096
1625724995,1045225721,61892672,4096
1625724995,1045225721,61892680,4096
1625724995,1045226794,61892688,4096
1625724995,1045226794,61892696,4096
1625724995,1045226794,61892704,4096
1625724995,1045226794,61892712,4096
1625724995,1045226794,61892720,4096
1625724995,1045226794,61892728,4096
1625724995,1045226794,61892736,4096
1625724995,1045227868,61892744,4096
1625724995,1045227868,61892752,4096
1625724995,1045227868,61892760,4096
1625724995,1045227868,61892768,4096
1625724995,1049843918,61892776,4096
1625724995,1049843918,61892784,4096
1625724995,1049844991,61892792,4096
1625724995,1049844991,61892800,4096
1625724995,1049844991,61892808,4096
1625724995,1049844991,61892816,4096
1625724995,1049844991,61892824,4096
1625724995,1049844991,61892832,4096
1625724995,1049844991,61892840,4096
1625724995,1049844991,61892848,4096
1625724995,1049846065,61892856,4096
1625724995,1049846065,61892864,4096
1625724995,1049846065,61892872,4096
1625724995,1049846065,61892880,4096
1625724995,1049846065,61892888,4096
1625724995,1049846065,61892896,4096
1625724995,1049970591,61892904,4096
1625724995,1049970591,61892912,4096
1625724995,1049970591,61892920,4096
1625724995,1049970591,61892928,4096
1625724995,1049970591,61892936,4096
1625724995,1049971664,61892944,4096
1625724995,1049971664,61892952,4096
1625724995,1049971664,61892960,4096
1625724995,1049971664,61892968,4096
1625724995,1049971664,61892976,4096
1625724995,1049971664,61892984,4096
1625724995,1049971664,61892992,4096
1625724995,1049971664,61893000,4096
1625724995,1049971664,61893008,4096
1625724995,1049972738,61893016,4096
1625724995,1049972738,61893024,4096
1625724995,1053957570,61893032,4096
1625724995,1053957570,61893040,4096
1625724995,1053957570,61893048,4096
1625724995,1053957570,61893056,4096
1625724995,1053958643,61893064,4096
1625724995,1053958643,61893072,4096
1625724995,1053958643,61893080,4096
1625724995,1053958643,61893088,4096
1625724995,1053958643,61893096,4096
1625724995,1053958643,61893104,4096
1625724995,1053958643,61893112,4096
1625724995,1053958643,61893120,4096
1625724995,1053958643,61893128,4096
1625724995,1053959717,61893136,4096
1625724995,1053959717,61893144,4096
1625724995,1053959717,61893152,4096
1625724995,1054082096,61893160,4096
1625724995,1054082096,61893168,4096
1625724995,1054083169,61893176,4096
1625724995,1054083169,61893184,4096
1625724995,1054083169,61893192,4096
1625724995,1054083169,61893200,4096
1625724995,1054083169,61893208,4096
1625724995,1054083169,61893216,4096
1625724995,1054083169,61893224,4096
1625724995,1054083169,61893232,4096
1625724995,1054083169,61893240,4096
1625724995,1054084243,61893248,4096
1625724995,1054084243,61893256,4096
1625724995,1054084243,61893264,4096
1625724995,1054084243,61893272,4096
1625724995,1054084243,61893280,4096
1625724995,1058043311,61893288,4096
1625724995,1058043311,61893296,4096
1625724995,1058043311,61893304,4096
1625724995,1058043311,61893312,4096
1625724995,1058044384,61893320,4096
1625724995,1058044384,61893328,4096
1625724995,1058044384,61893336,4096
1625724995,1058044384,61893344,4096
1625724995,1058044384,61893352,4096
1625724995,1058044384,61893360,4096
1625724995,1058044384,61893368,4096
1625724995,1058044384,61893376,4096
1625724995,1058044384,61893384,4096
1625724995,1058045458,61893392,4096
1625724995,1058045458,61893400,4096
1625724995,1058045458,61893408,4096
1625724995,1058167837,61893416,4096
1625724995,1058167837,61893424,4096
1625724995,1058167837,61893432,4096
1625724995,1058167837,61893440,4096
1625724995,1058167837,61893448,4096
1625724995,1058167837,61893456,4096
1625724995,1058167837,61893464,4096
1625724995,1058168910,61893472,4096
1625724995,1058168910,61893480,4096
1625724995,1058168910,61893488,4096
1625724995,1058168910,61893496,4096
1625724995,1058168910,61893504,4096
1625724995,1058168910,61893512,4096
1625724995,1058168910,61893520,4096
1625724995,1058168910,61893528,4096
1625724995,1058168910,61893536,4096
1625724995,1062183800,61893544,4096
1625724995,1062183800,61893552,4096
1625724995,1062183800,61893560,4096
1625724995,1062183800,61893568,4096
1625724995,1062183800,61893576,4096
1625724995,1062183800,61893584,4096
1625724995,1062183800,61893592,4096
1625724995,1062184874,61893600,4096
1625724995,1062184874,61893608,4096
1625724995,1062184874,61893616,4096
1625724995,1062184874,61893624,4096
1625724995,1062184874,61893632,4096
1625724995,1062184874,61893640,4096
1625724995,1062184874,61893648,4096
1625724995,1062184874,61893656,4096
1625724995,1062184874,61893664,4096
1625724995,1062298665,61893672,4096
1625724995,1062298665,61893680,4096
1625724995,1062298665,61893688,4096
1625724995,1062298665,61893696,4096
1625724995,1062298665,61893704,4096
1625724995,1062298665,61893712,4096
1625724995,1062298665,61893720,4096
1625724995,1062298665,61893728,4096
1625724995,1062299738,61893736,4096
1625724995,1062299738,61893744,4096
1625724995,1062299738,61893752,4096
1625724995,1062299738,61893760,4096
1625724995,1062299738,61893768,4096
1625724995,1062299738,61893776,4096
1625724995,1062299738,61893784,4096
1625724995,1062299738,61893792,4096
1625724995,1067145517,61893800,4096
1625724995,1067145517,61893808,4096
1625724995,1067145517,61893816,4096
1625724995,1067145517,61893824,4096
1625724995,1067145517,61893832,4096
1625724995,1067145517,61893840,4096
1625724995,1067146591,61893848,4096
1625724995,1067146591,61893856,4096
1625724995,1067146591,61893864,4096
1625724995,1067146591,61893872,4096
1625724995,1067146591,61893880,4096
1625724995,1067146591,61893888,4096
1625724995,1067146591,61893896,4096
1625724995,1067146591,61893904,4096
1625724995,1067146591,61893912,4096
1625724995,1067147664,61893920,4096
1625724995,1067264676,61893928,4096
1625724995,1067265749,61893936,4096
1625724995,1067265749,61893944,4096
1625724995,1067265749,61893952,4096
1625724995,1067265749,61893960,4096
1625724995,1067265749,61893968,4096
1625724995,1067265749,61893976,4096
1625724995,1067265749,61893984,4096
1625724995,1067265749,61893992,4096
1625724995,1067265749,61894000,4096
1625724995,1067266823,61894008,4096
1625724995,1067266823,61894016,4096
1625724995,1067266823,61894024,4096
1625724995,1067266823,61894032,4096
1625724995,1067266823,61894040,4096
1625724995,1067266823,61894048,4096
1625724995,1071077748,61894056,4096
1625724995,1071078821,61894064,4096
1625724995,1071078821,61894072,4096
1625724995,1071078821,61894080,4096
1625724995,1071078821,61894088,4096
1625724995,1071078821,61894096,4096
1625724995,1071078821,61894104,4096
1625724995,1071078821,61894112,4096
1625724995,1071079895,61894120,4096
1625724995,1071079895,61894128,4096
1625724995,1071079895,61894136,4096
1625724995,1071079895,61894144,4096
1625724995,1071079895,61894152,4096
1625724995,1071079895,61894160,4096
1625724995,1071079895,61894168,4096
1625724995,1071079895,61894176,4096
1625724995,1071193686,61894184,4096
1625724995,1071193686,61894192,4096
1625724995,1071193686,61894200,4096
1625724995,1071193686,61894208,4096
1625724995,1071193686,61894216,4096
1625724995,1071194759,61894224,4096
1625724995,1071194759,61894232,4096
1625724995,1071194759,61894240,4096
1625724995,1071194759,61894248,4096
1625724995,1071194759,61894256,4096
1625724995,1071194759,61894264,4096
1625724995,1071194759,61894272,4096
1625724995,1071194759,61894280,4096
1625724995,1071194759,61894288,4096
1625724995,1071195833,61894296,4096
1625724995,1071195833,61894304,4096
1625724995,114301550,629520,4096
1625724995,114301550,629528,4096
1625724995,114301550,629536,4096
1625724995,114301550,629544,4096
1625724995,114302623,629552,4096
1625724995,114302623,629560,4096
1625724995,114302623,629568,4096
1625724995,114302623,629576,4096
1625724995,121541234,11939888,3584
1625724995,250949512,10193344,4096
1625724995,250949512,10193352,4096
1625724995,250949512,10193360,4096
1625724995,250949512,10193368,4096
1625724995,250949512,10193376,4096
1625724995,250950585,10193384,4096
1625724995,250950585,10193392,4096
1625724995,250950585,10193400,4096
1625724995,250950585,10193408,4096
1625724995,250950585,10193416,4096
1625724995,250950585,10193424,4096
1625724995,250951659,10193432,4096
1625724995,250951659,10193440,4096
1625724995,250951659,10193448,4096
1625724995,250951659,10193456,4096
1625724995,250951659,10193464,4096
1625724995,250951659,10193472,4096
1625724995,250951659,10193480,4096
1625724995,250952732,10193488,3072
1625724995,251125566,10193494,4096
1625724995,251125566,10193502,4096
1625724995,251125566,10193510,4096
1625724995,251126639,10193518,4096
1625724995,251126639,10193526,4096
1625724995,251126639,10193534,4096
1625724995,251126639,10193542,4096
1625724995,251126639,10193550,4096
1625724995,251127713,10193558,4096
1625724995,251127713,10193566,4096
1625724995,251127713,10193574,4096
1625724995,251127713,10193582,4096
1625724995,251127713,10193590,4096
1625724995,251127713,10193598,4096
1625724995,251128786,10193606,4096
1625724995,251128786,10193614,4096
1625724995,251128786,10193622,4096
1625724995,251128786,10193630,4096
1625724995,251128786,10193638,3072
1625724995,251275856,10193644,4096
1625724995,251276929,10193652,4096
1625724995,251276929,10193660,4096
1625724995,251276929,10193668,4096
1625724995,251276929,10193676,4096
1625724995,251276929,10193684,4096
1625724995,251278003,10193692,4096
1625724995,251278003,10193700,4096
1625724995,251278003,10193708,4096
1625724995,251278003,10193716,4096
1625724995,251278003,10193724,4096
1625724995,251278003,10193732,4096
1625724995,251279076,10193740,4096
1625724995,251279076,10193748,4096
1625724995,251279076,10193756,4096
1625724995,251279076,10193764,4096
1625724995,251279076,10193772,4096
1625724995,251279076,10193780,4096
1625724995,251279076,10193788,2048
1625724995,251423999,45497152,4096
1625724995,251425072,45497160,4096
1625724995,251425072,45497168,4096
1625724995,251425072,45497176,4096
1625724995,251425072,45497184,4096
1625724995,251425072,45497192,4096
1625724995,251425072,45497200,4096
1625724995,251425072,45497208,4096
1625724995,251640846,5236672,4096
1625724995,251641919,5236680,4096
1625724995,251641919,5236688,4096
1625724995,251641919,5236696,4096
1625724995,251641919,5236704,4096
1625724995,251641919,5236712,4096
1625724995,251642993,5236720,4096
1625724995,251642993,5236728,4096
1625724995,251642993,5236736,4096
1625724995,251642993,5236744,4096
1625724995,251642993,5236752,4096
1625724995,251642993,5236760,4096
1625724995,251642993,5236768,4096
1625724995,251644066,5236776,4096
1625724995,251644066,5236784,4096
1625724995,251644066,5236792,4096
1625724995,251644066,5236800,4096
1625724995,251644066,5236808,4096
1625724995,251644066,5236816,4096
1625724995,251645140,5236824,4096
1625724995,251645140,5236832,4096
1625724995,251645140,5236840,1536
1625724995,251836223,5236843,4096
1625724995,251837296,5236851,4096
1625724995,251837296,5236859,4096
1625724995,251837296,5236867,4096
1625724995,251837296,5236875,4096
1625724995,251837296,5236883,4096
1625724995,251837296,5236891,4096
1625724995,251837296,5236899,4096
1625724995,251838370,5236907,4096
1625724995,251838370,5236915,4096
1625724995,251838370,5236923,4096
1625724995,251838370,5236931,4096
1625724995,251838370,5236939,4096
1625724995,251838370,5236947,4096
1625724995,251839443,5236955,4096
1625724995,251839443,5236963,4096
1625724995,251839443,5236971,4096
1625724995,251839443,5236979,4096
1625724995,251839443,5236987,4096
1625724995,251839443,5236995,4096
1625724995,251840517,5237003,4096
1625724995,251840517,5237011,1536
1625724995,252007983,5237014,4096
1625724995,252009056,5237022,4096
1625724995,252009056,5237030,4096
1625724995,252009056,5237038,4096
1625724995,252009056,5237046,4096
1625724995,252009056,5237054,4096
1625724995,252009056,5237062,4096
1625724995,252010130,5237070,4096
1625724995,252010130,5237078,4096
1625724995,252010130,5237086,4096
1625724995,252010130,5237094,4096
1625724995,252010130,5237102,4096
1625724995,252010130,5237110,4096
1625724995,252011203,5237118,4096
1625724995,252011203,5237126,4096
1625724995,252011203,5237134,4096
1625724995,252011203,5237142,4096
1625724995,252011203,5237150,4096
1625724995,252011203,5237158,4096
1625724995,252011203,5237166,4096
1625724995,252012277,5237174,4096
1625724995,252012277,5237182,1024
1625724995,252177596,5237184,4096
1625724995,252177596,5237192,4096
1625724995,252178669,5237200,4096
1625724995,252178669,5237208,4096
1625724995,252178669,5237216,4096
1625724995,252178669,5237224,4096
1625724995,252178669,5237232,4096
1625724995,252178669,5237240,4096
1625724995,252179743,5237248,4096
1625724995,252179743,5237256,4096
1625724995,252179743,5237264,4096
1625724995,252179743,5237272,4096
1625724995,252179743,5237280,4096
1625724995,252179743,5237288,4096
1625724995,252180816,5237296,4096
1625724995,252180816,5237304,4096
1625724995,252180816,5237312,4096
1625724995,252180816,5237320,4096
1625724995,252180816,5237328,4096
1625724995,252180816,5237336,4096
1625724995,252180816,5237344,4096
1625724995,252181890,5237352,4096
1625724995,252356870,5237360,4096
1625724995,252357944,5237368,4096
1625724995,252357944,5237376,4096
1625724995,252357944,5237384,4096
1625724995,252357944,5237392,4096
1625724995,252357944,5237400,4096
1625724995,252357944,5237408,4096
1625724995,252359017,5237416,4096
1625724995,252359017,5237424,4096
1625724995,252359017,5237432,4096
1625724995,252359017,5237440,4096
1625724995,252359017,5237448,4096
1625724995,252359017,5237456,4096
1625724995,252360091,5237464,4096
1625724995,252360091,5237472,4096
1625724995,252360091,5237480,4096
1625724995,252360091,5237488,4096
1625724995,252360091,5237496,4096
1625724995,252360091,5237504,4096
1625724995,252361164,5237512,4096
1625724995,252361164,5237520,4096
1625724995,252361164,5237528,4096
1625724995,252830284,804224,4096
1625724995,252830284,804232,4096
1625724995,252830284,804240,4096
1625724995,252830284,804248,4096
1625724995,252830284,804256,4096
1625724995,252830284,804264,4096
1625724995,252831357,804272,4096
1625724995,252831357,804280,4096
1625724995,252831357,804288,4096
1625724995,252831357,804296,4096
1625724995,252831357,804304,4096
1625724995,252831357,804312,4096
1625724995,252832431,804320,4096
1625724995,252832431,804328,4096
1625724995,252832431,804336,4096
1625724995,252832431,804344,4096
1625724995,253148040,823904,4096
1625724995,253148040,823912,4096
1625724995,253148040,823920,4096
1625724995,253148040,823928,4096
1625724995,253149113,823936,4096
1625724995,253149113,823944,4096
1625724995,253149113,823952,4096
1625724995,253149113,823960,4096
1625724995,253149113,823968,4096
1625724995,253149113,823976,4096
1625724995,253150187,823984,4096
1625724995,253150187,823992,4096
1625724995,253150187,824000,4096
1625724995,253150187,824008,4096
1625724995,253150187,824016,4096
1625724995,253150187,824024,4096
1625724995,253560264,815200,4096
1625724995,253560264,815208,4096
1625724995,253560264,815216,4096
1625724995,253560264,815224,4096
1625724995,253561337,815232,4096
1625724995,253561337,815240,4096
1625724995,253561337,815248,4096
1625724995,253561337,815256,4096
1625724995,253561337,815264,4096
1625724995,253561337,815272,4096
1625724995,253911298,815280,4096
1625724995,253911298,815288,4096
1625724995,253911298,815296,4096
1625724995,253911298,815304,4096
1625724995,253911298,815312,4096
1625724995,253911298,815320,4096
1625724995,253912372,815328,4096
1625724995,253912372,815336,4096
1625724995,253912372,815344,4096
1625724995,253912372,815352,4096
1625724995,254300979,934848,4096
1625724995,254302052,934856,4096
1625724995,254302052,934864,4096
1625724995,254302052,934872,4096
1625724995,254302052,934880,4096
1625724995,254302052,934888,4096
1625724995,254302052,934896,4096
1625724995,254303126,934904,4096
1625724995,254303126,934912,4096
1625724995,254303126,934920,4096
1625724995,254303126,934928,4096
1625724995,254303126,934936,4096
1625724995,281171757,821344,4096
1625724995,281172831,821352,4096
1625724995,281172831,821360,4096
1625724995,281172831,821368,4096
1625724995,281172831,821376,4096
1625724995,281172831,821384,4096
1625724995,281172831,821392,4096
1625724995,281172831,821400,4096
1625724995,281172831,821408,4096
1625724995,281172831,821416,4096
1625724995,281173904,821424,4096
1625724995,281173904,821432,4096
1625724995,281173904,821440,4096
1625724995,281173904,821448,4096
1625724995,281173904,821456,4096
1625724995,281173904,821464,4096
1625724995,293946407,12155640,2560
1625724995,295319414,821472,4096
1625724995,295319414,821480,4096
1625724995,295320487,821488,4096
1625724995,295320487,821496,4096
1625724995,295511570,934976,4096
1625724995,295511570,934984,4096
1625724995,295511570,934992,4096
1625724995,295511570,935000,4096
1625724995,295511570,935008,4096
1625724995,295512644,935016,4096
1625724995,295512644,935024,4096
1625724995,295512644,935032,4096
1625724995,516763141,6860048,4096
1625724995,531537721,48937224,4096
1625724995,532210806,12158840,2048
1625724995,609532864,6860152,4096
1625724995,654021924,68283920,4096
1625724995,654022998,68283928,4096
1625724995,654022998,68283936,4096
1625724995,654022998,68283944,4096
1625724995,654683200,68283952,4096
1625724995,654683200,68283960,4096
1625724995,654683200,68283968,4096
1625724995,654683200,68283976,4096
1625724995,654683200,68283984,4096
1625724995,744479328,6860160,4096
1625724995,786522956,68291968,4096
1625724995,786522956,68291976,4096
1625724995,786522956,68291984,4096
1625724995,786522956,68291992,4096
1625724995,787259377,68292000,4096
1625724995,787259377,68292008,4096
1625724995,787259377,68292016,4096
1625724995,787259377,68292024,4096
1625724995,787259377,68292032,2560
1625724995,966950395,6860344,4096
1625724996,10395051,61894824,4096
1625724996,10396125,61894832,4096
1625724996,10396125,61894840,4096
1625724996,10396125,61894848,4096
1625724996,10396125,61894856,4096
1625724996,10396125,61894864,4096
1625724996,10396125,61894872,4096
1625724996,10396125,61894880,4096
1625724996,10396125,61894888,4096
1625724996,10396125,61894896,4096
1625724996,10397198,61894904,4096
1625724996,10397198,61894912,4096
1625724996,10397198,61894920,4096
1625724996,10397198,61894928,4096
1625724996,10397198,61894936,4096
1625724996,10397198,61894944,4096
1625724996,10523871,61894952,4096
1625724996,10523871,61894960,4096
1625724996,10523871,61894968,4096
1625724996,10523871,61894976,4096
1625724996,10523871,61894984,4096
1625724996,10523871,61894992,4096
1625724996,10523871,61895000,4096
1625724996,10524945,61895008,4096
1625724996,10524945,61895016,4096
1625724996,10524945,61895024,4096
1625724996,10524945,61895032,4096
1625724996,10524945,61895040,4096
1625724996,10524945,61895048,4096
1625724996,10524945,61895056,4096
1625724996,10524945,61895064,4096
1625724996,10524945,61895072,4096
1625724996,14704080,61895080,4096
1625724996,14705154,61895088,4096
1625724996,14705154,61895096,4096
1625724996,14705154,61895104,4096
1625724996,14705154,61895112,4096
1625724996,14705154,61895120,4096
1625724996,14705154,61895128,4096
1625724996,14705154,61895136,4096
1625724996,14705154,61895144,4096
1625724996,14706227,61895152,4096
1625724996,14706227,61895160,4096
1625724996,14706227,61895168,4096
1625724996,14706227,61895176,4096
1625724996,14706227,61895184,4096
1625724996,14706227,61895192,1536
1625724996,14816798,61895195,4096
1625724996,14816798,61895203,4096
1625724996,14817871,61895211,4096
1625724996,14817871,61895219,4096
1625724996,14817871,61895227,4096
1625724996,14817871,61895235,4096
1625724996,14817871,61895243,4096
1625724996,14817871,61895251,4096
1625724996,14817871,61895259,4096
1625724996,14817871,61895267,4096
1625724996,14818945,61895275,4096
1625724996,14818945,61895283,4096
1625724996,14818945,61895291,4096
1625724996,14818945,61895299,4096
1625724996,14818945,61895307,1536
1625724996,1569808,61894312,4096
1625724996,1570881,61894320,4096
1625724996,1570881,61894328,4096
1625724996,1570881,61894336,4096
1625724996,1570881,61894344,4096
1625724996,1570881,61894352,4096
1625724996,1570881,61894360,4096
1625724996,1570881,61894368,4096
1625724996,1570881,61894376,4096
1625724996,1570881,61894384,4096
1625724996,1571955,61894392,4096
1625724996,1571955,61894400,4096
1625724996,1571955,61894408,4096
1625724996,1571955,61894416,4096
1625724996,1571955,61894424,4096
1625724996,1571955,61894432,4096
1625724996,1695407,61894440,4096
1625724996,1695407,61894448,4096
1625724996,1695407,61894456,4096
1625724996,1695407,61894464,4096
1625724996,1695407,61894472,4096
1625724996,1696481,61894480,4096
1625724996,1696481,61894488,4096
1625724996,1696481,61894496,4096
1625724996,1696481,61894504,4096
1625724996,1696481,61894512,4096
1625724996,1696481,61894520,4096
1625724996,1696481,61894528,4096
1625724996,1696481,61894536,4096
1625724996,1696481,61894544,4096
1625724996,1697554,61894552,4096
1625724996,1697554,61894560,4096
1625724996,5976525,61894568,4096
1625724996,5976525,61894576,4096
1625724996,5976525,61894584,4096
1625724996,5976525,61894592,4096
1625724996,5976525,61894600,4096
1625724996,5977599,61894608,4096
1625724996,5977599,61894616,4096
1625724996,5977599,61894624,4096
1625724996,5977599,61894632,4096
1625724996,5977599,61894640,4096
1625724996,5977599,61894648,4096
1625724996,5977599,61894656,4096
1625724996,5977599,61894664,4096
1625724996,5977599,61894672,4096
1625724996,5977599,61894680,4096
1625724996,5978672,61894688,4096
1625724996,6102125,61894696,4096
1625724996,6102125,61894704,4096
1625724996,6103198,61894712,4096
1625724996,6103198,61894720,4096
1625724996,6103198,61894728,4096
1625724996,6103198,61894736,4096
1625724996,6103198,61894744,4096
1625724996,6103198,61894752,4096
1625724996,6103198,61894760,4096
1625724996,6103198,61894768,4096
1625724996,6103198,61894776,4096
1625724996,6104272,61894784,4096
1625724996,6104272,61894792,4096
1625724996,6104272,61894800,4096
1625724996,6104272,61894808,4096
1625724996,6104272,61894816,4096
